15-04824869,60603.0,42.0,1.0,32.0
15-04824851,60603.0,42.0,1.0,32.0
15-04824860,60603.0,42.0,1.0,32.0
15-04655807,60603.0,42.0,1.0,32.0
15-04655772,60603.0,42.0,1.0,32.0
15-04520650,60603.0,42.0,1.0,32.0
15-04520656,60603.0,42.0,1.0,32.0
15-04504180,60603.0,42.0,1.0,32.0
15-04328413,60603.0,42.0,1.0,32.0
15-04330705,60603.0,42.0,1.0,32.0
15-04328396,60603.0,42.0,1.0,32.0
15-04329101,60603.0,42.0,1.0,32.0
15-04296960,60603.0,42.0,1.0,32.0
15-04246381,60603.0,42.0,1.0,32.0
15-04246390,60603.0,42.0,1.0,32.0
15-04215646,60603.0,42.0,1.0,32.0
15-04215191,60603.0,42.0,1.0,32.0
15-04180566,60603.0,42.0,1.0,32.0
15-04143153,60603.0,42.0,1.0,32.0
15-04061823,60603.0,42.0,1.0,32.0
15-04061862,60603.0,42.0,1.0,32.0
15-04070953,60603.0,42.0,1.0,32.0
15-04005010,60603.0,42.0,1.0,32.0
15-04006493,60603.0,42.0,1.0,32.0
15-04007105,60603.0,42.0,1.0,32.0
15-04006441,60603.0,42.0,1.0,32.0
15-04006620,60603.0,42.0,1.0,32.0
15-04006667,60603.0,42.0,1.0,32.0
15-04006639,60603.0,42.0,1.0,32.0
15-04006656,60603.0,42.0,1.0,32.0
15-04006943,60603.0,42.0,1.0,32.0
15-04006585,60603.0,42.0,1.0,32.0
15-04005022,60603.0,42.0,1.0,32.0
15-03909315,60603.0,42.0,1.0,32.0
15-03909313,60603.0,42.0,1.0,32.0
15-03908831,60603.0,42.0,1.0,32.0
15-03908869,60603.0,42.0,1.0,32.0
15-03908923,60603.0,42.0,1.0,32.0
15-03691258,60603.0,42.0,1.0,32.0
15-03685897,60603.0,42.0,1.0,32.0
15-03685949,60603.0,42.0,1.0,32.0
15-03594454,60603.0,42.0,1.0,32.0
15-03414064,60603.0,42.0,1.0,32.0
15-03416029,60603.0,42.0,1.0,32.0
15-03393690,60603.0,42.0,1.0,32.0
15-03394355,60603.0,42.0,1.0,32.0
15-03270812,60603.0,42.0,1.0,32.0
15-03109628,60603.0,42.0,1.0,32.0
15-03109639,60603.0,42.0,1.0,32.0
15-03109673,60603.0,42.0,1.0,32.0
15-03109666,60603.0,42.0,1.0,32.0
15-03109723,60603.0,42.0,1.0,32.0
15-03109739,60603.0,42.0,1.0,32.0
15-03115229,60603.0,42.0,1.0,32.0
15-02965826,60603.0,42.0,1.0,32.0
15-02981831,60603.0,42.0,1.0,32.0
15-02800805,60603.0,42.0,1.0,32.0
15-02800796,60603.0,42.0,1.0,32.0
15-02798251,60603.0,42.0,1.0,32.0
15-02797982,60603.0,42.0,1.0,32.0
15-02798218,60603.0,42.0,1.0,32.0
15-02798165,60603.0,42.0,1.0,32.0
15-02798239,60603.0,42.0,1.0,32.0
15-02798350,60603.0,42.0,1.0,32.0
15-02798400,60603.0,42.0,1.0,32.0
15-02782673,60603.0,42.0,1.0,32.0
15-02558305,60603.0,42.0,1.0,32.0
15-02558344,60603.0,42.0,1.0,32.0
15-02489374,60603.0,42.0,1.0,32.0
15-02489363,60603.0,42.0,1.0,32.0
15-02489223,60603.0,42.0,1.0,32.0
15-02489197,60603.0,42.0,1.0,32.0
15-02489207,60603.0,42.0,1.0,32.0
15-02445278,60603.0,42.0,1.0,32.0
15-02446270,60603.0,42.0,1.0,32.0
15-02446274,60603.0,42.0,1.0,32.0
15-02446263,60603.0,42.0,1.0,32.0
15-02445323,60603.0,42.0,1.0,32.0
15-02445297,60603.0,42.0,1.0,32.0
15-02446282,60603.0,42.0,1.0,32.0
15-02423257,60603.0,42.0,1.0,32.0
15-02332009,60603.0,42.0,1.0,32.0
15-02253940,60603.0,42.0,1.0,32.0
15-02152463,60603.0,42.0,1.0,32.0
15-02100773,60603.0,42.0,1.0,32.0
15-02098391,60603.0,42.0,1.0,32.0
15-02098394,60603.0,42.0,1.0,32.0
15-02098394,60603.0,42.0,1.0,32.0
15-01980173,60603.0,42.0,1.0,32.0
15-01922700,60603.0,42.0,1.0,32.0
15-01922666,60603.0,42.0,1.0,32.0
15-01903556,60603.0,42.0,1.0,32.0
15-01880557,60603.0,42.0,1.0,32.0
15-01784246,60603.0,42.0,1.0,32.0
15-01784257,60603.0,42.0,1.0,32.0
15-01782586,60603.0,42.0,1.0,32.0
15-01782563,60603.0,42.0,1.0,32.0
15-01782583,60603.0,42.0,1.0,32.0
15-01719426,60603.0,42.0,1.0,32.0
15-01644833,60603.0,42.0,1.0,32.0
15-01644818,60603.0,42.0,1.0,32.0
15-01643817,60603.0,42.0,1.0,32.0
15-01643804,60603.0,42.0,1.0,32.0
15-01644810,60603.0,42.0,1.0,32.0
15-01644843,60603.0,42.0,1.0,32.0
15-01386045,60603.0,42.0,1.0,32.0
15-01386076,60603.0,42.0,1.0,32.0
15-01386070,60603.0,42.0,1.0,32.0
15-01386062,60603.0,42.0,1.0,32.0
15-01386534,60603.0,42.0,1.0,32.0
15-01321732,60603.0,42.0,1.0,32.0
15-01321720,60603.0,42.0,1.0,32.0
15-01321737,60603.0,42.0,1.0,32.0
15-01319561,60603.0,42.0,1.0,32.0
15-01236746,60603.0,42.0,1.0,32.0
15-01216167,60603.0,42.0,1.0,32.0
15-01216157,60603.0,42.0,1.0,32.0
15-01206498,60603.0,42.0,1.0,32.0
15-01206461,60603.0,42.0,1.0,32.0
15-01146617,60603.0,42.0,1.0,32.0
15-01118745,60603.0,42.0,1.0,32.0
15-01120379,60603.0,42.0,1.0,32.0
15-00918239,60603.0,42.0,1.0,32.0
15-00918222,60603.0,42.0,1.0,32.0
15-00918230,60603.0,42.0,1.0,32.0
15-00918208,60603.0,42.0,1.0,32.0
15-00918199,60603.0,42.0,1.0,32.0
15-00918175,60603.0,42.0,1.0,32.0
15-00833814,60603.0,42.0,1.0,32.0
15-00835490,60603.0,42.0,1.0,32.0
15-00819917,60603.0,42.0,1.0,32.0
15-00806451,60603.0,42.0,1.0,32.0
15-00806359,60603.0,42.0,1.0,32.0
15-00806439,60603.0,42.0,1.0,32.0
15-00806616,60603.0,42.0,1.0,32.0
15-00806609,60603.0,42.0,1.0,32.0
15-00806601,60603.0,42.0,1.0,32.0
15-00809305,60603.0,42.0,1.0,32.0
15-00528642,60603.0,42.0,1.0,32.0
15-00507264,60603.0,42.0,1.0,32.0
15-00443522,60603.0,42.0,1.0,32.0
15-00443597,60603.0,42.0,1.0,32.0
15-00450050,60603.0,42.0,1.0,32.0
15-00391219,60603.0,42.0,1.0,32.0
15-00349261,60603.0,42.0,1.0,32.0
15-00288932,60603.0,42.0,1.0,32.0
15-00250852,60603.0,42.0,1.0,32.0
15-00250905,60603.0,42.0,1.0,32.0
15-00244735,60603.0,42.0,1.0,32.0
15-00140350,60603.0,42.0,1.0,32.0
15-00125697,60603.0,42.0,1.0,32.0
15-00125417,60603.0,42.0,1.0,32.0
15-00125504,60603.0,42.0,1.0,32.0
15-00108164,60603.0,42.0,1.0,32.0
15-00108575,60603.0,42.0,1.0,32.0
15-00033709,60603.0,42.0,1.0,32.0
15-00006013,60603.0,42.0,1.0,32.0
15-00006005,60603.0,42.0,1.0,32.0
14-02196487,60603.0,42.0,1.0,32.0
14-02181064,60603.0,42.0,1.0,32.0
14-02180961,60603.0,42.0,1.0,32.0
14-02178532,60603.0,42.0,1.0,32.0
14-02166121,60603.0,42.0,1.0,32.0
14-02166126,60603.0,42.0,1.0,32.0
14-02144937,60603.0,42.0,1.0,32.0
14-02144945,60603.0,42.0,1.0,32.0
14-02140167,60603.0,42.0,1.0,32.0
14-02137913,60603.0,42.0,1.0,32.0
14-02137876,60603.0,42.0,1.0,32.0
14-02137955,60603.0,42.0,1.0,32.0
14-02140035,60603.0,42.0,1.0,32.0
14-02140133,60603.0,42.0,1.0,32.0
14-02126179,60603.0,42.0,1.0,32.0
14-02086775,60603.0,42.0,1.0,32.0
14-02047170,60603.0,42.0,1.0,32.0
14-02047167,60603.0,42.0,1.0,32.0
14-02025141,60603.0,42.0,1.0,32.0
14-02025146,60603.0,42.0,1.0,32.0
14-01980379,60603.0,42.0,1.0,32.0
14-01945832,60603.0,42.0,1.0,32.0
14-01940088,60603.0,42.0,1.0,32.0
14-01919420,60603.0,42.0,1.0,32.0
14-01915626,60603.0,42.0,1.0,32.0
14-01915690,60603.0,42.0,1.0,32.0
14-01903917,60603.0,42.0,1.0,32.0
14-01903896,60603.0,42.0,1.0,32.0
14-01903891,60603.0,42.0,1.0,32.0
14-01893397,60603.0,42.0,1.0,32.0
14-01893387,60603.0,42.0,1.0,32.0
14-01873730,60603.0,42.0,1.0,32.0
14-01846700,60603.0,42.0,1.0,32.0
14-01831304,60603.0,42.0,1.0,32.0
14-01811450,60603.0,42.0,1.0,32.0
14-01762962,60603.0,42.0,1.0,32.0
14-01755887,60603.0,42.0,1.0,32.0
14-01706273,60603.0,42.0,1.0,32.0
14-01660266,60603.0,42.0,1.0,32.0
14-01660200,60603.0,42.0,1.0,32.0
14-01660219,60603.0,42.0,1.0,32.0
14-01660208,60603.0,42.0,1.0,32.0
14-01650403,60603.0,42.0,1.0,32.0
14-01650553,60603.0,42.0,1.0,32.0
14-01637131,60603.0,42.0,1.0,32.0
14-01637133,60603.0,42.0,1.0,32.0
14-01597212,60603.0,42.0,1.0,32.0
14-01577545,60603.0,42.0,1.0,32.0
14-01538317,60603.0,42.0,1.0,32.0
14-01514126,60603.0,42.0,1.0,32.0
14-01477736,60603.0,42.0,1.0,32.0
14-01469597,60603.0,42.0,1.0,32.0
14-01469609,60603.0,42.0,1.0,32.0
14-01443480,60603.0,42.0,1.0,32.0
14-01442721,60603.0,42.0,1.0,32.0
14-01442703,60603.0,42.0,1.0,32.0
14-01442712,60603.0,42.0,1.0,32.0
14-01435328,60603.0,42.0,1.0,32.0
14-01436060,60603.0,42.0,1.0,32.0
14-01436053,60603.0,42.0,1.0,32.0
14-01416363,60603.0,42.0,1.0,32.0
14-01416661,60603.0,42.0,1.0,32.0
14-01416639,60603.0,42.0,1.0,32.0
14-01416632,60603.0,42.0,1.0,32.0
14-01406697,60603.0,42.0,1.0,32.0
14-01406666,60603.0,42.0,1.0,32.0
14-01406655,60603.0,42.0,1.0,32.0
14-01406734,60603.0,42.0,1.0,32.0
14-01348812,60603.0,42.0,1.0,32.0
14-01341152,60603.0,42.0,1.0,32.0
14-01326617,60603.0,42.0,1.0,32.0
14-01313449,60603.0,42.0,1.0,32.0
14-01313914,60603.0,42.0,1.0,32.0
14-01313235,60603.0,42.0,1.0,32.0
14-01313234,60603.0,42.0,1.0,32.0
14-01313230,60603.0,42.0,1.0,32.0
14-01301617,60603.0,42.0,1.0,32.0
14-01297830,60603.0,42.0,1.0,32.0
14-01292875,60603.0,42.0,1.0,32.0
14-01292005,60603.0,42.0,1.0,32.0
14-01292185,60603.0,42.0,1.0,32.0
14-01269529,60603.0,42.0,1.0,32.0
14-01269532,60603.0,42.0,1.0,32.0
14-01269510,60603.0,42.0,1.0,32.0
14-01269409,60603.0,42.0,1.0,32.0
14-01269405,60603.0,42.0,1.0,32.0
14-01269393,60603.0,42.0,1.0,32.0
14-01269400,60603.0,42.0,1.0,32.0
14-01264333,60603.0,42.0,1.0,32.0
14-01258860,60603.0,42.0,1.0,32.0
14-01255190,60603.0,42.0,1.0,32.0
14-01231275,60603.0,42.0,1.0,32.0
14-01195028,60603.0,42.0,1.0,32.0
14-01195431,60603.0,42.0,1.0,32.0
14-01178703,60603.0,42.0,1.0,32.0
14-01178800,60603.0,42.0,1.0,32.0
14-01175292,60603.0,42.0,1.0,32.0
14-01169357,60603.0,42.0,1.0,32.0
14-01159874,60603.0,42.0,1.0,32.0
14-01158196,60603.0,42.0,1.0,32.0
14-01156259,60603.0,42.0,1.0,32.0
14-01138492,60603.0,42.0,1.0,32.0
14-01139189,60603.0,42.0,1.0,32.0
14-01136952,60603.0,42.0,1.0,32.0
14-01139155,60603.0,42.0,1.0,32.0
14-01136564,60603.0,42.0,1.0,32.0
14-01130450,60603.0,42.0,1.0,32.0
14-01121582,60603.0,42.0,1.0,32.0
14-01108946,60603.0,42.0,1.0,32.0
14-01109219,60603.0,42.0,1.0,32.0
14-01108285,60603.0,42.0,1.0,32.0
14-01108771,60603.0,42.0,1.0,32.0
14-01096949,60603.0,42.0,1.0,32.0
14-01080302,60603.0,42.0,1.0,32.0
14-01080311,60603.0,42.0,1.0,32.0
14-01067908,60603.0,42.0,1.0,32.0
14-01011957,60603.0,42.0,1.0,32.0
14-00996670,60603.0,42.0,1.0,32.0
14-00997026,60603.0,42.0,1.0,32.0
14-00979738,60603.0,42.0,1.0,32.0
14-00962442,60603.0,42.0,1.0,32.0
14-00963069,60603.0,42.0,1.0,32.0
14-00929974,60603.0,42.0,1.0,32.0
14-00875856,60603.0,42.0,1.0,32.0
14-00875852,60603.0,42.0,1.0,32.0
14-00875847,60603.0,42.0,1.0,32.0
14-00875837,60603.0,42.0,1.0,32.0
14-00875828,60603.0,42.0,1.0,32.0
14-00735800,60603.0,42.0,1.0,32.0
14-00724644,60603.0,42.0,1.0,32.0
14-00716645,60603.0,42.0,1.0,32.0
14-00716653,60603.0,42.0,1.0,32.0
14-00716710,60603.0,42.0,1.0,32.0
14-00716739,60603.0,42.0,1.0,32.0
14-00708804,60603.0,42.0,1.0,32.0
14-00701118,60603.0,42.0,1.0,32.0
14-00701118,60603.0,42.0,1.0,32.0
14-00679176,60603.0,42.0,1.0,32.0
14-00671531,60603.0,42.0,1.0,32.0
14-00637964,60603.0,42.0,1.0,32.0
14-00631549,60603.0,42.0,1.0,32.0
14-00625222,60603.0,42.0,1.0,32.0
14-00543271,60603.0,42.0,1.0,32.0
14-00502899,60603.0,42.0,1.0,32.0
14-00502904,60603.0,42.0,1.0,32.0
14-00503158,60603.0,42.0,1.0,32.0
14-00503082,60603.0,42.0,1.0,32.0
14-00503211,60603.0,42.0,1.0,32.0
14-00503202,60603.0,42.0,1.0,32.0
14-00494153,60603.0,42.0,1.0,32.0
14-00460842,60603.0,42.0,1.0,32.0
14-00426657,60603.0,42.0,1.0,32.0
14-00426667,60603.0,42.0,1.0,32.0
14-00405157,60603.0,42.0,1.0,32.0
14-00398405,60603.0,42.0,1.0,32.0
14-00384094,60603.0,42.0,1.0,32.0
14-00384131,60603.0,42.0,1.0,32.0
14-00345828,60603.0,42.0,1.0,32.0
14-00313347,60603.0,42.0,1.0,32.0
14-00187731,60603.0,42.0,1.0,32.0
14-00182404,60603.0,42.0,1.0,32.0
14-00147111,60603.0,42.0,1.0,32.0
14-00123012,60603.0,42.0,1.0,32.0
14-00122387,60603.0,42.0,1.0,32.0
14-00096262,60603.0,42.0,1.0,32.0
14-00084801,60603.0,42.0,1.0,32.0
14-00085044,60603.0,42.0,1.0,32.0
14-00084923,60603.0,42.0,1.0,32.0
14-00064462,60603.0,42.0,1.0,32.0
14-00064453,60603.0,42.0,1.0,32.0
14-00064448,60603.0,42.0,1.0,32.0
14-00064469,60603.0,42.0,1.0,32.0
14-00007281,60603.0,42.0,1.0,32.0
14-00007277,60603.0,42.0,1.0,32.0
13-01907570,60603.0,42.0,1.0,32.0
13-01879010,60603.0,42.0,1.0,32.0
13-01879005,60603.0,42.0,1.0,32.0
13-01855300,60603.0,42.0,1.0,32.0
13-01855313,60603.0,42.0,1.0,32.0
13-01841945,60603.0,42.0,1.0,32.0
13-01842893,60603.0,42.0,1.0,32.0
13-01842966,60603.0,42.0,1.0,32.0
13-01841887,60603.0,42.0,1.0,32.0
13-01841865,60603.0,42.0,1.0,32.0
13-01841920,60603.0,42.0,1.0,32.0
13-01842001,60603.0,42.0,1.0,32.0
13-01844566,60603.0,42.0,1.0,32.0
13-01830905,60603.0,42.0,1.0,32.0
13-01830161,60603.0,42.0,1.0,32.0
13-01830158,60603.0,42.0,1.0,32.0
13-01830156,60603.0,42.0,1.0,32.0
13-01827256,60603.0,42.0,1.0,32.0
13-01817503,60603.0,42.0,1.0,32.0
13-01811755,60603.0,42.0,1.0,32.0
13-01785500,60603.0,42.0,1.0,32.0
13-01765780,60603.0,42.0,1.0,32.0
13-01765770,60603.0,42.0,1.0,32.0
13-01765784,60603.0,42.0,1.0,32.0
13-01756644,60603.0,42.0,1.0,32.0
13-01748655,60603.0,42.0,1.0,32.0
13-01733304,60603.0,42.0,1.0,32.0
13-01734679,60603.0,42.0,1.0,32.0
13-01734670,60603.0,42.0,1.0,32.0
13-01728563,60603.0,42.0,1.0,32.0
13-01728569,60603.0,42.0,1.0,32.0
13-01728586,60603.0,42.0,1.0,32.0
13-01714736,60603.0,42.0,1.0,32.0
13-01714724,60603.0,42.0,1.0,32.0
13-01714729,60603.0,42.0,1.0,32.0
13-01714949,60603.0,42.0,1.0,32.0
13-01714944,60603.0,42.0,1.0,32.0
13-01700755,60603.0,42.0,1.0,32.0
13-01681136,60603.0,42.0,1.0,32.0
13-01678520,60603.0,42.0,1.0,32.0
13-01678531,60603.0,42.0,1.0,32.0
13-01674607,60603.0,42.0,1.0,32.0
13-01671401,60603.0,42.0,1.0,32.0
13-01664419,60603.0,42.0,1.0,32.0
13-01658508,60603.0,42.0,1.0,32.0
13-01658490,60603.0,42.0,1.0,32.0
13-01662121,60603.0,42.0,1.0,32.0
13-01641245,60603.0,42.0,1.0,32.0
13-01634709,60603.0,42.0,1.0,32.0
13-01622058,60603.0,42.0,1.0,32.0
13-01621634,60603.0,42.0,1.0,32.0
13-01610809,60603.0,42.0,1.0,32.0
13-01607036,60603.0,42.0,1.0,32.0
13-01597378,60603.0,42.0,1.0,32.0
13-01597360,60603.0,42.0,1.0,32.0
13-01597639,60603.0,42.0,1.0,32.0
13-01597642,60603.0,42.0,1.0,32.0
13-01579061,60603.0,42.0,1.0,32.0
13-01579737,60603.0,42.0,1.0,32.0
13-01579721,60603.0,42.0,1.0,32.0
13-01568716,60603.0,42.0,1.0,32.0
13-01553053,60603.0,42.0,1.0,32.0
13-01536829,60603.0,42.0,1.0,32.0
13-01522604,60603.0,42.0,1.0,32.0
13-01514329,60603.0,42.0,1.0,32.0
13-01514832,60603.0,42.0,1.0,32.0
13-01514825,60603.0,42.0,1.0,32.0
13-01524908,60603.0,42.0,1.0,32.0
13-01509797,60603.0,42.0,1.0,32.0
13-01471631,60603.0,42.0,1.0,32.0
13-01465272,60603.0,42.0,1.0,32.0
13-01447975,60603.0,42.0,1.0,32.0
13-01441293,60603.0,42.0,1.0,32.0
13-01429229,60603.0,42.0,1.0,32.0
13-01429217,60603.0,42.0,1.0,32.0
13-01420979,60603.0,42.0,1.0,32.0
13-01421014,60603.0,42.0,1.0,32.0
13-01407018,60603.0,42.0,1.0,32.0
13-01399255,60603.0,42.0,1.0,32.0
13-01375540,60603.0,42.0,1.0,32.0
13-01381400,60603.0,42.0,1.0,32.0
13-01377914,60603.0,42.0,1.0,32.0
13-01368905,60603.0,42.0,1.0,32.0
13-01357710,60603.0,42.0,1.0,32.0
13-01346205,60603.0,42.0,1.0,32.0
13-01309031,60603.0,42.0,1.0,32.0
13-01309019,60603.0,42.0,1.0,32.0
13-01309025,60603.0,42.0,1.0,32.0
13-01290297,60603.0,42.0,1.0,32.0
13-01291156,60603.0,42.0,1.0,32.0
13-01291136,60603.0,42.0,1.0,32.0
13-01282476,60603.0,42.0,1.0,32.0
13-01252842,60603.0,42.0,1.0,32.0
13-01246616,60603.0,42.0,1.0,32.0
13-01246030,60603.0,42.0,1.0,32.0
13-01246026,60603.0,42.0,1.0,32.0
13-01230629,60603.0,42.0,1.0,32.0
13-01230945,60603.0,42.0,1.0,32.0
13-01195074,60603.0,42.0,1.0,32.0
13-01158587,60603.0,42.0,1.0,32.0
13-01132779,60603.0,42.0,1.0,32.0
13-01113934,60603.0,42.0,1.0,32.0
13-01114308,60603.0,42.0,1.0,32.0
13-01112362,60603.0,42.0,1.0,32.0
13-01112370,60603.0,42.0,1.0,32.0
13-01099522,60603.0,42.0,1.0,32.0
13-01075496,60603.0,42.0,1.0,32.0
13-01062833,60603.0,42.0,1.0,32.0
13-01050464,60603.0,42.0,1.0,32.0
13-01050465,60603.0,42.0,1.0,32.0
13-01036875,60603.0,42.0,1.0,32.0
13-01040851,60603.0,42.0,1.0,32.0
13-01040740,60603.0,42.0,1.0,32.0
13-01020436,60603.0,42.0,1.0,32.0
13-00974059,60603.0,42.0,1.0,32.0
13-00971579,60603.0,42.0,1.0,32.0
13-00896712,60603.0,42.0,1.0,32.0
13-00897444,60603.0,42.0,1.0,32.0
13-00897441,60603.0,42.0,1.0,32.0
13-00883408,60603.0,42.0,1.0,32.0
13-00883407,60603.0,42.0,1.0,32.0
13-00883399,60603.0,42.0,1.0,32.0
13-00828900,60603.0,42.0,1.0,32.0
13-00808011,60603.0,42.0,1.0,32.0
13-00732541,60603.0,42.0,1.0,32.0
13-00706539,60603.0,42.0,1.0,32.0
13-00706531,60603.0,42.0,1.0,32.0
13-00705791,60603.0,42.0,1.0,32.0
13-00704811,60603.0,42.0,1.0,32.0
13-00704227,60603.0,42.0,1.0,32.0
13-00646744,60603.0,42.0,1.0,32.0
13-00642074,60603.0,42.0,1.0,32.0
13-00642089,60603.0,42.0,1.0,32.0
13-00631374,60603.0,42.0,1.0,32.0
13-00597831,60603.0,42.0,1.0,32.0
13-00577422,60603.0,42.0,1.0,32.0
13-00575053,60603.0,42.0,1.0,32.0
13-00568577,60603.0,42.0,1.0,32.0
13-00561244,60603.0,42.0,1.0,32.0
13-00538243,60603.0,42.0,1.0,32.0
13-00513601,60603.0,42.0,1.0,32.0
13-00446415,60603.0,42.0,1.0,32.0
13-00446422,60603.0,42.0,1.0,32.0
13-00442763,60603.0,42.0,1.0,32.0
13-00412993,60603.0,42.0,1.0,32.0
13-00394611,60603.0,42.0,1.0,32.0
13-00394622,60603.0,42.0,1.0,32.0
13-00393761,60603.0,42.0,1.0,32.0
13-00394188,60603.0,42.0,1.0,32.0
13-00376701,60603.0,42.0,1.0,32.0
13-00372124,60603.0,42.0,1.0,32.0
13-00372110,60603.0,42.0,1.0,32.0
13-00368335,60603.0,42.0,1.0,32.0
13-00368330,60603.0,42.0,1.0,32.0
13-00368323,60603.0,42.0,1.0,32.0
13-00368563,60603.0,42.0,1.0,32.0
13-00362499,60603.0,42.0,1.0,32.0
13-00361304,60603.0,42.0,1.0,32.0
13-00350684,60603.0,42.0,1.0,32.0
13-00349202,60603.0,42.0,1.0,32.0
13-00350592,60603.0,42.0,1.0,32.0
13-00355169,60603.0,42.0,1.0,32.0
13-00355163,60603.0,42.0,1.0,32.0
13-00343954,60603.0,42.0,1.0,32.0
13-00343959,60603.0,42.0,1.0,32.0
13-00344133,60603.0,42.0,1.0,32.0
13-00344142,60603.0,42.0,1.0,32.0
13-00336321,60603.0,42.0,1.0,32.0
13-00336370,60603.0,42.0,1.0,32.0
13-00338199,60603.0,42.0,1.0,32.0
13-00332741,60603.0,42.0,1.0,32.0
13-00323590,60603.0,42.0,1.0,32.0
13-00324320,60603.0,42.0,1.0,32.0
13-00345061,60603.0,42.0,1.0,32.0
13-00319062,60603.0,42.0,1.0,32.0
13-00306009,60603.0,42.0,1.0,32.0
13-00306006,60603.0,42.0,1.0,32.0
13-00298416,60603.0,42.0,1.0,32.0
13-00298413,60603.0,42.0,1.0,32.0
13-00298853,60603.0,42.0,1.0,32.0
13-00293094,60603.0,42.0,1.0,32.0
13-00293082,60603.0,42.0,1.0,32.0
13-00292350,60603.0,42.0,1.0,32.0
13-00281641,60603.0,42.0,1.0,32.0
13-00281652,60603.0,42.0,1.0,32.0
13-00274941,60603.0,42.0,1.0,32.0
13-00253341,60603.0,42.0,1.0,32.0
13-00253364,60603.0,42.0,1.0,32.0
13-00254542,60603.0,42.0,1.0,32.0
13-00254488,60603.0,42.0,1.0,32.0
13-00254528,60603.0,42.0,1.0,32.0
13-00254553,60603.0,42.0,1.0,32.0
13-00249178,60603.0,42.0,1.0,32.0
13-00249418,60603.0,42.0,1.0,32.0
13-00249851,60603.0,42.0,1.0,32.0
13-00235165,60603.0,42.0,1.0,32.0
13-00214719,60603.0,42.0,1.0,32.0
13-00214706,60603.0,42.0,1.0,32.0
13-00195160,60603.0,42.0,1.0,32.0
13-00195188,60603.0,42.0,1.0,32.0
13-00178544,60603.0,42.0,1.0,32.0
13-00173625,60603.0,42.0,1.0,32.0
13-00173622,60603.0,42.0,1.0,32.0
13-00173616,60603.0,42.0,1.0,32.0
13-00173629,60603.0,42.0,1.0,32.0
13-00175333,60603.0,42.0,1.0,32.0
13-00161012,60603.0,42.0,1.0,32.0
13-00161015,60603.0,42.0,1.0,32.0
13-00161017,60603.0,42.0,1.0,32.0
13-00161023,60603.0,42.0,1.0,32.0
13-00161018,60603.0,42.0,1.0,32.0
13-00157843,60603.0,42.0,1.0,32.0
13-00149234,60603.0,42.0,1.0,32.0
13-00142433,60603.0,42.0,1.0,32.0
13-00142441,60603.0,42.0,1.0,32.0
13-00138356,60603.0,42.0,1.0,32.0
13-00138389,60603.0,42.0,1.0,32.0
13-00138509,60603.0,42.0,1.0,32.0
13-00138510,60603.0,42.0,1.0,32.0
13-00138518,60603.0,42.0,1.0,32.0
13-00127265,60603.0,42.0,1.0,32.0
13-00127380,60603.0,42.0,1.0,32.0
13-00117041,60603.0,42.0,1.0,32.0
13-00091280,60603.0,42.0,1.0,32.0
13-00051723,60603.0,42.0,1.0,32.0
13-00051737,60603.0,42.0,1.0,32.0
13-00051801,60603.0,42.0,1.0,32.0
13-00053095,60603.0,42.0,1.0,32.0
13-00051360,60603.0,42.0,1.0,32.0
13-00039091,60603.0,42.0,1.0,32.0
13-00041721,60603.0,42.0,1.0,32.0
13-00022031,60603.0,42.0,1.0,32.0
13-00015807,60603.0,42.0,1.0,32.0
12-02036717,60603.0,42.0,1.0,32.0
12-01992363,60603.0,42.0,1.0,32.0
12-01923894,60603.0,42.0,1.0,32.0
12-01920967,60603.0,42.0,1.0,32.0
12-01920968,60603.0,42.0,1.0,32.0
12-01762336,60603.0,42.0,1.0,32.0
12-01701748,60603.0,42.0,1.0,32.0
12-01693066,60603.0,42.0,1.0,32.0
12-01679474,60603.0,42.0,1.0,32.0
12-01680477,60603.0,42.0,1.0,32.0
12-01666713,60603.0,42.0,1.0,32.0
12-01627127,60603.0,42.0,1.0,32.0
12-01610470,60603.0,42.0,1.0,32.0
12-01572837,60603.0,42.0,1.0,32.0
12-01574694,60603.0,42.0,1.0,32.0
12-01574671,60603.0,42.0,1.0,32.0
12-01518802,60603.0,42.0,1.0,32.0
12-01522511,60603.0,42.0,1.0,32.0
12-01474443,60603.0,42.0,1.0,32.0
12-01442450,60603.0,42.0,1.0,32.0
12-01445196,60603.0,42.0,1.0,32.0
12-01424614,60603.0,42.0,1.0,32.0
12-01376282,60603.0,42.0,1.0,32.0
12-01367845,60603.0,42.0,1.0,32.0
12-01367808,60603.0,42.0,1.0,32.0
12-01367833,60603.0,42.0,1.0,32.0
12-01367868,60603.0,42.0,1.0,32.0
12-01302206,60603.0,42.0,1.0,32.0
12-01280381,60603.0,42.0,1.0,32.0
12-01202992,60603.0,42.0,1.0,32.0
12-01096592,60603.0,42.0,1.0,32.0
12-01098869,60603.0,42.0,1.0,32.0
12-01024508,60603.0,42.0,1.0,32.0
12-01024533,60603.0,42.0,1.0,32.0
12-01024506,60603.0,42.0,1.0,32.0
12-00973760,60603.0,42.0,1.0,32.0
12-00971541,60603.0,42.0,1.0,32.0
12-00971668,60603.0,42.0,1.0,32.0
12-00971678,60603.0,42.0,1.0,32.0
12-00973067,60603.0,42.0,1.0,32.0
12-00973226,60603.0,42.0,1.0,32.0
12-00973184,60603.0,42.0,1.0,32.0
12-00965198,60603.0,42.0,1.0,32.0
12-00965191,60603.0,42.0,1.0,32.0
12-00965731,60603.0,42.0,1.0,32.0
12-00965775,60603.0,42.0,1.0,32.0
12-00965848,60603.0,42.0,1.0,32.0
12-00966194,60603.0,42.0,1.0,32.0
12-00953187,60603.0,42.0,1.0,32.0
12-00933245,60603.0,42.0,1.0,32.0
12-00925789,60603.0,42.0,1.0,32.0
12-00925967,60603.0,42.0,1.0,32.0
12-00928344,60603.0,42.0,1.0,32.0
12-00925788,60603.0,42.0,1.0,32.0
12-00927849,60603.0,42.0,1.0,32.0
12-00915583,60603.0,42.0,1.0,32.0
12-00903828,60603.0,42.0,1.0,32.0
12-00891100,60603.0,42.0,1.0,32.0
12-00863732,60603.0,42.0,1.0,32.0
12-00825481,60603.0,42.0,1.0,32.0
12-00805943,60603.0,42.0,1.0,32.0
12-00723794,60603.0,42.0,1.0,32.0
12-00716054,60603.0,42.0,1.0,32.0
12-00687389,60603.0,42.0,1.0,32.0
12-00644553,60603.0,42.0,1.0,32.0
12-00639268,60603.0,42.0,1.0,32.0
12-00634278,60603.0,42.0,1.0,32.0
12-00604123,60603.0,42.0,1.0,32.0
12-00604419,60603.0,42.0,1.0,32.0
12-00604415,60603.0,42.0,1.0,32.0
12-00604841,60603.0,42.0,1.0,32.0
12-00605052,60603.0,42.0,1.0,32.0
12-00605042,60603.0,42.0,1.0,32.0
12-00583226,60603.0,42.0,1.0,32.0
12-00543709,60603.0,42.0,1.0,32.0
12-00543738,60603.0,42.0,1.0,32.0
12-00193204,60603.0,42.0,1.0,32.0
12-00128714,60603.0,42.0,1.0,32.0
12-00115610,60603.0,42.0,1.0,32.0
11-04264271,60603.0,42.0,1.0,32.0
11-04264257,60603.0,42.0,1.0,32.0
11-04256124,60603.0,42.0,1.0,32.0
11-04235936,60603.0,42.0,1.0,32.0
11-04214946,60603.0,42.0,1.0,32.0
11-04162649,60603.0,42.0,1.0,32.0
11-04162641,60603.0,42.0,1.0,32.0
11-04168014,60603.0,42.0,1.0,32.0
11-04167999,60603.0,42.0,1.0,32.0
11-04168132,60603.0,42.0,1.0,32.0
11-04168223,60603.0,42.0,1.0,32.0
11-04168182,60603.0,42.0,1.0,32.0
11-04168174,60603.0,42.0,1.0,32.0
11-04168163,60603.0,42.0,1.0,32.0
11-04168221,60603.0,42.0,1.0,32.0
11-04168187,60603.0,42.0,1.0,32.0
11-04168212,60603.0,42.0,1.0,32.0
11-04135035,60603.0,42.0,1.0,32.0
11-04113040,60603.0,42.0,1.0,32.0
11-04113103,60603.0,42.0,1.0,32.0
11-04113096,60603.0,42.0,1.0,32.0
11-04113113,60603.0,42.0,1.0,32.0
11-04117641,60603.0,42.0,1.0,32.0
11-04117626,60603.0,42.0,1.0,32.0
11-04117635,60603.0,42.0,1.0,32.0
11-04108319,60603.0,42.0,1.0,32.0
11-04105003,60603.0,42.0,1.0,32.0
11-04104791,60603.0,42.0,1.0,32.0
11-04104970,60603.0,42.0,1.0,32.0
11-04079958,60603.0,42.0,1.0,32.0
11-04079769,60603.0,42.0,1.0,32.0
11-04079299,60603.0,42.0,1.0,32.0
11-04072750,60603.0,42.0,1.0,32.0
11-03945333,60603.0,42.0,1.0,32.0
11-03938457,60603.0,42.0,1.0,32.0
11-03928820,60603.0,42.0,1.0,32.0
11-03917015,60603.0,42.0,1.0,32.0
11-03888610,60603.0,42.0,1.0,32.0
11-03888560,60603.0,42.0,1.0,32.0
11-03888527,60603.0,42.0,1.0,32.0
11-03888193,60603.0,42.0,1.0,32.0
11-03888622,60603.0,42.0,1.0,32.0
11-03889487,60603.0,42.0,1.0,32.0
11-03889479,60603.0,42.0,1.0,32.0
11-03863180,60603.0,42.0,1.0,32.0
11-03823901,60603.0,42.0,1.0,32.0
11-03809003,60603.0,42.0,1.0,32.0
11-03797864,60603.0,42.0,1.0,32.0
11-03807390,60603.0,42.0,1.0,32.0
11-03749679,60603.0,42.0,1.0,32.0
11-03740933,60603.0,42.0,1.0,32.0
11-03728578,60603.0,42.0,1.0,32.0
11-03729329,60603.0,42.0,1.0,32.0
11-03728565,60603.0,42.0,1.0,32.0
11-03683068,60603.0,42.0,1.0,32.0
11-03664439,60603.0,42.0,1.0,32.0
11-03615597,60603.0,42.0,1.0,32.0
11-03575220,60603.0,42.0,1.0,32.0
11-03452378,60603.0,42.0,1.0,32.0
11-03405164,60603.0,42.0,1.0,32.0
11-03380225,60603.0,42.0,1.0,32.0
11-03326947,60603.0,42.0,1.0,32.0
11-03267455,60603.0,42.0,1.0,32.0
11-03255719,60603.0,42.0,1.0,32.0
11-03247447,60603.0,42.0,1.0,32.0
11-03232273,60603.0,42.0,1.0,32.0
11-02695945,60603.0,42.0,1.0,32.0
11-02699420,60603.0,42.0,1.0,32.0
11-02699352,60603.0,42.0,1.0,32.0
11-02699324,60603.0,42.0,1.0,32.0
11-02699219,60603.0,42.0,1.0,32.0
11-02699150,60603.0,42.0,1.0,32.0
11-02699464,60603.0,42.0,1.0,32.0
11-02703008,60603.0,42.0,1.0,32.0
11-02702981,60603.0,42.0,1.0,32.0
11-02661542,60603.0,42.0,1.0,32.0
11-02660026,60603.0,42.0,1.0,32.0
11-02662618,60603.0,42.0,1.0,32.0
11-02661565,60603.0,42.0,1.0,32.0
11-02662658,60603.0,42.0,1.0,32.0
11-02662635,60603.0,42.0,1.0,32.0
11-02567670,60603.0,42.0,1.0,32.0
11-02567645,60603.0,42.0,1.0,32.0
11-02567723,60603.0,42.0,1.0,32.0
11-02561276,60603.0,42.0,1.0,32.0
11-02213015,60603.0,42.0,1.0,32.0
11-02333968,60603.0,42.0,1.0,32.0
11-02338511,60603.0,42.0,1.0,32.0
11-02338488,60603.0,42.0,1.0,32.0
11-02338406,60603.0,42.0,1.0,32.0
11-02338531,60603.0,42.0,1.0,32.0
11-02133007,60603.0,42.0,1.0,32.0
11-01792619,60603.0,42.0,1.0,32.0
11-01619663,60603.0,42.0,1.0,32.0
11-01552059,60603.0,42.0,1.0,32.0
11-01402975,60603.0,42.0,1.0,32.0
11-01373495,60603.0,42.0,1.0,32.0
11-01208850,60603.0,42.0,1.0,32.0
11-01208756,60603.0,42.0,1.0,32.0
11-00877610,60603.0,42.0,1.0,32.0
11-00653672,60603.0,42.0,1.0,32.0
11-00653656,60603.0,42.0,1.0,32.0
11-00653640,60603.0,42.0,1.0,32.0
11-00561171,60603.0,42.0,1.0,32.0
11-00489036,60603.0,42.0,1.0,32.0
11-00461027,60603.0,42.0,1.0,32.0
11-00460816,60603.0,42.0,1.0,32.0
11-00415208,60603.0,42.0,1.0,32.0
11-00415177,60603.0,42.0,1.0,32.0
11-00415158,60603.0,42.0,1.0,32.0
11-00415137,60603.0,42.0,1.0,32.0
11-00415760,60603.0,42.0,1.0,32.0
11-00415833,60603.0,42.0,1.0,32.0
11-00415803,60603.0,42.0,1.0,32.0
11-00415823,60603.0,42.0,1.0,32.0
11-00333615,60603.0,42.0,1.0,32.0
11-00320156,60603.0,42.0,1.0,32.0
11-00100994,60603.0,42.0,1.0,32.0
11-00095710,60603.0,42.0,1.0,32.0
11-00061898,60603.0,42.0,1.0,32.0
11-00036922,60603.0,42.0,1.0,32.0
11-00027375,60603.0,42.0,1.0,32.0
10-01318452,60603.0,42.0,1.0,32.0
