15-04908850,60604.0,4.0,1.0,32.0
15-04808724,60604.0,4.0,1.0,32.0
15-04809230,60604.0,42.0,1.0,32.0
15-04796491,60604.0,4.0,1.0,32.0
15-04655843,60604.0,42.0,1.0,32.0
15-04504163,60604.0,42.0,1.0,32.0
15-04328473,60604.0,4.0,1.0,32.0
15-04328893,60604.0,4.0,1.0,32.0
15-04328919,60604.0,42.0,1.0,32.0
15-04330728,60604.0,4.0,1.0,32.0
15-04211708,60604.0,42.0,1.0,32.0
15-04174396,60604.0,42.0,1.0,32.0
15-04145250,60604.0,42.0,1.0,32.0
15-04006951,60604.0,42.0,1.0,32.0
15-03850134,60604.0,42.0,1.0,32.0
15-03685818,60604.0,42.0,1.0,32.0
15-03685810,60604.0,42.0,1.0,32.0
15-03691580,60604.0,42.0,1.0,32.0
15-03691610,60604.0,4.0,1.0,32.0
15-03656836,60604.0,42.0,1.0,32.0
15-03393847,60604.0,4.0,1.0,32.0
15-03393826,60604.0,4.0,1.0,32.0
15-03393696,60604.0,4.0,1.0,32.0
15-03270831,60604.0,4.0,1.0,32.0
15-03270837,60604.0,4.0,1.0,32.0
15-03109649,60604.0,42.0,1.0,32.0
15-03109730,60604.0,42.0,1.0,32.0
15-03088115,60604.0,42.0,1.0,32.0
15-02965839,60604.0,42.0,1.0,32.0
15-02966071,60604.0,42.0,1.0,32.0
15-02966080,60604.0,42.0,1.0,32.0
15-02966084,60604.0,42.0,1.0,32.0
15-02966114,60604.0,42.0,1.0,32.0
15-02798122,60604.0,42.0,1.0,32.0
15-02798010,60604.0,42.0,1.0,32.0
15-02770140,60604.0,4.0,1.0,32.0
15-02586568,60604.0,42.0,1.0,32.0
15-02586577,60604.0,42.0,1.0,32.0
15-02585273,60604.0,42.0,1.0,32.0
15-02558268,60604.0,42.0,1.0,32.0
15-02558263,60604.0,42.0,1.0,32.0
15-02558242,60604.0,42.0,1.0,32.0
15-02386603,60604.0,4.0,1.0,32.0
15-02386615,60604.0,42.0,1.0,32.0
15-02386369,60604.0,42.0,1.0,32.0
15-02386397,60604.0,42.0,1.0,32.0
15-02310346,60604.0,42.0,1.0,32.0
15-02134800,60604.0,4.0,1.0,32.0
15-02098386,60604.0,42.0,1.0,32.0
15-02098389,60604.0,42.0,1.0,32.0
15-01923009,60604.0,2.0,1.0,32.0
15-01880509,60604.0,42.0,1.0,32.0
15-01880515,60604.0,42.0,1.0,32.0
15-01810328,60604.0,42.0,1.0,32.0
15-01782597,60604.0,42.0,1.0,32.0
15-01673817,60604.0,42.0,1.0,32.0
15-01644800,60604.0,42.0,1.0,32.0
15-01645089,60604.0,2.0,1.0,32.0
15-01552228,60604.0,42.0,1.0,32.0
15-01552036,60604.0,42.0,1.0,32.0
15-01500373,60604.0,42.0,1.0,32.0
15-01498480,60604.0,42.0,1.0,32.0
15-01498491,60604.0,42.0,1.0,32.0
15-01319531,60604.0,42.0,1.0,32.0
15-01319545,60604.0,2.0,1.0,32.0
15-01319522,60604.0,42.0,1.0,32.0
15-01319613,60604.0,42.0,1.0,32.0
15-01313836,60604.0,2.0,1.0,32.0
15-01288178,60604.0,2.0,1.0,32.0
15-01236642,60604.0,42.0,1.0,32.0
15-01216087,60604.0,2.0,1.0,32.0
15-01179805,60604.0,2.0,1.0,32.0
15-00835547,60604.0,42.0,1.0,32.0
15-00835510,60604.0,42.0,1.0,32.0
15-00835524,60604.0,42.0,1.0,32.0
15-00839486,60604.0,2.0,1.0,32.0
15-00835535,60604.0,42.0,1.0,32.0
15-00806674,60604.0,2.0,1.0,32.0
15-00806531,60604.0,2.0,1.0,32.0
15-00806481,60604.0,42.0,1.0,32.0
15-00806624,60604.0,2.0,1.0,32.0
15-00808983,60604.0,42.0,1.0,32.0
15-00808981,60604.0,42.0,1.0,32.0
15-00792504,60604.0,42.0,1.0,32.0
15-00536441,60604.0,42.0,1.0,32.0
15-00536275,60604.0,42.0,1.0,32.0
15-00536369,60604.0,42.0,1.0,32.0
15-00536276,60604.0,42.0,1.0,32.0
15-00536280,60604.0,42.0,1.0,32.0
15-00431518,60604.0,2.0,1.0,32.0
15-00332926,60604.0,42.0,1.0,32.0
15-00250891,60604.0,42.0,1.0,32.0
15-00244673,60604.0,42.0,1.0,32.0
15-00244669,60604.0,42.0,1.0,32.0
15-00216320,60604.0,42.0,1.0,32.0
15-00174652,60604.0,42.0,1.0,32.0
15-00108488,60604.0,2.0,1.0,32.0
15-00070896,60604.0,2.0,1.0,32.0
15-00052885,60604.0,2.0,1.0,32.0
15-00020787,60604.0,2.0,1.0,32.0
14-02190549,60604.0,42.0,1.0,32.0
14-02190545,60604.0,42.0,1.0,32.0
14-02190543,60604.0,42.0,1.0,32.0
14-02180955,60604.0,42.0,1.0,32.0
14-02181159,60604.0,2.0,1.0,32.0
14-02178540,60604.0,42.0,1.0,32.0
14-02178550,60604.0,2.0,1.0,32.0
14-02177292,60604.0,42.0,1.0,32.0
14-02140173,60604.0,42.0,1.0,32.0
14-02140150,60604.0,42.0,1.0,32.0
14-02140140,60604.0,42.0,1.0,32.0
14-02113885,60604.0,2.0,1.0,32.0
14-02073231,60604.0,42.0,1.0,32.0
14-02058298,60604.0,42.0,1.0,32.0
14-02047177,60604.0,2.0,1.0,32.0
14-02025172,60604.0,42.0,1.0,32.0
14-02004476,60604.0,42.0,1.0,32.0
14-01988828,60604.0,2.0,1.0,32.0
14-01988892,60604.0,2.0,1.0,32.0
14-01969990,60604.0,2.0,1.0,32.0
14-01959664,60604.0,42.0,1.0,32.0
14-01938349,60604.0,2.0,1.0,32.0
14-01904022,60604.0,2.0,1.0,32.0
14-01903939,60604.0,2.0,1.0,32.0
14-01871495,60604.0,2.0,1.0,32.0
14-01871538,60604.0,2.0,1.0,32.0
14-01871513,60604.0,2.0,1.0,32.0
14-01856927,60604.0,2.0,1.0,32.0
14-01856833,60604.0,2.0,1.0,32.0
14-01832842,60604.0,2.0,1.0,32.0
14-01823494,60604.0,2.0,1.0,32.0
14-01804524,60604.0,42.0,1.0,32.0
14-01804537,60604.0,2.0,1.0,32.0
14-01768929,60604.0,2.0,1.0,32.0
14-01768914,60604.0,2.0,1.0,32.0
14-01768898,60604.0,2.0,1.0,32.0
14-01762947,60604.0,2.0,1.0,32.0
14-01762955,60604.0,2.0,1.0,32.0
14-01705454,60604.0,2.0,1.0,32.0
14-01706147,60604.0,2.0,1.0,32.0
14-01680416,60604.0,2.0,1.0,32.0
14-01654893,60604.0,2.0,1.0,32.0
14-01650567,60604.0,2.0,1.0,32.0
14-01650598,60604.0,2.0,1.0,32.0
14-01624781,60604.0,42.0,1.0,32.0
14-01576598,60604.0,42.0,1.0,32.0
14-01577523,60604.0,2.0,1.0,32.0
14-01538322,60604.0,42.0,1.0,32.0
14-01511057,60604.0,2.0,1.0,32.0
14-01511800,60604.0,42.0,1.0,32.0
14-01503560,60604.0,2.0,1.0,32.0
14-01501182,60604.0,42.0,1.0,32.0
14-01481639,60604.0,2.0,1.0,32.0
14-01481649,60604.0,2.0,1.0,32.0
14-01451249,60604.0,2.0,1.0,32.0
14-01365351,60604.0,2.0,1.0,32.0
14-01347726,60604.0,42.0,1.0,32.0
14-01348880,60604.0,2.0,1.0,32.0
14-01347373,60604.0,2.0,1.0,32.0
14-01347716,60604.0,42.0,1.0,32.0
14-01347446,60604.0,2.0,1.0,32.0
14-01347427,60604.0,2.0,1.0,32.0
14-01347434,60604.0,2.0,1.0,32.0
14-01347696,60604.0,42.0,1.0,32.0
14-01347692,60604.0,42.0,1.0,32.0
14-01341197,60604.0,2.0,1.0,32.0
14-01317336,60604.0,2.0,1.0,32.0
14-01317308,60604.0,2.0,1.0,32.0
14-01317338,60604.0,2.0,1.0,32.0
14-01280277,60604.0,42.0,1.0,32.0
14-01269750,60604.0,2.0,1.0,32.0
14-01269597,60604.0,2.0,1.0,32.0
14-01195021,60604.0,42.0,1.0,32.0
14-01195835,60604.0,42.0,1.0,32.0
14-01195822,60604.0,2.0,1.0,32.0
14-01195807,60604.0,2.0,1.0,32.0
14-01195795,60604.0,42.0,1.0,32.0
14-01159078,60604.0,2.0,1.0,32.0
14-01136093,60604.0,2.0,1.0,32.0
14-01084231,60604.0,2.0,1.0,32.0
14-01064575,60604.0,42.0,1.0,32.0
14-00979742,60604.0,2.0,1.0,32.0
14-00981108,60604.0,2.0,1.0,32.0
14-00981151,60604.0,2.0,1.0,32.0
14-00980834,60604.0,2.0,1.0,32.0
14-00980997,60604.0,2.0,1.0,32.0
14-00981038,60604.0,2.0,1.0,32.0
14-00971148,60604.0,2.0,1.0,32.0
14-00971210,60604.0,2.0,1.0,32.0
14-00971236,60604.0,2.0,1.0,32.0
14-00964155,60604.0,2.0,1.0,32.0
14-00919628,60604.0,2.0,1.0,32.0
14-00875742,60604.0,2.0,1.0,32.0
14-00812996,60604.0,42.0,1.0,32.0
14-00795456,60604.0,42.0,1.0,32.0
14-00768657,60604.0,2.0,1.0,32.0
14-00735813,60604.0,42.0,1.0,32.0
14-00738867,60604.0,2.0,1.0,32.0
14-00716987,60604.0,42.0,1.0,32.0
14-00717001,60604.0,42.0,1.0,32.0
14-00708822,60604.0,2.0,1.0,32.0
14-00701336,60604.0,2.0,1.0,32.0
14-00625207,60604.0,2.0,1.0,32.0
14-00578110,60604.0,42.0,1.0,32.0
14-00503559,60604.0,2.0,1.0,32.0
14-00503546,60604.0,42.0,1.0,32.0
14-00503537,60604.0,42.0,1.0,32.0
14-00479435,60604.0,42.0,1.0,32.0
14-00479430,60604.0,42.0,1.0,32.0
14-00415900,60604.0,2.0,1.0,32.0
14-00415927,60604.0,2.0,1.0,32.0
14-00415915,60604.0,42.0,1.0,32.0
14-00406414,60604.0,2.0,1.0,32.0
14-00403877,60604.0,2.0,1.0,32.0
14-00350696,60604.0,2.0,1.0,32.0
14-00344262,60604.0,2.0,1.0,32.0
14-00343115,60604.0,2.0,1.0,32.0
14-00323021,60604.0,2.0,1.0,32.0
14-00322995,60604.0,2.0,1.0,32.0
14-00322378,60604.0,42.0,1.0,32.0
14-00310033,60604.0,42.0,1.0,32.0
14-00313679,60604.0,2.0,1.0,32.0
14-00309035,60604.0,2.0,1.0,32.0
14-00269295,60604.0,2.0,1.0,32.0
14-00268578,60604.0,42.0,1.0,32.0
14-00223647,60604.0,2.0,1.0,32.0
14-00098607,60604.0,2.0,1.0,32.0
14-00084770,60604.0,2.0,1.0,32.0
14-00024001,60604.0,42.0,1.0,32.0
14-00007269,60604.0,2.0,1.0,32.0
13-01907658,60604.0,42.0,1.0,32.0
13-01903101,60604.0,42.0,1.0,32.0
13-01879024,60604.0,2.0,1.0,32.0
13-01879021,60604.0,42.0,1.0,32.0
13-01879003,60604.0,2.0,1.0,32.0
13-01871378,60604.0,42.0,1.0,32.0
13-01842873,60604.0,2.0,1.0,32.0
13-01842886,60604.0,42.0,1.0,32.0
13-01842236,60604.0,42.0,1.0,32.0
13-01842524,60604.0,42.0,1.0,32.0
13-01842531,60604.0,42.0,1.0,32.0
13-01841840,60604.0,2.0,1.0,32.0
13-01842205,60604.0,2.0,1.0,32.0
13-01842159,60604.0,2.0,1.0,32.0
13-01841429,60604.0,2.0,1.0,32.0
13-01841427,60604.0,2.0,1.0,32.0
13-01840628,60604.0,42.0,1.0,32.0
13-01840619,60604.0,42.0,1.0,32.0
13-01836019,60604.0,42.0,1.0,32.0
13-01835901,60604.0,42.0,1.0,32.0
13-01831046,60604.0,2.0,1.0,32.0
13-01817929,60604.0,42.0,1.0,32.0
13-01808250,60604.0,42.0,1.0,32.0
13-01797404,60604.0,42.0,1.0,32.0
13-01794923,60604.0,2.0,1.0,32.0
13-01793190,60604.0,2.0,1.0,32.0
13-01793181,60604.0,2.0,1.0,32.0
13-01793171,60604.0,42.0,1.0,32.0
13-01793680,60604.0,2.0,1.0,32.0
13-01792376,60604.0,2.0,1.0,32.0
13-01785601,60604.0,2.0,1.0,32.0
13-01778097,60604.0,42.0,1.0,32.0
13-01766257,60604.0,2.0,1.0,32.0
13-01742687,60604.0,2.0,1.0,32.0
13-01734490,60604.0,2.0,1.0,32.0
13-01734481,60604.0,2.0,1.0,32.0
13-01734476,60604.0,2.0,1.0,32.0
13-01715121,60604.0,2.0,1.0,32.0
13-01714742,60604.0,2.0,1.0,32.0
13-01714747,60604.0,2.0,1.0,32.0
13-01714752,60604.0,2.0,1.0,32.0
13-01695552,60604.0,2.0,1.0,32.0
13-01657032,60604.0,42.0,1.0,32.0
13-01640778,60604.0,2.0,1.0,32.0
13-01641256,60604.0,2.0,1.0,32.0
13-01634931,60604.0,42.0,1.0,32.0
13-01627765,60604.0,2.0,1.0,32.0
13-01627788,60604.0,2.0,1.0,32.0
13-01622088,60604.0,2.0,1.0,32.0
13-01601383,60604.0,2.0,1.0,32.0
13-01568101,60604.0,2.0,1.0,32.0
13-01514616,60604.0,42.0,1.0,32.0
13-01507598,60604.0,42.0,1.0,32.0
13-01499822,60604.0,42.0,1.0,32.0
13-01456557,60604.0,2.0,1.0,32.0
13-01421033,60604.0,2.0,1.0,32.0
13-01423798,60604.0,2.0,1.0,32.0
13-01428321,60604.0,2.0,1.0,32.0
13-01393137,60604.0,2.0,1.0,32.0
13-01393153,60604.0,2.0,1.0,32.0
13-01393145,60604.0,2.0,1.0,32.0
13-01408072,60604.0,2.0,1.0,32.0
13-01408614,60604.0,2.0,1.0,32.0
13-01376135,60604.0,2.0,1.0,32.0
13-01375865,60604.0,2.0,1.0,32.0
13-01285507,60604.0,2.0,1.0,32.0
13-01282379,60604.0,2.0,1.0,32.0
13-01255797,60604.0,2.0,1.0,32.0
13-01232523,60604.0,2.0,1.0,32.0
13-01222300,60604.0,2.0,1.0,32.0
13-01219799,60604.0,42.0,1.0,32.0
13-01214307,60604.0,2.0,1.0,32.0
13-01202131,60604.0,42.0,1.0,32.0
13-01202120,60604.0,2.0,1.0,32.0
13-01152086,60604.0,2.0,1.0,32.0
13-01129376,60604.0,2.0,1.0,32.0
13-01122848,60604.0,2.0,1.0,32.0
13-01090428,60604.0,2.0,1.0,32.0
13-01090426,60604.0,2.0,1.0,32.0
13-01100060,60604.0,42.0,1.0,32.0
13-01099952,60604.0,42.0,1.0,32.0
13-01099938,60604.0,42.0,1.0,32.0
13-01100042,60604.0,42.0,1.0,32.0
13-01100023,60604.0,42.0,1.0,32.0
13-01090148,60604.0,2.0,1.0,32.0
13-01079837,60604.0,2.0,1.0,32.0
13-01075236,60604.0,42.0,1.0,32.0
13-01067516,60604.0,2.0,1.0,32.0
13-01067634,60604.0,2.0,1.0,32.0
13-01014179,60604.0,2.0,1.0,32.0
13-00897675,60604.0,42.0,1.0,32.0
13-00897687,60604.0,42.0,1.0,32.0
13-00897673,60604.0,42.0,1.0,32.0
13-00897601,60604.0,42.0,1.0,32.0
13-00897459,60604.0,42.0,1.0,32.0
13-00897450,60604.0,42.0,1.0,32.0
13-00897387,60604.0,2.0,1.0,32.0
13-00897694,60604.0,42.0,1.0,32.0
13-00895277,60604.0,2.0,1.0,32.0
13-00895327,60604.0,2.0,1.0,32.0
13-00895307,60604.0,2.0,1.0,32.0
13-00895296,60604.0,2.0,1.0,32.0
13-00895285,60604.0,2.0,1.0,32.0
13-00895319,60604.0,2.0,1.0,32.0
13-00893078,60604.0,2.0,1.0,32.0
13-00883426,60604.0,2.0,1.0,32.0
13-00839386,60604.0,42.0,1.0,32.0
13-00839374,60604.0,42.0,1.0,32.0
13-00836422,60604.0,2.0,1.0,32.0
13-00804915,60604.0,2.0,1.0,32.0
13-00804198,60604.0,42.0,1.0,32.0
13-00796596,60604.0,2.0,1.0,32.0
13-00732675,60604.0,2.0,1.0,32.0
13-00732666,60604.0,2.0,1.0,32.0
13-00733452,60604.0,42.0,1.0,32.0
13-00733489,60604.0,42.0,1.0,32.0
13-00733390,60604.0,42.0,1.0,32.0
13-00733379,60604.0,42.0,1.0,32.0
13-00733333,60604.0,2.0,1.0,32.0
13-00691095,60604.0,2.0,1.0,32.0
13-00659943,60604.0,2.0,1.0,32.0
13-00662941,60604.0,2.0,1.0,32.0
13-00643176,60604.0,42.0,1.0,32.0
13-00612862,60604.0,42.0,1.0,32.0
13-00616413,60604.0,42.0,1.0,32.0
13-00616405,60604.0,2.0,1.0,32.0
13-00616393,60604.0,2.0,1.0,32.0
13-00577441,60604.0,2.0,1.0,32.0
13-00575286,60604.0,2.0,1.0,32.0
13-00560918,60604.0,2.0,1.0,32.0
13-00542316,60604.0,2.0,1.0,32.0
13-00532437,60604.0,2.0,1.0,32.0
13-00529157,60604.0,42.0,1.0,32.0
13-00504997,60604.0,2.0,1.0,32.0
13-00468333,60604.0,42.0,1.0,32.0
13-00441339,60604.0,2.0,1.0,32.0
13-00434886,60604.0,2.0,1.0,32.0
13-00441489,60604.0,42.0,1.0,32.0
13-00441507,60604.0,2.0,1.0,32.0
13-00441499,60604.0,2.0,1.0,32.0
13-00442732,60604.0,42.0,1.0,32.0
13-00430644,60604.0,2.0,1.0,32.0
13-00420286,60604.0,2.0,1.0,32.0
13-00420447,60604.0,2.0,1.0,32.0
13-00397798,60604.0,2.0,1.0,32.0
13-00397782,60604.0,42.0,1.0,32.0
13-00397765,60604.0,2.0,1.0,32.0
13-00394623,60604.0,42.0,1.0,32.0
13-00385789,60604.0,2.0,1.0,32.0
13-00372049,60604.0,42.0,1.0,32.0
13-00372141,60604.0,2.0,1.0,32.0
13-00375483,60604.0,2.0,1.0,32.0
13-00358579,60604.0,2.0,1.0,32.0
13-00357234,60604.0,42.0,1.0,32.0
13-00345095,60604.0,42.0,1.0,32.0
13-00345060,60604.0,42.0,1.0,32.0
13-00345048,60604.0,2.0,1.0,32.0
13-00345128,60604.0,42.0,1.0,32.0
13-00345150,60604.0,42.0,1.0,32.0
13-00338181,60604.0,42.0,1.0,32.0
13-00338174,60604.0,2.0,1.0,32.0
13-00332440,60604.0,2.0,1.0,32.0
13-00332498,60604.0,2.0,1.0,32.0
13-00332510,60604.0,2.0,1.0,32.0
13-00332525,60604.0,2.0,1.0,32.0
13-00332778,60604.0,42.0,1.0,32.0
13-00319034,60604.0,42.0,1.0,32.0
13-00319030,60604.0,42.0,1.0,32.0
13-00319026,60604.0,42.0,1.0,32.0
13-00319047,60604.0,42.0,1.0,32.0
13-00319060,60604.0,42.0,1.0,32.0
13-00319052,60604.0,42.0,1.0,32.0
13-00319108,60604.0,42.0,1.0,32.0
13-00319097,60604.0,42.0,1.0,32.0
13-00307195,60604.0,42.0,1.0,32.0
13-00305976,60604.0,42.0,1.0,32.0
13-00308889,60604.0,2.0,1.0,32.0
13-00302308,60604.0,2.0,1.0,32.0
13-00298660,60604.0,2.0,1.0,32.0
13-00293045,60604.0,2.0,1.0,32.0
13-00293261,60604.0,2.0,1.0,32.0
13-00292372,60604.0,42.0,1.0,32.0
13-00281577,60604.0,2.0,1.0,32.0
13-00270733,60604.0,2.0,1.0,32.0
13-00272502,60604.0,42.0,1.0,32.0
13-00249393,60604.0,2.0,1.0,32.0
13-00223764,60604.0,2.0,1.0,32.0
13-00214679,60604.0,42.0,1.0,32.0
13-00213492,60604.0,2.0,1.0,32.0
13-00201742,60604.0,2.0,1.0,32.0
13-00195730,60604.0,2.0,1.0,32.0
13-00178545,60604.0,42.0,1.0,32.0
13-00173603,60604.0,2.0,1.0,32.0
13-00173611,60604.0,42.0,1.0,32.0
13-00173608,60604.0,42.0,1.0,32.0
13-00170687,60604.0,42.0,1.0,32.0
13-00170682,60604.0,2.0,1.0,32.0
13-00157213,60604.0,2.0,1.0,32.0
13-00151754,60604.0,42.0,1.0,32.0
13-00148155,60604.0,2.0,1.0,32.0
13-00148181,60604.0,2.0,1.0,32.0
13-00137830,60604.0,42.0,1.0,32.0
13-00138494,60604.0,2.0,1.0,32.0
13-00138500,60604.0,42.0,1.0,32.0
13-00133665,60604.0,2.0,1.0,32.0
13-00127287,60604.0,2.0,1.0,32.0
13-00127297,60604.0,2.0,1.0,32.0
13-00081058,60604.0,2.0,1.0,32.0
13-00083443,60604.0,2.0,1.0,32.0
13-00062307,60604.0,2.0,1.0,32.0
13-00062888,60604.0,2.0,1.0,32.0
13-00060958,60604.0,2.0,1.0,32.0
13-00051852,60604.0,42.0,1.0,32.0
13-00051869,60604.0,42.0,1.0,32.0
13-00051879,60604.0,42.0,1.0,32.0
13-00052237,60604.0,42.0,1.0,32.0
13-00052245,60604.0,42.0,1.0,32.0
13-00052327,60604.0,42.0,1.0,32.0
13-00052388,60604.0,42.0,1.0,32.0
13-00052401,60604.0,42.0,1.0,32.0
13-00052425,60604.0,42.0,1.0,32.0
13-00049648,60604.0,2.0,1.0,32.0
13-00053249,60604.0,42.0,1.0,32.0
13-00047255,60604.0,2.0,1.0,32.0
13-00043679,60604.0,2.0,1.0,32.0
13-00020701,60604.0,2.0,1.0,32.0
13-00020696,60604.0,2.0,1.0,32.0
13-00014322,60604.0,2.0,1.0,32.0
12-01882039,60604.0,2.0,1.0,32.0
12-01867011,60604.0,42.0,1.0,32.0
12-01837911,60604.0,2.0,1.0,32.0
12-01836389,60604.0,2.0,1.0,32.0
12-01836908,60604.0,2.0,1.0,32.0
12-01836907,60604.0,2.0,1.0,32.0
12-01836942,60604.0,2.0,1.0,32.0
12-01836957,60604.0,2.0,1.0,32.0
12-01820816,60604.0,2.0,1.0,32.0
12-01819259,60604.0,2.0,1.0,32.0
12-01796808,60604.0,42.0,1.0,32.0
12-01706750,60604.0,2.0,1.0,32.0
12-01694349,60604.0,2.0,1.0,32.0
12-01610379,60604.0,2.0,1.0,32.0
12-01602161,60604.0,42.0,1.0,32.0
12-01600937,60604.0,42.0,1.0,32.0
12-01538314,60604.0,2.0,1.0,32.0
12-01533793,60604.0,42.0,1.0,32.0
12-01468737,60604.0,42.0,1.0,32.0
12-01387297,60604.0,42.0,1.0,32.0
12-01369021,60604.0,2.0,1.0,32.0
12-01369009,60604.0,2.0,1.0,32.0
12-01368380,60604.0,2.0,1.0,32.0
12-01367779,60604.0,42.0,1.0,32.0
12-01368202,60604.0,2.0,1.0,32.0
12-01368996,60604.0,2.0,1.0,32.0
12-01369050,60604.0,42.0,1.0,32.0
12-01369043,60604.0,42.0,1.0,32.0
12-01369059,60604.0,42.0,1.0,32.0
12-01188549,60604.0,42.0,1.0,32.0
12-01164080,60604.0,2.0,1.0,32.0
12-01164134,60604.0,2.0,1.0,32.0
12-01164079,60604.0,2.0,1.0,32.0
12-00996931,60604.0,2.0,1.0,32.0
12-00997051,60604.0,42.0,1.0,32.0
12-00996944,60604.0,42.0,1.0,32.0
12-00996936,60604.0,42.0,1.0,32.0
12-00996949,60604.0,42.0,1.0,32.0
12-00972376,60604.0,2.0,1.0,32.0
12-00972363,60604.0,42.0,1.0,32.0
12-00973178,60604.0,42.0,1.0,32.0
12-00972366,60604.0,42.0,1.0,32.0
12-00965131,60604.0,2.0,1.0,32.0
12-00965163,60604.0,42.0,1.0,32.0
12-00965736,60604.0,2.0,1.0,32.0
12-00964377,60604.0,42.0,1.0,32.0
12-00964363,60604.0,2.0,1.0,32.0
12-00964389,60604.0,42.0,1.0,32.0
12-00964725,60604.0,2.0,1.0,32.0
12-00927907,60604.0,42.0,1.0,32.0
12-00909744,60604.0,2.0,1.0,32.0
12-00894422,60604.0,2.0,1.0,32.0
12-00845421,60604.0,2.0,1.0,32.0
12-00832432,60604.0,2.0,1.0,32.0
12-00748009,60604.0,42.0,1.0,32.0
12-00681023,60604.0,42.0,1.0,32.0
12-00604135,60604.0,42.0,1.0,32.0
12-00587751,60604.0,2.0,1.0,32.0
12-00584225,60604.0,42.0,1.0,32.0
12-00566817,60604.0,2.0,1.0,32.0
12-00400947,60604.0,42.0,1.0,32.0
12-00083208,60604.0,42.0,1.0,32.0
12-00048512,60604.0,42.0,1.0,32.0
12-00043966,60604.0,42.0,1.0,32.0
11-04263876,60604.0,2.0,1.0,32.0
11-04263866,60604.0,2.0,1.0,32.0
11-04263854,60604.0,2.0,1.0,32.0
11-04263891,60604.0,2.0,1.0,32.0
11-04263879,60604.0,2.0,1.0,32.0
11-04253525,60604.0,42.0,1.0,32.0
11-04256030,60604.0,2.0,1.0,32.0
11-04162660,60604.0,2.0,1.0,32.0
11-04162657,60604.0,42.0,1.0,32.0
11-04168023,60604.0,2.0,1.0,32.0
11-04168195,60604.0,42.0,1.0,32.0
11-04128251,60604.0,42.0,1.0,32.0
11-04121622,60604.0,2.0,1.0,32.0
11-04003622,60604.0,2.0,1.0,32.0
11-03997551,60604.0,42.0,1.0,32.0
11-03986085,60604.0,2.0,1.0,32.0
11-03914350,60604.0,2.0,1.0,32.0
11-03888110,60604.0,42.0,1.0,32.0
11-03888053,60604.0,42.0,1.0,32.0
11-03888140,60604.0,42.0,1.0,32.0
11-03887955,60604.0,2.0,1.0,32.0
11-03887985,60604.0,2.0,1.0,32.0
11-03889498,60604.0,42.0,1.0,32.0
11-03889554,60604.0,42.0,1.0,32.0
11-03889564,60604.0,2.0,1.0,32.0
11-03807280,60604.0,2.0,1.0,32.0
11-03807267,60604.0,2.0,1.0,32.0
11-03807255,60604.0,2.0,1.0,32.0
11-03807234,60604.0,2.0,1.0,32.0
11-03728740,60604.0,2.0,1.0,32.0
11-03731983,60604.0,42.0,1.0,32.0
11-03728719,60604.0,2.0,1.0,32.0
11-03729305,60604.0,42.0,1.0,32.0
11-03729311,60604.0,42.0,1.0,32.0
11-03728551,60604.0,42.0,1.0,32.0
11-03728423,60604.0,2.0,1.0,32.0
11-03697873,60604.0,2.0,1.0,32.0
11-03697841,60604.0,2.0,1.0,32.0
11-03698440,60604.0,2.0,1.0,32.0
11-03679344,60604.0,2.0,1.0,32.0
11-03645906,60604.0,2.0,1.0,32.0
11-03645927,60604.0,2.0,1.0,32.0
11-03647777,60604.0,2.0,1.0,32.0
11-03638902,60604.0,42.0,1.0,32.0
11-03633741,60604.0,2.0,1.0,32.0
11-03575287,60604.0,42.0,1.0,32.0
11-03488242,60604.0,42.0,1.0,32.0
11-03454752,60604.0,2.0,1.0,32.0
11-03454579,60604.0,2.0,1.0,32.0
11-03458331,60604.0,42.0,1.0,32.0
11-03436290,60604.0,2.0,1.0,32.0
11-03352165,60604.0,42.0,1.0,32.0
11-03341220,60604.0,2.0,1.0,32.0
11-03240436,60604.0,2.0,1.0,32.0
11-03242759,60604.0,2.0,1.0,32.0
11-03248471,60604.0,42.0,1.0,32.0
11-03249319,60604.0,42.0,1.0,32.0
11-03232484,60604.0,42.0,1.0,32.0
11-03226451,60604.0,42.0,1.0,32.0
11-03154018,60604.0,2.0,1.0,32.0
11-02699266,60604.0,42.0,1.0,32.0
11-02582273,60604.0,2.0,1.0,32.0
11-02492680,60604.0,2.0,1.0,32.0
11-02408003,60604.0,2.0,1.0,32.0
11-02193612,60604.0,2.0,1.0,32.0
11-01878617,60604.0,42.0,1.0,32.0
11-01846134,60604.0,42.0,1.0,32.0
11-01801895,60604.0,42.0,1.0,32.0
11-01801873,60604.0,2.0,1.0,32.0
11-01801712,60604.0,2.0,1.0,32.0
11-01801654,60604.0,42.0,1.0,32.0
11-01803957,60604.0,2.0,1.0,32.0
11-01654293,60604.0,2.0,1.0,32.0
11-01654223,60604.0,42.0,1.0,32.0
11-01654344,60604.0,2.0,1.0,32.0
11-01627931,60604.0,42.0,1.0,32.0
11-01627938,60604.0,42.0,1.0,32.0
11-01555990,60604.0,42.0,1.0,32.0
11-01328365,60604.0,2.0,1.0,32.0
11-01328332,60604.0,42.0,1.0,32.0
11-01328286,60604.0,42.0,1.0,32.0
11-01212314,60604.0,42.0,1.0,32.0
11-01209072,60604.0,42.0,1.0,32.0
11-01143438,60604.0,2.0,1.0,32.0
11-01116217,60604.0,42.0,1.0,32.0
11-01015194,60604.0,42.0,1.0,32.0
11-00877606,60604.0,42.0,1.0,32.0
11-00877502,60604.0,42.0,1.0,32.0
11-00877399,60604.0,2.0,1.0,32.0
11-00877373,60604.0,2.0,1.0,32.0
11-00877559,60604.0,2.0,1.0,32.0
11-00755440,60604.0,42.0,1.0,32.0
11-00607122,60604.0,2.0,1.0,32.0
11-00433670,60604.0,2.0,1.0,32.0
11-00433664,60604.0,2.0,1.0,32.0
11-00433649,60604.0,2.0,1.0,32.0
11-00426593,60604.0,42.0,1.0,32.0
11-00415246,60604.0,2.0,1.0,32.0
11-00320802,60604.0,42.0,1.0,32.0
11-00305175,60604.0,42.0,1.0,32.0
11-00299185,60604.0,2.0,1.0,32.0
11-00299190,60604.0,2.0,1.0,32.0
11-00286917,60604.0,42.0,1.0,32.0
11-00288713,60604.0,42.0,1.0,32.0
11-00282448,60604.0,2.0,1.0,32.0
11-00282265,60604.0,42.0,1.0,32.0
11-00222015,60604.0,2.0,1.0,32.0
11-00089318,60604.0,42.0,1.0,32.0
11-00026945,60604.0,2.0,1.0,32.0
11-00027175,60604.0,2.0,1.0,32.0
