15-04824832,60602.0,42.0,1.0,32.0
15-04808712,60602.0,42.0,1.0,32.0
15-04812361,60602.0,42.0,1.0,32.0
15-04645255,60602.0,42.0,1.0,32.0
15-04351583,60602.0,42.0,1.0,32.0
15-04351483,60602.0,42.0,1.0,32.0
15-04351895,60602.0,42.0,1.0,32.0
15-04351954,60602.0,42.0,1.0,32.0
15-04352130,60602.0,42.0,1.0,32.0
15-04257058,60602.0,42.0,1.0,32.0
15-04246389,60602.0,42.0,1.0,32.0
15-04246423,60602.0,42.0,1.0,32.0
15-04244148,60602.0,42.0,1.0,32.0
15-04215702,60602.0,42.0,1.0,32.0
15-04215749,60602.0,42.0,1.0,32.0
15-04215890,60602.0,42.0,1.0,32.0
15-04215547,60602.0,42.0,1.0,32.0
15-04145419,60602.0,42.0,1.0,32.0
15-04005038,60602.0,42.0,1.0,32.0
15-03918993,60602.0,42.0,1.0,32.0
15-03919509,60602.0,42.0,1.0,32.0
15-03907167,60602.0,42.0,1.0,32.0
15-03837394,60602.0,42.0,1.0,32.0
15-03686043,60602.0,42.0,1.0,32.0
15-03665415,60602.0,42.0,1.0,32.0
15-03596773,60602.0,42.0,1.0,32.0
15-03390968,60602.0,42.0,1.0,32.0
15-03320048,60602.0,42.0,1.0,32.0
15-03266949,60602.0,42.0,1.0,32.0
15-03280994,60602.0,42.0,1.0,32.0
15-03248707,60602.0,42.0,1.0,32.0
15-03140655,60602.0,42.0,1.0,32.0
15-03140623,60602.0,42.0,1.0,32.0
15-03088079,60602.0,42.0,1.0,32.0
15-03088072,60602.0,42.0,1.0,32.0
15-02828361,60602.0,42.0,1.0,32.0
15-02825358,60602.0,42.0,1.0,32.0
15-02801020,60602.0,42.0,1.0,32.0
15-02489377,60602.0,42.0,1.0,32.0
15-02466685,60602.0,42.0,1.0,32.0
15-02445293,60602.0,42.0,1.0,32.0
15-02323888,60602.0,42.0,1.0,32.0
15-02276736,60602.0,42.0,1.0,32.0
15-02279240,60602.0,42.0,1.0,32.0
15-02221644,60602.0,42.0,1.0,32.0
15-02100766,60602.0,42.0,1.0,32.0
15-02100761,60602.0,42.0,1.0,32.0
15-02100759,60602.0,42.0,1.0,32.0
15-02100754,60602.0,42.0,1.0,32.0
15-02100749,60602.0,42.0,1.0,32.0
15-01922620,60602.0,42.0,1.0,32.0
15-01922611,60602.0,42.0,1.0,32.0
15-01922602,60602.0,42.0,1.0,32.0
15-01922630,60602.0,42.0,1.0,32.0
15-01922742,60602.0,42.0,1.0,32.0
15-01719175,60602.0,42.0,1.0,32.0
15-01718463,60602.0,42.0,1.0,32.0
15-01718446,60602.0,42.0,1.0,32.0
15-01643811,60602.0,42.0,1.0,32.0
15-01554500,60602.0,42.0,1.0,32.0
15-01554492,60602.0,42.0,1.0,32.0
15-01554505,60602.0,42.0,1.0,32.0
15-01537626,60602.0,42.0,1.0,32.0
15-01498484,60602.0,42.0,1.0,32.0
15-01449451,60602.0,42.0,1.0,32.0
15-01459060,60602.0,42.0,1.0,32.0
15-01385774,60602.0,42.0,1.0,32.0
15-01385844,60602.0,42.0,1.0,32.0
15-01385812,60602.0,42.0,1.0,32.0
15-01385976,60602.0,42.0,1.0,32.0
15-01386040,60602.0,42.0,1.0,32.0
15-01386021,60602.0,42.0,1.0,32.0
15-01386124,60602.0,42.0,1.0,32.0
15-01386216,60602.0,42.0,1.0,32.0
15-01386210,60602.0,42.0,1.0,32.0
15-01386203,60602.0,42.0,1.0,32.0
15-01341903,60602.0,42.0,1.0,32.0
15-01321706,60602.0,42.0,1.0,32.0
15-01321663,60602.0,42.0,1.0,32.0
15-01089395,60602.0,42.0,1.0,32.0
15-01020208,60602.0,42.0,1.0,32.0
15-00939692,60602.0,42.0,1.0,32.0
15-00806686,60602.0,42.0,1.0,32.0
15-00806733,60602.0,42.0,1.0,32.0
15-00806757,60602.0,42.0,1.0,32.0
15-00806748,60602.0,42.0,1.0,32.0
15-00806767,60602.0,42.0,1.0,32.0
15-00806774,60602.0,42.0,1.0,32.0
15-00806300,60602.0,42.0,1.0,32.0
15-00806314,60602.0,42.0,1.0,32.0
15-00806332,60602.0,42.0,1.0,32.0
15-00806592,60602.0,42.0,1.0,32.0
15-00789965,60602.0,42.0,1.0,32.0
15-00789991,60602.0,42.0,1.0,32.0
15-00525227,60602.0,42.0,1.0,32.0
15-00443419,60602.0,42.0,1.0,32.0
15-00443483,60602.0,42.0,1.0,32.0
15-00443425,60602.0,42.0,1.0,32.0
15-00443438,60602.0,42.0,1.0,32.0
15-00443412,60602.0,42.0,1.0,32.0
15-00443400,60602.0,42.0,1.0,32.0
15-00386343,60602.0,42.0,1.0,32.0
15-00386368,60602.0,42.0,1.0,32.0
15-00331077,60602.0,42.0,1.0,32.0
15-00293487,60602.0,42.0,1.0,32.0
15-00268334,60602.0,42.0,1.0,32.0
15-00260039,60602.0,42.0,1.0,32.0
15-00263779,60602.0,42.0,1.0,32.0
15-00250834,60602.0,42.0,1.0,32.0
15-00250922,60602.0,42.0,1.0,32.0
15-00213199,60602.0,42.0,1.0,32.0
15-00216318,60602.0,42.0,1.0,32.0
15-00198016,60602.0,42.0,1.0,32.0
15-00174638,60602.0,42.0,1.0,32.0
15-00165338,60602.0,42.0,1.0,32.0
15-00165778,60602.0,42.0,1.0,32.0
15-00165779,60602.0,42.0,1.0,32.0
15-00140341,60602.0,42.0,1.0,32.0
15-00125548,60602.0,42.0,1.0,32.0
15-00108571,60602.0,42.0,1.0,32.0
15-00083540,60602.0,42.0,1.0,32.0
15-00051889,60602.0,42.0,1.0,32.0
15-00051897,60602.0,42.0,1.0,32.0
15-00037693,60602.0,42.0,1.0,32.0
15-00033719,60602.0,42.0,1.0,32.0
15-00033712,60602.0,42.0,1.0,32.0
15-00022310,60602.0,42.0,1.0,32.0
15-00022838,60602.0,42.0,1.0,32.0
15-00015605,60602.0,42.0,1.0,32.0
15-00003610,60602.0,42.0,1.0,32.0
14-02140159,60602.0,42.0,1.0,32.0
14-02140065,60602.0,42.0,1.0,32.0
14-02140055,60602.0,42.0,1.0,32.0
14-02140116,60602.0,42.0,1.0,32.0
14-02140127,60602.0,42.0,1.0,32.0
14-02120645,60602.0,42.0,1.0,32.0
14-02111996,60602.0,42.0,1.0,32.0
14-02062093,60602.0,42.0,1.0,32.0
14-02057144,60602.0,42.0,1.0,32.0
14-02047022,60602.0,42.0,1.0,32.0
14-02025190,60602.0,42.0,1.0,32.0
14-02004251,60602.0,42.0,1.0,32.0
14-01980579,60602.0,42.0,1.0,32.0
14-01969177,60602.0,42.0,1.0,32.0
14-01966416,60602.0,42.0,1.0,32.0
14-01946841,60602.0,42.0,1.0,32.0
14-01916542,60602.0,42.0,1.0,32.0
14-01915586,60602.0,42.0,1.0,32.0
14-01915893,60602.0,42.0,1.0,32.0
14-01915685,60602.0,42.0,1.0,32.0
14-01915902,60602.0,42.0,1.0,32.0
14-01915910,60602.0,42.0,1.0,32.0
14-01903736,60602.0,42.0,1.0,32.0
14-01903884,60602.0,42.0,1.0,32.0
14-01893379,60602.0,42.0,1.0,32.0
14-01874743,60602.0,42.0,1.0,32.0
14-01831469,60602.0,42.0,1.0,32.0
14-01831477,60602.0,42.0,1.0,32.0
14-01823747,60602.0,42.0,1.0,32.0
14-01821839,60602.0,42.0,1.0,32.0
14-01823576,60602.0,42.0,1.0,32.0
14-01768822,60602.0,42.0,1.0,32.0
14-01769077,60602.0,42.0,1.0,32.0
14-01765830,60602.0,42.0,1.0,32.0
14-01757762,60602.0,42.0,1.0,32.0
14-01757723,60602.0,42.0,1.0,32.0
14-01761393,60602.0,42.0,1.0,32.0
14-01706196,60602.0,42.0,1.0,32.0
14-01681334,60602.0,42.0,1.0,32.0
14-01660191,60602.0,42.0,1.0,32.0
14-01660186,60602.0,42.0,1.0,32.0
14-01660175,60602.0,42.0,1.0,32.0
14-01660160,60602.0,42.0,1.0,32.0
14-01660246,60602.0,42.0,1.0,32.0
14-01660261,60602.0,42.0,1.0,32.0
14-01660253,60602.0,42.0,1.0,32.0
14-01650358,60602.0,42.0,1.0,32.0
14-01650381,60602.0,42.0,1.0,32.0
14-01650610,60602.0,42.0,1.0,32.0
14-01637138,60602.0,42.0,1.0,32.0
14-01626312,60602.0,42.0,1.0,32.0
14-01616233,60602.0,42.0,1.0,32.0
14-01621132,60602.0,42.0,1.0,32.0
14-01621174,60602.0,42.0,1.0,32.0
14-01621384,60602.0,42.0,1.0,32.0
14-01621326,60602.0,42.0,1.0,32.0
14-01609377,60602.0,42.0,1.0,32.0
14-01609357,60602.0,42.0,1.0,32.0
14-01597190,60602.0,42.0,1.0,32.0
14-01601172,60602.0,42.0,1.0,32.0
14-01601158,60602.0,42.0,1.0,32.0
14-01601150,60602.0,42.0,1.0,32.0
14-01601205,60602.0,42.0,1.0,32.0
14-01601196,60602.0,42.0,1.0,32.0
14-01601186,60602.0,42.0,1.0,32.0
14-01586542,60602.0,42.0,1.0,32.0
14-01586574,60602.0,42.0,1.0,32.0
14-01586638,60602.0,42.0,1.0,32.0
14-01578529,60602.0,42.0,1.0,32.0
14-01576234,60602.0,42.0,1.0,32.0
14-01538309,60602.0,42.0,1.0,32.0
14-01538262,60602.0,42.0,1.0,32.0
14-01524483,60602.0,42.0,1.0,32.0
14-01514024,60602.0,42.0,1.0,32.0
14-01501195,60602.0,42.0,1.0,32.0
14-01461164,60602.0,42.0,1.0,32.0
14-01461173,60602.0,42.0,1.0,32.0
14-01461158,60602.0,42.0,1.0,32.0
14-01461155,60602.0,42.0,1.0,32.0
14-01461267,60602.0,42.0,1.0,32.0
14-01462852,60602.0,42.0,1.0,32.0
14-01461151,60602.0,42.0,1.0,32.0
14-01461297,60602.0,42.0,1.0,32.0
14-01461323,60602.0,42.0,1.0,32.0
14-01461275,60602.0,42.0,1.0,32.0
14-01461317,60602.0,42.0,1.0,32.0
14-01461330,60602.0,42.0,1.0,32.0
14-01461139,60602.0,42.0,1.0,32.0
14-01443515,60602.0,42.0,1.0,32.0
14-01443491,60602.0,42.0,1.0,32.0
14-01443523,60602.0,42.0,1.0,32.0
14-01443050,60602.0,42.0,1.0,32.0
14-01442999,60602.0,42.0,1.0,32.0
14-01442980,60602.0,42.0,1.0,32.0
14-01442956,60602.0,42.0,1.0,32.0
14-01443028,60602.0,42.0,1.0,32.0
14-01443017,60602.0,42.0,1.0,32.0
14-01440281,60602.0,42.0,1.0,32.0
14-01436012,60602.0,42.0,1.0,32.0
14-01436028,60602.0,42.0,1.0,32.0
14-01436040,60602.0,42.0,1.0,32.0
14-01436024,60602.0,42.0,1.0,32.0
14-01427729,60602.0,42.0,1.0,32.0
14-01427678,60602.0,42.0,1.0,32.0
14-01414122,60602.0,42.0,1.0,32.0
14-01416277,60602.0,42.0,1.0,32.0
14-01406652,60602.0,42.0,1.0,32.0
14-01382296,60602.0,42.0,1.0,32.0
14-01365761,60602.0,42.0,1.0,32.0
14-01348776,60602.0,42.0,1.0,32.0
14-01339711,60602.0,42.0,1.0,32.0
14-01339358,60602.0,42.0,1.0,32.0
14-01339410,60602.0,42.0,1.0,32.0
14-01339343,60602.0,42.0,1.0,32.0
14-01339339,60602.0,42.0,1.0,32.0
14-01339335,60602.0,42.0,1.0,32.0
14-01339327,60602.0,42.0,1.0,32.0
14-01344869,60602.0,42.0,1.0,32.0
14-01331039,60602.0,42.0,1.0,32.0
14-01313041,60602.0,42.0,1.0,32.0
14-01301699,60602.0,42.0,1.0,32.0
14-01301608,60602.0,42.0,1.0,32.0
14-01298824,60602.0,42.0,1.0,32.0
14-01292138,60602.0,42.0,1.0,32.0
14-01292148,60602.0,42.0,1.0,32.0
14-01292174,60602.0,42.0,1.0,32.0
14-01292164,60602.0,42.0,1.0,32.0
14-01277657,60602.0,42.0,1.0,32.0
14-01224423,60602.0,42.0,1.0,32.0
14-01224550,60602.0,42.0,1.0,32.0
14-01221830,60602.0,42.0,1.0,32.0
14-01169390,60602.0,42.0,1.0,32.0
14-01139270,60602.0,42.0,1.0,32.0
14-01136532,60602.0,42.0,1.0,32.0
14-01131544,60602.0,42.0,1.0,32.0
14-01122126,60602.0,42.0,1.0,32.0
14-01116091,60602.0,42.0,1.0,32.0
14-01109262,60602.0,42.0,1.0,32.0
14-01096939,60602.0,42.0,1.0,32.0
14-01062490,60602.0,42.0,1.0,32.0
14-01052818,60602.0,42.0,1.0,32.0
14-01011371,60602.0,42.0,1.0,32.0
14-00990405,60602.0,42.0,1.0,32.0
14-00980016,60602.0,42.0,1.0,32.0
14-00962838,60602.0,42.0,1.0,32.0
14-00929950,60602.0,42.0,1.0,32.0
14-00892284,60602.0,42.0,1.0,32.0
14-00892274,60602.0,42.0,1.0,32.0
14-00877608,60602.0,42.0,1.0,32.0
14-00875660,60602.0,42.0,1.0,32.0
14-00875726,60602.0,42.0,1.0,32.0
14-00875694,60602.0,42.0,1.0,32.0
14-00840887,60602.0,42.0,1.0,32.0
14-00812012,60602.0,42.0,1.0,32.0
14-00753677,60602.0,42.0,1.0,32.0
14-00735786,60602.0,42.0,1.0,32.0
14-00735856,60602.0,42.0,1.0,32.0
14-00735841,60602.0,42.0,1.0,32.0
14-00735823,60602.0,42.0,1.0,32.0
14-00735835,60602.0,42.0,1.0,32.0
14-00719253,60602.0,42.0,1.0,32.0
14-00717146,60602.0,42.0,1.0,32.0
14-00681587,60602.0,42.0,1.0,32.0
14-00624995,60602.0,42.0,1.0,32.0
14-00562544,60602.0,42.0,1.0,32.0
14-00562597,60602.0,42.0,1.0,32.0
14-00541155,60602.0,42.0,1.0,32.0
14-00535021,60602.0,42.0,1.0,32.0
14-00534730,60602.0,42.0,1.0,32.0
14-00536225,60602.0,42.0,1.0,32.0
14-00533047,60602.0,42.0,1.0,32.0
14-00535822,60602.0,42.0,1.0,32.0
14-00535814,60602.0,42.0,1.0,32.0
14-00534720,60602.0,42.0,1.0,32.0
14-00511646,60602.0,42.0,1.0,32.0
14-00501050,60602.0,42.0,1.0,32.0
14-00501027,60602.0,42.0,1.0,32.0
14-00501088,60602.0,42.0,1.0,32.0
14-00503057,60602.0,42.0,1.0,32.0
14-00455105,60602.0,42.0,1.0,32.0
14-00455068,60602.0,42.0,1.0,32.0
14-00451076,60602.0,42.0,1.0,32.0
14-00451967,60602.0,42.0,1.0,32.0
14-00426208,60602.0,42.0,1.0,32.0
14-00366036,60602.0,42.0,1.0,32.0
14-00368063,60602.0,42.0,1.0,32.0
14-00368073,60602.0,42.0,1.0,32.0
14-00356627,60602.0,42.0,1.0,32.0
14-00341034,60602.0,42.0,1.0,32.0
14-00313330,60602.0,42.0,1.0,32.0
14-00297244,60602.0,42.0,1.0,32.0
14-00286142,60602.0,42.0,1.0,32.0
14-00246294,60602.0,42.0,1.0,32.0
14-00212247,60602.0,42.0,1.0,32.0
14-00196497,60602.0,42.0,1.0,32.0
14-00174146,60602.0,42.0,1.0,32.0
14-00173566,60602.0,42.0,1.0,32.0
14-00148681,60602.0,42.0,1.0,32.0
14-00148302,60602.0,42.0,1.0,32.0
14-00122978,60602.0,42.0,1.0,32.0
14-00102075,60602.0,42.0,1.0,32.0
14-00095641,60602.0,42.0,1.0,32.0
14-00083633,60602.0,42.0,1.0,32.0
14-00083565,60602.0,42.0,1.0,32.0
14-00083225,60602.0,42.0,1.0,32.0
14-00076503,60602.0,42.0,1.0,32.0
14-00076693,60602.0,42.0,1.0,32.0
14-00070095,60602.0,42.0,1.0,32.0
14-00060249,60602.0,42.0,1.0,32.0
14-00063711,60602.0,42.0,1.0,32.0
14-00057086,60602.0,42.0,1.0,32.0
14-00040506,60602.0,42.0,1.0,32.0
14-00007220,60602.0,42.0,1.0,32.0
14-00007291,60602.0,42.0,1.0,32.0
14-00007318,60602.0,42.0,1.0,32.0
14-00006292,60602.0,42.0,1.0,32.0
13-01914646,60602.0,42.0,1.0,32.0
13-01914575,60602.0,42.0,1.0,32.0
13-01906943,60602.0,42.0,1.0,32.0
13-01890946,60602.0,42.0,1.0,32.0
13-01890941,60602.0,42.0,1.0,32.0
13-01890939,60602.0,42.0,1.0,32.0
13-01868223,60602.0,42.0,1.0,32.0
13-01868041,60602.0,42.0,1.0,32.0
13-01866066,60602.0,42.0,1.0,32.0
13-01842916,60602.0,42.0,1.0,32.0
13-01842227,60602.0,42.0,1.0,32.0
13-01841451,60602.0,42.0,1.0,32.0
13-01841436,60602.0,42.0,1.0,32.0
13-01840486,60602.0,42.0,1.0,32.0
13-01836510,60602.0,42.0,1.0,32.0
13-01830754,60602.0,42.0,1.0,32.0
13-01830500,60602.0,42.0,1.0,32.0
13-01830148,60602.0,42.0,1.0,32.0
13-01830151,60602.0,42.0,1.0,32.0
13-01817545,60602.0,42.0,1.0,32.0
13-01817551,60602.0,42.0,1.0,32.0
13-01816799,60602.0,42.0,1.0,32.0
13-01809716,60602.0,42.0,1.0,32.0
13-01803830,60602.0,42.0,1.0,32.0
13-01803087,60602.0,42.0,1.0,32.0
13-01799557,60602.0,42.0,1.0,32.0
13-01800023,60602.0,42.0,1.0,32.0
13-01791972,60602.0,42.0,1.0,32.0
13-01771374,60602.0,42.0,1.0,32.0
13-01771372,60602.0,42.0,1.0,32.0
13-01764171,60602.0,42.0,1.0,32.0
13-01755999,60602.0,42.0,1.0,32.0
13-01755970,60602.0,42.0,1.0,32.0
13-01758586,60602.0,42.0,1.0,32.0
13-01756581,60602.0,42.0,1.0,32.0
13-01748697,60602.0,42.0,1.0,32.0
13-01747992,60602.0,42.0,1.0,32.0
13-01742686,60602.0,42.0,1.0,32.0
13-01742676,60602.0,42.0,1.0,32.0
13-01717328,60602.0,42.0,1.0,32.0
13-01714717,60602.0,42.0,1.0,32.0
13-01713996,60602.0,42.0,1.0,32.0
13-01714018,60602.0,42.0,1.0,32.0
13-01694567,60602.0,42.0,1.0,32.0
13-01681103,60602.0,42.0,1.0,32.0
13-01678551,60602.0,42.0,1.0,32.0
13-01664837,60602.0,42.0,1.0,32.0
13-01657006,60602.0,42.0,1.0,32.0
13-01621817,60602.0,42.0,1.0,32.0
13-01622053,60602.0,42.0,1.0,32.0
13-01622014,60602.0,42.0,1.0,32.0
13-01614779,60602.0,42.0,1.0,32.0
13-01604042,60602.0,42.0,1.0,32.0
13-01597425,60602.0,42.0,1.0,32.0
13-01597420,60602.0,42.0,1.0,32.0
13-01597416,60602.0,42.0,1.0,32.0
13-01597410,60602.0,42.0,1.0,32.0
13-01597396,60602.0,42.0,1.0,32.0
13-01597393,60602.0,42.0,1.0,32.0
13-01597351,60602.0,42.0,1.0,32.0
13-01597386,60602.0,42.0,1.0,32.0
13-01586738,60602.0,42.0,1.0,32.0
13-01579550,60602.0,42.0,1.0,32.0
13-01579811,60602.0,42.0,1.0,32.0
13-01579057,60602.0,42.0,1.0,32.0
13-01579509,60602.0,42.0,1.0,32.0
13-01562651,60602.0,42.0,1.0,32.0
13-01553002,60602.0,42.0,1.0,32.0
13-01545122,60602.0,42.0,1.0,32.0
13-01544850,60602.0,42.0,1.0,32.0
13-01536801,60602.0,42.0,1.0,32.0
13-01536551,60602.0,42.0,1.0,32.0
13-01536574,60602.0,42.0,1.0,32.0
13-01522645,60602.0,42.0,1.0,32.0
13-01522657,60602.0,42.0,1.0,32.0
13-01522628,60602.0,42.0,1.0,32.0
13-01517402,60602.0,42.0,1.0,32.0
13-01491817,60602.0,42.0,1.0,32.0
13-01491801,60602.0,42.0,1.0,32.0
13-01465253,60602.0,42.0,1.0,32.0
13-01456568,60602.0,42.0,1.0,32.0
13-01458399,60602.0,42.0,1.0,32.0
13-01447746,60602.0,42.0,1.0,32.0
13-01447738,60602.0,42.0,1.0,32.0
13-01447745,60602.0,42.0,1.0,32.0
13-01447751,60602.0,42.0,1.0,32.0
13-01447767,60602.0,42.0,1.0,32.0
13-01425859,60602.0,42.0,1.0,32.0
13-01408575,60602.0,42.0,1.0,32.0
13-01388234,60602.0,42.0,1.0,32.0
13-01385776,60602.0,42.0,1.0,32.0
13-01367109,60602.0,42.0,1.0,32.0
13-01313632,60602.0,42.0,1.0,32.0
13-01315297,60602.0,42.0,1.0,32.0
13-01269002,60602.0,42.0,1.0,32.0
13-01246262,60602.0,42.0,1.0,32.0
13-01252865,60602.0,42.0,1.0,32.0
13-01250720,60602.0,42.0,1.0,32.0
13-01232929,60602.0,42.0,1.0,32.0
13-01232095,60602.0,42.0,1.0,32.0
13-01228105,60602.0,42.0,1.0,32.0
13-01171251,60602.0,42.0,1.0,32.0
13-01142976,60602.0,42.0,1.0,32.0
13-01132931,60602.0,42.0,1.0,32.0
13-01121613,60602.0,42.0,1.0,32.0
13-01122826,60602.0,42.0,1.0,32.0
13-01104160,60602.0,42.0,1.0,32.0
13-01098928,60602.0,42.0,1.0,32.0
13-01085016,60602.0,42.0,1.0,32.0
13-01075514,60602.0,42.0,1.0,32.0
13-01042564,60602.0,42.0,1.0,32.0
13-01040885,60602.0,42.0,1.0,32.0
13-01041106,60602.0,42.0,1.0,32.0
13-01018459,60602.0,42.0,1.0,32.0
13-00984735,60602.0,42.0,1.0,32.0
13-00984529,60602.0,42.0,1.0,32.0
13-00984706,60602.0,42.0,1.0,32.0
13-00985941,60602.0,42.0,1.0,32.0
13-00974077,60602.0,42.0,1.0,32.0
13-00974096,60602.0,42.0,1.0,32.0
13-00967827,60602.0,42.0,1.0,32.0
13-00968557,60602.0,42.0,1.0,32.0
13-00957940,60602.0,42.0,1.0,32.0
13-00961235,60602.0,42.0,1.0,32.0
13-00920930,60602.0,42.0,1.0,32.0
13-00920692,60602.0,42.0,1.0,32.0
13-00905878,60602.0,42.0,1.0,32.0
13-00868656,60602.0,42.0,1.0,32.0
13-00867130,60602.0,42.0,1.0,32.0
13-00848906,60602.0,42.0,1.0,32.0
13-00848914,60602.0,42.0,1.0,32.0
13-00836389,60602.0,42.0,1.0,32.0
13-00791307,60602.0,42.0,1.0,32.0
13-00769436,60602.0,42.0,1.0,32.0
13-00747976,60602.0,42.0,1.0,32.0
13-00732659,60602.0,42.0,1.0,32.0
13-00732658,60602.0,42.0,1.0,32.0
13-00732651,60602.0,42.0,1.0,32.0
13-00732644,60602.0,42.0,1.0,32.0
13-00732563,60602.0,42.0,1.0,32.0
13-00732652,60602.0,42.0,1.0,32.0
13-00716096,60602.0,42.0,1.0,32.0
13-00706475,60602.0,42.0,1.0,32.0
13-00706456,60602.0,42.0,1.0,32.0
13-00706094,60602.0,42.0,1.0,32.0
13-00706443,60602.0,42.0,1.0,32.0
13-00706502,60602.0,42.0,1.0,32.0
13-00706614,60602.0,42.0,1.0,32.0
13-00668982,60602.0,42.0,1.0,32.0
13-00662624,60602.0,42.0,1.0,32.0
13-00661688,60602.0,42.0,1.0,32.0
13-00646842,60602.0,42.0,1.0,32.0
13-00646729,60602.0,42.0,1.0,32.0
13-00646739,60602.0,42.0,1.0,32.0
13-00638534,60602.0,42.0,1.0,32.0
13-00642116,60602.0,42.0,1.0,32.0
13-00642106,60602.0,42.0,1.0,32.0
13-00642134,60602.0,42.0,1.0,32.0
13-00642260,60602.0,42.0,1.0,32.0
13-00642333,60602.0,42.0,1.0,32.0
13-00613265,60602.0,42.0,1.0,32.0
13-00606027,60602.0,42.0,1.0,32.0
13-00594725,60602.0,42.0,1.0,32.0
13-00594831,60602.0,42.0,1.0,32.0
13-00594794,60602.0,42.0,1.0,32.0
13-00576558,60602.0,42.0,1.0,32.0
13-00577079,60602.0,42.0,1.0,32.0
13-00576090,60602.0,42.0,1.0,32.0
13-00542094,60602.0,42.0,1.0,32.0
13-00538275,60602.0,42.0,1.0,32.0
13-00538262,60602.0,42.0,1.0,32.0
13-00538247,60602.0,42.0,1.0,32.0
13-00540074,60602.0,42.0,1.0,32.0
13-00540070,60602.0,42.0,1.0,32.0
13-00502257,60602.0,42.0,1.0,32.0
13-00502245,60602.0,42.0,1.0,32.0
13-00502225,60602.0,42.0,1.0,32.0
13-00502239,60602.0,42.0,1.0,32.0
13-00502266,60602.0,42.0,1.0,32.0
13-00486462,60602.0,42.0,1.0,32.0
13-00486573,60602.0,42.0,1.0,32.0
13-00468117,60602.0,42.0,1.0,32.0
13-00456992,60602.0,42.0,1.0,32.0
13-00434902,60602.0,42.0,1.0,32.0
13-00434910,60602.0,42.0,1.0,32.0
13-00434290,60602.0,42.0,1.0,32.0
13-00419252,60602.0,42.0,1.0,32.0
13-00403139,60602.0,42.0,1.0,32.0
13-00394660,60602.0,42.0,1.0,32.0
13-00381714,60602.0,42.0,1.0,32.0
13-00376679,60602.0,42.0,1.0,32.0
13-00376674,60602.0,42.0,1.0,32.0
13-00376678,60602.0,42.0,1.0,32.0
13-00376676,60602.0,42.0,1.0,32.0
13-00376697,60602.0,42.0,1.0,32.0
13-00376683,60602.0,42.0,1.0,32.0
13-00376685,60602.0,42.0,1.0,32.0
13-00376687,60602.0,42.0,1.0,32.0
13-00376695,60602.0,42.0,1.0,32.0
13-00376691,60602.0,42.0,1.0,32.0
13-00376689,60602.0,42.0,1.0,32.0
13-00371993,60602.0,42.0,1.0,32.0
13-00375529,60602.0,42.0,1.0,32.0
13-00375491,60602.0,42.0,1.0,32.0
13-00375516,60602.0,42.0,1.0,32.0
13-00375504,60602.0,42.0,1.0,32.0
13-00366804,60602.0,42.0,1.0,32.0
13-00368307,60602.0,42.0,1.0,32.0
13-00368291,60602.0,42.0,1.0,32.0
13-00368289,60602.0,42.0,1.0,32.0
13-00368316,60602.0,42.0,1.0,32.0
13-00360555,60602.0,42.0,1.0,32.0
13-00362412,60602.0,42.0,1.0,32.0
13-00348905,60602.0,42.0,1.0,32.0
13-00348514,60602.0,42.0,1.0,32.0
13-00344197,60602.0,42.0,1.0,32.0
13-00344232,60602.0,42.0,1.0,32.0
13-00336315,60602.0,42.0,1.0,32.0
13-00336323,60602.0,42.0,1.0,32.0
13-00334648,60602.0,42.0,1.0,32.0
13-00323549,60602.0,42.0,1.0,32.0
13-00323545,60602.0,42.0,1.0,32.0
13-00323569,60602.0,42.0,1.0,32.0
13-00323580,60602.0,42.0,1.0,32.0
13-00312934,60602.0,42.0,1.0,32.0
13-00316282,60602.0,42.0,1.0,32.0
13-00316278,60602.0,42.0,1.0,32.0
13-00307089,60602.0,42.0,1.0,32.0
13-00301827,60602.0,42.0,1.0,32.0
13-00300915,60602.0,42.0,1.0,32.0
13-00274952,60602.0,42.0,1.0,32.0
13-00274927,60602.0,42.0,1.0,32.0
13-00274978,60602.0,42.0,1.0,32.0
13-00274967,60602.0,42.0,1.0,32.0
13-00274997,60602.0,42.0,1.0,32.0
13-00274983,60602.0,42.0,1.0,32.0
13-00275006,60602.0,42.0,1.0,32.0
13-00274142,60602.0,42.0,1.0,32.0
13-00275143,60602.0,42.0,1.0,32.0
13-00253349,60602.0,42.0,1.0,32.0
13-00249828,60602.0,42.0,1.0,32.0
13-00249825,60602.0,42.0,1.0,32.0
13-00249868,60602.0,42.0,1.0,32.0
13-00249861,60602.0,42.0,1.0,32.0
13-00233689,60602.0,42.0,1.0,32.0
13-00235036,60602.0,42.0,1.0,32.0
13-00223902,60602.0,42.0,1.0,32.0
13-00217745,60602.0,42.0,1.0,32.0
13-00218566,60602.0,42.0,1.0,32.0
13-00213725,60602.0,42.0,1.0,32.0
13-00213761,60602.0,42.0,1.0,32.0
13-00195679,60602.0,42.0,1.0,32.0
13-00190228,60602.0,42.0,1.0,32.0
13-00189133,60602.0,42.0,1.0,32.0
13-00175433,60602.0,42.0,1.0,32.0
13-00173636,60602.0,42.0,1.0,32.0
13-00173640,60602.0,42.0,1.0,32.0
13-00167815,60602.0,42.0,1.0,32.0
13-00161005,60602.0,42.0,1.0,32.0
13-00159833,60602.0,42.0,1.0,32.0
13-00161073,60602.0,42.0,1.0,32.0
13-00152932,60602.0,42.0,1.0,32.0
13-00153948,60602.0,42.0,1.0,32.0
13-00153956,60602.0,42.0,1.0,32.0
13-00149760,60602.0,42.0,1.0,32.0
13-00150751,60602.0,42.0,1.0,32.0
13-00149561,60602.0,42.0,1.0,32.0
13-00127286,60602.0,42.0,1.0,32.0
13-00127335,60602.0,42.0,1.0,32.0
13-00127339,60602.0,42.0,1.0,32.0
13-00127342,60602.0,42.0,1.0,32.0
13-00128627,60602.0,42.0,1.0,32.0
13-00120291,60602.0,42.0,1.0,32.0
13-00120314,60602.0,42.0,1.0,32.0
13-00117956,60602.0,42.0,1.0,32.0
13-00118087,60602.0,42.0,1.0,32.0
13-00115338,60602.0,42.0,1.0,32.0
13-00115358,60602.0,42.0,1.0,32.0
13-00101372,60602.0,42.0,1.0,32.0
13-00094295,60602.0,42.0,1.0,32.0
13-00094293,60602.0,42.0,1.0,32.0
13-00094296,60602.0,42.0,1.0,32.0
13-00084275,60602.0,42.0,1.0,32.0
13-00074060,60602.0,42.0,1.0,32.0
13-00061137,60602.0,42.0,1.0,32.0
13-00063276,60602.0,42.0,1.0,32.0
13-00020245,60602.0,42.0,1.0,32.0
13-00015798,60602.0,42.0,1.0,32.0
13-00014740,60602.0,42.0,1.0,32.0
12-02055158,60602.0,42.0,1.0,32.0
12-02052930,60602.0,42.0,1.0,32.0
12-02009571,60602.0,42.0,1.0,32.0
12-02005217,60602.0,42.0,1.0,32.0
12-01961617,60602.0,42.0,1.0,32.0
12-01956940,60602.0,42.0,1.0,32.0
12-01955355,60602.0,42.0,1.0,32.0
12-01934806,60602.0,42.0,1.0,32.0
12-01929175,60602.0,42.0,1.0,32.0
12-01925936,60602.0,42.0,1.0,32.0
12-01918259,60602.0,42.0,1.0,32.0
12-01854704,60602.0,42.0,1.0,32.0
12-01855246,60602.0,42.0,1.0,32.0
12-01855281,60602.0,42.0,1.0,32.0
12-01851993,60602.0,42.0,1.0,32.0
12-01805973,60602.0,42.0,1.0,32.0
12-01801559,60602.0,42.0,1.0,32.0
12-01778765,60602.0,42.0,1.0,32.0
12-01741280,60602.0,42.0,1.0,32.0
12-01737067,60602.0,42.0,1.0,32.0
12-01725968,60602.0,42.0,1.0,32.0
12-01725965,60602.0,42.0,1.0,32.0
12-01714975,60602.0,42.0,1.0,32.0
12-01654714,60602.0,42.0,1.0,32.0
12-01639299,60602.0,42.0,1.0,32.0
12-01643172,60602.0,42.0,1.0,32.0
12-01625526,60602.0,42.0,1.0,32.0
12-01610407,60602.0,42.0,1.0,32.0
12-01602333,60602.0,42.0,1.0,32.0
12-01596038,60602.0,42.0,1.0,32.0
12-01574714,60602.0,42.0,1.0,32.0
12-01557715,60602.0,42.0,1.0,32.0
12-01525228,60602.0,42.0,1.0,32.0
12-01518790,60602.0,42.0,1.0,32.0
12-01515505,60602.0,42.0,1.0,32.0
12-01515382,60602.0,42.0,1.0,32.0
12-01508521,60602.0,42.0,1.0,32.0
12-01491483,60602.0,42.0,1.0,32.0
12-01491487,60602.0,42.0,1.0,32.0
12-01491484,60602.0,42.0,1.0,32.0
12-01457884,60602.0,42.0,1.0,32.0
12-01458031,60602.0,42.0,1.0,32.0
12-01458042,60602.0,42.0,1.0,32.0
12-01445389,60602.0,42.0,1.0,32.0
12-01424603,60602.0,42.0,1.0,32.0
12-01380906,60602.0,42.0,1.0,32.0
12-01368161,60602.0,42.0,1.0,32.0
12-01332167,60602.0,42.0,1.0,32.0
12-01273440,60602.0,42.0,1.0,32.0
12-01106822,60602.0,42.0,1.0,32.0
12-00990422,60602.0,42.0,1.0,32.0
12-00972175,60602.0,42.0,1.0,32.0
12-00972349,60602.0,42.0,1.0,32.0
12-00972354,60602.0,42.0,1.0,32.0
12-00964837,60602.0,42.0,1.0,32.0
12-00964856,60602.0,42.0,1.0,32.0
12-00964848,60602.0,42.0,1.0,32.0
12-00964980,60602.0,42.0,1.0,32.0
12-00965021,60602.0,42.0,1.0,32.0
12-00965829,60602.0,42.0,1.0,32.0
12-00964715,60602.0,42.0,1.0,32.0
12-00964690,60602.0,42.0,1.0,32.0
12-00949319,60602.0,42.0,1.0,32.0
12-00905129,60602.0,42.0,1.0,32.0
12-00904658,60602.0,42.0,1.0,32.0
12-00904735,60602.0,42.0,1.0,32.0
12-00904737,60602.0,42.0,1.0,32.0
12-00875787,60602.0,42.0,1.0,32.0
12-00843006,60602.0,42.0,1.0,32.0
12-00762561,60602.0,42.0,1.0,32.0
12-00758560,60602.0,42.0,1.0,32.0
12-00703129,60602.0,42.0,1.0,32.0
12-00703106,60602.0,42.0,1.0,32.0
12-00703104,60602.0,42.0,1.0,32.0
12-00703146,60602.0,42.0,1.0,32.0
12-00703241,60602.0,42.0,1.0,32.0
12-00687234,60602.0,42.0,1.0,32.0
12-00631971,60602.0,42.0,1.0,32.0
12-00636321,60602.0,42.0,1.0,32.0
12-00618443,60602.0,42.0,1.0,32.0
12-00604831,60602.0,42.0,1.0,32.0
12-00604199,60602.0,42.0,1.0,32.0
12-00604407,60602.0,42.0,1.0,32.0
12-00604848,60602.0,42.0,1.0,32.0
12-00604821,60602.0,42.0,1.0,32.0
12-00605075,60602.0,42.0,1.0,32.0
12-00597031,60602.0,42.0,1.0,32.0
12-00598488,60602.0,42.0,1.0,32.0
12-00597517,60602.0,42.0,1.0,32.0
12-00547297,60602.0,42.0,1.0,32.0
12-00543858,60602.0,42.0,1.0,32.0
12-00499697,60602.0,42.0,1.0,32.0
12-00499703,60602.0,42.0,1.0,32.0
12-00500485,60602.0,42.0,1.0,32.0
12-00403464,60602.0,42.0,1.0,32.0
12-00315667,60602.0,42.0,1.0,32.0
12-00291052,60602.0,42.0,1.0,32.0
12-00258638,60602.0,42.0,1.0,32.0
12-00243315,60602.0,42.0,1.0,32.0
12-00193022,60602.0,42.0,1.0,32.0
12-00182518,60602.0,42.0,1.0,32.0
12-00169908,60602.0,42.0,1.0,32.0
12-00150340,60602.0,42.0,1.0,32.0
12-00146100,60602.0,42.0,1.0,32.0
12-00146120,60602.0,42.0,1.0,32.0
12-00150058,60602.0,42.0,1.0,32.0
12-00135613,60602.0,42.0,1.0,32.0
12-00129488,60602.0,42.0,1.0,32.0
12-00066962,60602.0,42.0,1.0,32.0
12-00057271,60602.0,42.0,1.0,32.0
12-00048003,60602.0,42.0,1.0,32.0
12-00048876,60602.0,42.0,1.0,32.0
11-04271536,60602.0,42.0,1.0,32.0
11-04271514,60602.0,42.0,1.0,32.0
11-04257842,60602.0,42.0,1.0,32.0
11-04260225,60602.0,42.0,1.0,32.0
11-04247497,60602.0,42.0,1.0,32.0
11-04195847,60602.0,42.0,1.0,32.0
11-04195846,60602.0,42.0,1.0,32.0
11-04181515,60602.0,42.0,1.0,32.0
11-04181533,60602.0,42.0,1.0,32.0
11-04162607,60602.0,42.0,1.0,32.0
11-04162237,60602.0,42.0,1.0,32.0
11-04162231,60602.0,42.0,1.0,32.0
11-04150522,60602.0,42.0,1.0,32.0
11-04128223,60602.0,42.0,1.0,32.0
11-04123261,60602.0,42.0,1.0,32.0
11-04113050,60602.0,42.0,1.0,32.0
11-04104778,60602.0,42.0,1.0,32.0
11-04079999,60602.0,42.0,1.0,32.0
11-04054264,60602.0,42.0,1.0,32.0
11-04044863,60602.0,42.0,1.0,32.0
11-04021159,60602.0,42.0,1.0,32.0
11-03979521,60602.0,42.0,1.0,32.0
11-03972319,60602.0,42.0,1.0,32.0
11-03938347,60602.0,42.0,1.0,32.0
11-03899258,60602.0,42.0,1.0,32.0
11-03890236,60602.0,42.0,1.0,32.0
11-03890245,60602.0,42.0,1.0,32.0
11-03886907,60602.0,42.0,1.0,32.0
11-03888660,60602.0,42.0,1.0,32.0
11-03888651,60602.0,42.0,1.0,32.0
11-03888689,60602.0,42.0,1.0,32.0
11-03888677,60602.0,42.0,1.0,32.0
11-03888801,60602.0,42.0,1.0,32.0
11-03863266,60602.0,42.0,1.0,32.0
11-03857860,60602.0,42.0,1.0,32.0
11-03823874,60602.0,42.0,1.0,32.0
11-03823927,60602.0,42.0,1.0,32.0
11-03797877,60602.0,42.0,1.0,32.0
11-03774232,60602.0,42.0,1.0,32.0
11-03766616,60602.0,42.0,1.0,32.0
11-03766583,60602.0,42.0,1.0,32.0
11-03766555,60602.0,42.0,1.0,32.0
11-03740960,60602.0,42.0,1.0,32.0
11-03740974,60602.0,42.0,1.0,32.0
11-03729355,60602.0,42.0,1.0,32.0
11-03676089,60602.0,42.0,1.0,32.0
11-03653181,60602.0,42.0,1.0,32.0
11-03567711,60602.0,42.0,1.0,32.0
11-03526312,60602.0,42.0,1.0,32.0
11-03510876,60602.0,42.0,1.0,32.0
11-03489136,60602.0,42.0,1.0,32.0
11-03472240,60602.0,42.0,1.0,32.0
11-03471776,60602.0,42.0,1.0,32.0
11-03427015,60602.0,42.0,1.0,32.0
11-03427030,60602.0,42.0,1.0,32.0
11-03380327,60602.0,42.0,1.0,32.0
11-03341839,60602.0,42.0,1.0,32.0
11-03341884,60602.0,42.0,1.0,32.0
11-03341942,60602.0,42.0,1.0,32.0
11-03341922,60602.0,42.0,1.0,32.0
11-03326911,60602.0,42.0,1.0,32.0
11-03326886,60602.0,42.0,1.0,32.0
11-03305520,60602.0,42.0,1.0,32.0
11-03280685,60602.0,42.0,1.0,32.0
11-03258765,60602.0,42.0,1.0,32.0
11-03256315,60602.0,42.0,1.0,32.0
11-03227903,60602.0,42.0,1.0,32.0
11-03218535,60602.0,42.0,1.0,32.0
11-03218525,60602.0,42.0,1.0,32.0
11-02985678,60602.0,42.0,1.0,32.0
11-02879884,60602.0,42.0,1.0,32.0
11-02789567,60602.0,42.0,1.0,32.0
11-02709064,60602.0,42.0,1.0,32.0
11-02653113,60602.0,42.0,1.0,32.0
11-02653297,60602.0,42.0,1.0,32.0
11-02696702,60602.0,42.0,1.0,32.0
11-02696709,60602.0,42.0,1.0,32.0
11-02697891,60602.0,42.0,1.0,32.0
11-02697783,60602.0,42.0,1.0,32.0
11-02699180,60602.0,42.0,1.0,32.0
11-02698280,60602.0,42.0,1.0,32.0
11-02698086,60602.0,42.0,1.0,32.0
11-02698011,60602.0,42.0,1.0,32.0
11-02698327,60602.0,42.0,1.0,32.0
11-02699116,60602.0,42.0,1.0,32.0
11-02698397,60602.0,42.0,1.0,32.0
11-02702670,60602.0,42.0,1.0,32.0
11-02702142,60602.0,42.0,1.0,32.0
11-02702102,60602.0,42.0,1.0,32.0
11-02660047,60602.0,42.0,1.0,32.0
11-02662594,60602.0,42.0,1.0,32.0
11-02662548,60602.0,42.0,1.0,32.0
11-02662518,60602.0,42.0,1.0,32.0
11-02662101,60602.0,42.0,1.0,32.0
11-02662263,60602.0,42.0,1.0,32.0
11-02662184,60602.0,42.0,1.0,32.0
11-02567485,60602.0,42.0,1.0,32.0
11-02460018,60602.0,42.0,1.0,32.0
11-02333617,60602.0,42.0,1.0,32.0
11-02200395,60602.0,42.0,1.0,32.0
11-02200381,60602.0,42.0,1.0,32.0
11-02200377,60602.0,42.0,1.0,32.0
11-02200369,60602.0,42.0,1.0,32.0
11-02200357,60602.0,42.0,1.0,32.0
11-02200339,60602.0,42.0,1.0,32.0
11-02200157,60602.0,42.0,1.0,32.0
11-02200137,60602.0,42.0,1.0,32.0
11-02200096,60602.0,42.0,1.0,32.0
11-02123244,60602.0,42.0,1.0,32.0
11-02121646,60602.0,42.0,1.0,32.0
11-02121617,60602.0,42.0,1.0,32.0
11-02124339,60602.0,42.0,1.0,32.0
11-02083117,60602.0,42.0,1.0,32.0
11-02082993,60602.0,42.0,1.0,32.0
11-02082868,60602.0,42.0,1.0,32.0
11-02082846,60602.0,42.0,1.0,32.0
11-01989910,60602.0,42.0,1.0,32.0
11-01830122,60602.0,42.0,1.0,32.0
11-01830171,60602.0,42.0,1.0,32.0
11-01799441,60602.0,42.0,1.0,32.0
11-01801623,60602.0,42.0,1.0,32.0
11-01801545,60602.0,42.0,1.0,32.0
11-01801530,60602.0,42.0,1.0,32.0
11-01801505,60602.0,42.0,1.0,32.0
11-01801439,60602.0,42.0,1.0,32.0
11-01801419,60602.0,42.0,1.0,32.0
11-01801407,60602.0,42.0,1.0,32.0
11-01801187,60602.0,42.0,1.0,32.0
11-01799556,60602.0,42.0,1.0,32.0
11-01799711,60602.0,42.0,1.0,32.0
11-01799670,60602.0,42.0,1.0,32.0
11-01799634,60602.0,42.0,1.0,32.0
11-01799857,60602.0,42.0,1.0,32.0
11-01799737,60602.0,42.0,1.0,32.0
11-01799813,60602.0,42.0,1.0,32.0
11-01799779,60602.0,42.0,1.0,32.0
11-01800035,60602.0,42.0,1.0,32.0
11-01800299,60602.0,42.0,1.0,32.0
11-01800996,60602.0,42.0,1.0,32.0
11-01800199,60602.0,42.0,1.0,32.0
11-01800962,60602.0,42.0,1.0,32.0
11-01800653,60602.0,42.0,1.0,32.0
11-01800911,60602.0,42.0,1.0,32.0
11-01800673,60602.0,42.0,1.0,32.0
11-01801592,60602.0,42.0,1.0,32.0
11-01801578,60602.0,42.0,1.0,32.0
11-01801562,60602.0,42.0,1.0,32.0
11-01686357,60602.0,42.0,1.0,32.0
11-01654144,60602.0,42.0,1.0,32.0
11-01654118,60602.0,42.0,1.0,32.0
11-01654949,60602.0,42.0,1.0,32.0
11-01654856,60602.0,42.0,1.0,32.0
11-01654817,60602.0,42.0,1.0,32.0
11-01329781,60602.0,42.0,1.0,32.0
11-01329756,60602.0,42.0,1.0,32.0
11-01329730,60602.0,42.0,1.0,32.0
11-01328489,60602.0,42.0,1.0,32.0
11-01329705,60602.0,42.0,1.0,32.0
11-01328771,60602.0,42.0,1.0,32.0
11-01328566,60602.0,42.0,1.0,32.0
11-01328549,60602.0,42.0,1.0,32.0
11-01328479,60602.0,42.0,1.0,32.0
11-01328445,60602.0,42.0,1.0,32.0
11-01327627,60602.0,42.0,1.0,32.0
11-01327677,60602.0,42.0,1.0,32.0
11-01329246,60602.0,42.0,1.0,32.0
11-01328797,60602.0,42.0,1.0,32.0
11-01329241,60602.0,42.0,1.0,32.0
11-01328941,60602.0,42.0,1.0,32.0
11-01328913,60602.0,42.0,1.0,32.0
11-01328841,60602.0,42.0,1.0,32.0
11-01328819,60602.0,42.0,1.0,32.0
11-01328963,60602.0,42.0,1.0,32.0
11-01239928,60602.0,42.0,1.0,32.0
11-01237811,60602.0,42.0,1.0,32.0
11-01237833,60602.0,42.0,1.0,32.0
11-01183694,60602.0,42.0,1.0,32.0
11-03216026,60602.0,42.0,1.0,32.0
11-03216025,60602.0,42.0,1.0,32.0
11-03216024,60602.0,42.0,1.0,32.0
11-00877611,60602.0,42.0,1.0,32.0
11-00877613,60602.0,42.0,1.0,32.0
11-01116204,60602.0,42.0,1.0,32.0
11-00786729,60602.0,42.0,1.0,32.0
11-00692391,60602.0,42.0,1.0,32.0
11-00528610,60602.0,42.0,1.0,32.0
11-00528665,60602.0,42.0,1.0,32.0
11-00444775,60602.0,42.0,1.0,32.0
11-00413882,60602.0,42.0,1.0,32.0
11-00415789,60602.0,42.0,1.0,32.0
11-00415775,60602.0,42.0,1.0,32.0
11-00376741,60602.0,42.0,1.0,32.0
11-00361271,60602.0,42.0,1.0,32.0
11-00316732,60602.0,42.0,1.0,32.0
11-00145282,60602.0,42.0,1.0,32.0
11-00101701,60602.0,42.0,1.0,32.0
