15-04852168,60606.0,42.0,1.0,32.0
15-04852296,60606.0,42.0,1.0,32.0
15-04852276,60606.0,42.0,1.0,32.0
15-04852286,60606.0,42.0,1.0,32.0
15-04852303,60606.0,42.0,1.0,32.0
15-04852313,60606.0,42.0,1.0,32.0
15-04852207,60606.0,42.0,1.0,32.0
15-04826574,60606.0,42.0,1.0,32.0
15-04808674,60606.0,42.0,1.0,32.0
15-04808925,60606.0,42.0,1.0,32.0
15-04808823,60606.0,42.0,1.0,32.0
15-04808856,60606.0,42.0,1.0,32.0
15-04808884,60606.0,42.0,1.0,32.0
15-04808889,60606.0,42.0,1.0,32.0
15-04808898,60606.0,42.0,1.0,32.0
15-04808941,60606.0,42.0,1.0,32.0
15-04808485,60606.0,42.0,1.0,32.0
15-04808481,60606.0,42.0,1.0,32.0
15-04808474,60606.0,42.0,1.0,32.0
15-04808469,60606.0,42.0,1.0,32.0
15-04808478,60606.0,42.0,1.0,32.0
15-04808464,60606.0,42.0,1.0,32.0
15-04808604,60606.0,42.0,1.0,32.0
15-04808602,60606.0,42.0,1.0,32.0
15-04808668,60606.0,42.0,1.0,32.0
15-04808488,60606.0,42.0,1.0,32.0
15-04808486,60606.0,42.0,1.0,32.0
15-04808618,60606.0,42.0,1.0,32.0
15-04808612,60606.0,42.0,1.0,32.0
15-04808663,60606.0,42.0,1.0,32.0
15-04808627,60606.0,42.0,1.0,32.0
15-04808624,60606.0,42.0,1.0,32.0
15-04808660,60606.0,42.0,1.0,32.0
15-04808644,60606.0,42.0,1.0,32.0
15-04808638,60606.0,42.0,1.0,32.0
15-04808678,60606.0,42.0,1.0,32.0
15-04808685,60606.0,42.0,1.0,32.0
15-04809326,60606.0,42.0,1.0,32.0
15-04809112,60606.0,42.0,1.0,32.0
15-04809389,60606.0,42.0,1.0,32.0
15-04809308,60606.0,42.0,1.0,32.0
15-04809306,60606.0,42.0,1.0,32.0
15-04809506,60606.0,42.0,1.0,32.0
15-04809338,60606.0,42.0,1.0,32.0
15-04809365,60606.0,42.0,1.0,32.0
15-04809350,60606.0,42.0,1.0,32.0
15-04809377,60606.0,42.0,1.0,32.0
15-04809399,60606.0,42.0,1.0,32.0
15-04809413,60606.0,42.0,1.0,32.0
15-04809421,60606.0,42.0,1.0,32.0
15-04809493,60606.0,42.0,1.0,32.0
15-04809490,60606.0,42.0,1.0,32.0
15-04809484,60606.0,42.0,1.0,32.0
15-04808967,60606.0,42.0,1.0,32.0
15-04809515,60606.0,42.0,1.0,32.0
15-04809651,60606.0,42.0,1.0,32.0
15-04812148,60606.0,42.0,1.0,32.0
15-04812196,60606.0,42.0,1.0,32.0
15-04812179,60606.0,42.0,1.0,32.0
15-04812263,60606.0,42.0,1.0,32.0
15-04809833,60606.0,42.0,1.0,32.0
15-04809823,60606.0,42.0,1.0,32.0
15-04812251,60606.0,42.0,1.0,32.0
15-04812172,60606.0,42.0,1.0,32.0
15-04812161,60606.0,42.0,1.0,32.0
15-04812217,60606.0,42.0,1.0,32.0
15-04812206,60606.0,42.0,1.0,32.0
15-04812324,60606.0,42.0,1.0,32.0
15-04812313,60606.0,42.0,1.0,32.0
15-04808936,60606.0,42.0,1.0,32.0
15-04809149,60606.0,42.0,1.0,32.0
15-04808974,60606.0,42.0,1.0,32.0
15-04808880,60606.0,42.0,1.0,32.0
15-04808912,60606.0,42.0,1.0,32.0
15-04808904,60606.0,42.0,1.0,32.0
15-04808928,60606.0,42.0,1.0,32.0
15-04808927,60606.0,42.0,1.0,32.0
15-04808953,60606.0,42.0,1.0,32.0
15-04809143,60606.0,42.0,1.0,32.0
15-04809108,60606.0,42.0,1.0,32.0
15-04808982,60606.0,42.0,1.0,32.0
15-04809138,60606.0,42.0,1.0,32.0
15-04809123,60606.0,42.0,1.0,32.0
15-04809165,60606.0,42.0,1.0,32.0
15-04809157,60606.0,42.0,1.0,32.0
15-04809246,60606.0,42.0,1.0,32.0
15-04808994,60606.0,42.0,1.0,32.0
15-04808990,60606.0,42.0,1.0,32.0
15-04809098,60606.0,42.0,1.0,32.0
15-04809131,60606.0,42.0,1.0,32.0
15-04707360,60606.0,42.0,1.0,32.0
15-04695866,60606.0,42.0,1.0,32.0
15-04695859,60606.0,42.0,1.0,32.0
15-04693733,60606.0,42.0,1.0,32.0
15-04693334,60606.0,42.0,1.0,32.0
15-04693301,60606.0,42.0,1.0,32.0
15-04693282,60606.0,42.0,1.0,32.0
15-04673962,60606.0,42.0,1.0,32.0
15-04668646,60606.0,42.0,1.0,32.0
15-04668620,60606.0,42.0,1.0,32.0
15-04668608,60606.0,42.0,1.0,32.0
15-04669461,60606.0,42.0,1.0,32.0
15-04649527,60606.0,42.0,1.0,32.0
15-04581885,60606.0,42.0,1.0,32.0
15-04581474,60606.0,42.0,1.0,32.0
15-04581475,60606.0,42.0,1.0,32.0
15-04587912,60606.0,42.0,1.0,32.0
15-04547970,60606.0,42.0,1.0,32.0
15-04547964,60606.0,42.0,1.0,32.0
15-04548082,60606.0,42.0,12.0,28.0
15-04520654,60606.0,42.0,1.0,32.0
15-04520653,60606.0,42.0,1.0,32.0
15-04473765,60606.0,42.0,1.0,32.0
15-04473749,60606.0,42.0,1.0,32.0
15-04473608,60606.0,42.0,1.0,32.0
15-04404101,60606.0,42.0,1.0,32.0
15-04410156,60606.0,42.0,1.0,32.0
15-04386035,60606.0,42.0,1.0,32.0
15-04380624,60606.0,42.0,12.0,28.0
15-04380612,60606.0,42.0,1.0,28.0
15-04380620,60606.0,42.0,12.0,28.0
15-04352543,60606.0,42.0,1.0,32.0
15-04323822,60606.0,42.0,1.0,32.0
15-04326918,60606.0,42.0,1.0,32.0
15-04328386,60606.0,42.0,1.0,32.0
15-04246368,60606.0,42.0,1.0,32.0
15-04165037,60606.0,42.0,1.0,32.0
15-04165017,60606.0,42.0,1.0,32.0
15-04165059,60606.0,42.0,1.0,32.0
15-04082989,60606.0,42.0,1.0,32.0
15-04087153,60606.0,42.0,1.0,32.0
15-04082997,60606.0,42.0,1.0,32.0
15-04006959,60606.0,42.0,1.0,28.0
15-03981500,60606.0,42.0,1.0,32.0
15-03981982,60606.0,42.0,1.0,32.0
15-03981548,60606.0,42.0,1.0,28.0
15-03981557,60606.0,42.0,1.0,28.0
15-03988562,60606.0,42.0,1.0,32.0
15-03899518,60606.0,42.0,1.0,28.0
15-03865711,60606.0,42.0,1.0,32.0
15-03836986,60606.0,42.0,1.0,32.0
15-03681597,60606.0,42.0,1.0,32.0
15-03691237,60606.0,42.0,1.0,32.0
15-03685797,60606.0,42.0,1.0,32.0
15-03656671,60606.0,42.0,1.0,32.0
15-03613466,60606.0,42.0,1.0,32.0
15-03613453,60606.0,42.0,1.0,28.0
15-03613357,60606.0,42.0,1.0,28.0
15-03613440,60606.0,42.0,1.0,28.0
15-03613112,60606.0,42.0,1.0,28.0
15-03613428,60606.0,42.0,1.0,28.0
15-03613029,60606.0,42.0,1.0,28.0
15-03545201,60606.0,42.0,1.0,32.0
15-03545162,60606.0,42.0,1.0,32.0
15-03414162,60606.0,42.0,1.0,32.0
15-03414104,60606.0,42.0,1.0,32.0
15-03414076,60606.0,42.0,1.0,28.0
15-03415040,60606.0,42.0,1.0,32.0
15-03414994,60606.0,42.0,1.0,32.0
15-03414814,60606.0,42.0,1.0,32.0
15-03390948,60606.0,42.0,1.0,32.0
15-03353660,60606.0,42.0,1.0,32.0
15-03320104,60606.0,42.0,1.0,32.0
15-03320714,60606.0,42.0,1.0,32.0
15-03247775,60606.0,42.0,1.0,32.0
15-03226720,60606.0,42.0,1.0,32.0
15-03226739,60606.0,42.0,1.0,32.0
15-03226458,60606.0,42.0,1.0,32.0
15-03226447,60606.0,42.0,1.0,32.0
15-03140683,60606.0,42.0,1.0,32.0
15-03140592,60606.0,42.0,1.0,28.0
15-03140600,60606.0,42.0,1.0,32.0
15-03140711,60606.0,42.0,1.0,32.0
15-03139061,60606.0,42.0,1.0,32.0
15-03139056,60606.0,42.0,1.0,32.0
15-03139076,60606.0,42.0,1.0,28.0
15-03109604,60606.0,42.0,1.0,32.0
15-03109596,60606.0,42.0,1.0,32.0
15-03109727,60606.0,42.0,1.0,32.0
15-03109713,60606.0,42.0,1.0,32.0
15-03109720,60606.0,42.0,1.0,32.0
15-03109733,60606.0,42.0,1.0,32.0
15-03109737,60606.0,42.0,1.0,32.0
15-03091225,60606.0,42.0,1.0,32.0
15-03091222,60606.0,42.0,1.0,32.0
15-02965834,60606.0,42.0,1.0,32.0
15-02965830,60606.0,42.0,1.0,32.0
15-02966061,60606.0,42.0,1.0,32.0
15-02825391,60606.0,42.0,1.0,32.0
15-02800601,60606.0,42.0,1.0,32.0
15-02800813,60606.0,42.0,1.0,32.0
15-02800993,60606.0,42.0,1.0,32.0
15-02801014,60606.0,42.0,1.0,32.0
15-02800998,60606.0,42.0,1.0,32.0
15-02801011,60606.0,42.0,1.0,32.0
15-02803068,60606.0,42.0,1.0,32.0
15-02770131,60606.0,42.0,1.0,32.0
15-02770123,60606.0,42.0,1.0,32.0
15-02747980,60606.0,42.0,1.0,32.0
15-02748287,60606.0,42.0,1.0,32.0
15-02748274,60606.0,42.0,1.0,32.0
15-02748295,60606.0,42.0,1.0,32.0
15-02748310,60606.0,42.0,1.0,32.0
15-02748302,60606.0,42.0,1.0,32.0
15-02557929,60606.0,42.0,1.0,32.0
15-02489192,60606.0,42.0,1.0,28.0
15-02466955,60606.0,42.0,1.0,28.0
15-02466942,60606.0,42.0,1.0,28.0
15-02466977,60606.0,42.0,1.0,32.0
15-02466965,60606.0,42.0,1.0,32.0
15-02466962,60606.0,42.0,1.0,32.0
15-02396336,60606.0,42.0,1.0,32.0
15-02399042,60606.0,42.0,1.0,28.0
15-02313915,60606.0,42.0,1.0,32.0
15-02314048,60606.0,42.0,1.0,32.0
15-02278838,60606.0,42.0,1.0,32.0
15-02215364,60606.0,42.0,1.0,28.0
15-02174826,60606.0,42.0,1.0,32.0
15-02152099,60606.0,42.0,1.0,28.0
15-02152090,60606.0,42.0,1.0,28.0
15-02152079,60606.0,42.0,1.0,28.0
15-02152072,60606.0,,,
15-02128282,60606.0,42.0,1.0,32.0
15-02099104,60606.0,42.0,1.0,32.0
15-02098382,60606.0,42.0,1.0,32.0
15-02098374,60606.0,42.0,1.0,32.0
15-02005137,60606.0,42.0,1.0,32.0
15-01949507,60606.0,42.0,12.0,28.0
15-01950088,60606.0,42.0,1.0,28.0
15-01956460,60606.0,42.0,1.0,32.0
15-01922718,60606.0,42.0,1.0,32.0
15-01922610,60606.0,2.0,1.0,32.0
15-01922670,60606.0,2.0,1.0,32.0
15-01922623,60606.0,2.0,1.0,32.0
15-01922769,60606.0,42.0,1.0,32.0
15-01922821,60606.0,42.0,1.0,32.0
15-01922345,60606.0,2.0,1.0,28.0
15-01922584,60606.0,42.0,1.0,32.0
15-01922599,60606.0,42.0,1.0,32.0
15-01880333,60606.0,42.0,1.0,32.0
15-01880506,60606.0,42.0,1.0,32.0
15-01810852,60606.0,42.0,1.0,32.0
15-01784818,60606.0,42.0,1.0,32.0
15-01719020,60606.0,2.0,1.0,32.0
15-01718625,60606.0,42.0,1.0,28.0
15-01724038,60606.0,2.0,1.0,32.0
15-01719470,60606.0,42.0,1.0,32.0
15-01719480,60606.0,42.0,1.0,32.0
15-01719546,60606.0,42.0,1.0,28.0
15-01719534,60606.0,42.0,1.0,28.0
15-01728473,60606.0,42.0,1.0,32.0
15-01719600,60606.0,42.0,1.0,28.0
15-01719593,60606.0,42.0,1.0,28.0
15-01665384,60606.0,42.0,1.0,32.0
15-01674063,60606.0,42.0,12.0,28.0
15-01674046,60606.0,42.0,12.0,28.0
15-01498473,60606.0,2.0,1.0,32.0
15-01498467,60606.0,2.0,1.0,32.0
15-01449443,60606.0,42.0,1.0,32.0
15-01386054,60606.0,2.0,1.0,32.0
15-01386169,60606.0,42.0,1.0,32.0
15-01386195,60606.0,42.0,1.0,32.0
15-01386187,60606.0,42.0,1.0,32.0
15-01386176,60606.0,42.0,1.0,32.0
15-01357161,60606.0,42.0,1.0,32.0
15-01341912,60606.0,42.0,1.0,32.0
15-01341897,60606.0,2.0,1.0,32.0
15-01342059,60606.0,2.0,1.0,32.0
15-01342006,60606.0,2.0,1.0,32.0
15-01343260,60606.0,2.0,1.0,32.0
15-01341920,60606.0,2.0,1.0,32.0
15-01341951,60606.0,2.0,1.0,32.0
15-01341884,60606.0,42.0,1.0,32.0
15-01298867,60606.0,42.0,1.0,32.0
15-01236685,60606.0,2.0,1.0,32.0
15-01237841,60606.0,2.0,1.0,28.0
15-01237826,60606.0,2.0,1.0,28.0
15-01237801,60606.0,2.0,1.0,32.0
15-01237659,60606.0,42.0,1.0,32.0
15-01216174,60606.0,42.0,12.0,28.0
15-01208602,60606.0,2.0,1.0,32.0
15-01208601,60606.0,2.0,1.0,32.0
15-01208600,60606.0,2.0,1.0,32.0
15-01211782,60606.0,42.0,1.0,32.0
15-01206549,60606.0,2.0,1.0,28.0
15-01170645,60606.0,42.0,1.0,32.0
15-01169249,60606.0,2.0,1.0,28.0
15-01153149,60606.0,42.0,1.0,28.0
15-01092598,60606.0,2.0,1.0,32.0
15-01048139,60606.0,42.0,1.0,32.0
15-00944355,60606.0,2.0,1.0,32.0
15-00912489,60606.0,42.0,1.0,32.0
15-00912544,60606.0,2.0,1.0,32.0
15-00912687,60606.0,42.0,1.0,32.0
15-00912704,60606.0,2.0,1.0,32.0
15-00912732,60606.0,2.0,1.0,32.0
15-00892600,60606.0,2.0,1.0,32.0
15-00893326,60606.0,42.0,1.0,32.0
15-00880873,60606.0,42.0,1.0,32.0
15-00880879,60606.0,42.0,1.0,32.0
15-00878494,60606.0,42.0,1.0,32.0
15-00833422,60606.0,42.0,1.0,32.0
15-00833523,60606.0,2.0,1.0,32.0
15-00833529,60606.0,2.0,1.0,32.0
15-00833862,60606.0,2.0,1.0,32.0
15-00833880,60606.0,2.0,1.0,32.0
15-00833873,60606.0,2.0,1.0,32.0
15-00833868,60606.0,2.0,1.0,32.0
15-00839133,60606.0,42.0,1.0,32.0
15-00843326,60606.0,2.0,1.0,32.0
15-00843325,60606.0,2.0,1.0,32.0
15-00840140,60606.0,42.0,1.0,32.0
15-00827993,60606.0,42.0,1.0,32.0
15-00823251,60606.0,2.0,1.0,32.0
15-00820029,60606.0,2.0,1.0,32.0
15-00821397,60606.0,42.0,1.0,32.0
15-00826380,60606.0,42.0,1.0,32.0
15-00826393,60606.0,42.0,1.0,32.0
15-00810501,60606.0,42.0,1.0,32.0
15-00803934,60606.0,42.0,1.0,32.0
15-00765295,60606.0,2.0,1.0,28.0
15-00708670,60606.0,2.0,1.0,32.0
15-00708172,60606.0,42.0,1.0,32.0
15-00710782,60606.0,42.0,1.0,32.0
15-00692901,60606.0,42.0,1.0,32.0
15-00683395,60606.0,2.0,1.0,32.0
15-00672697,60606.0,2.0,1.0,28.0
15-00642670,60606.0,42.0,1.0,32.0
15-00638955,60606.0,2.0,1.0,32.0
15-00640440,60606.0,2.0,1.0,32.0
15-00616315,60606.0,42.0,1.0,32.0
15-00520081,60606.0,42.0,1.0,28.0
15-00504893,60606.0,2.0,1.0,28.0
15-00443667,60606.0,2.0,1.0,32.0
15-00443742,60606.0,2.0,1.0,32.0
15-00443381,60606.0,42.0,12.0,28.0
15-00431512,60606.0,2.0,1.0,32.0
15-00399120,60606.0,42.0,1.0,32.0
15-00399139,60606.0,42.0,1.0,32.0
15-00399136,60606.0,42.0,1.0,32.0
15-00331101,60606.0,2.0,1.0,32.0
15-00331098,60606.0,2.0,1.0,32.0
15-00306670,60606.0,42.0,1.0,32.0
15-00268438,60606.0,42.0,1.0,32.0
15-00250944,60606.0,2.0,1.0,32.0
15-00250982,60606.0,42.0,1.0,32.0
15-00244730,60606.0,2.0,1.0,32.0
15-00244746,60606.0,2.0,1.0,28.0
15-00244738,60606.0,42.0,1.0,32.0
15-00211091,60606.0,42.0,1.0,32.0
15-00174614,60606.0,42.0,1.0,32.0
15-00174631,60606.0,42.0,1.0,32.0
15-00140309,60606.0,42.0,1.0,32.0
15-00125706,60606.0,2.0,1.0,28.0
15-00122260,60606.0,42.0,1.0,28.0
15-00108494,60606.0,42.0,1.0,32.0
15-00100063,60606.0,42.0,1.0,32.0
15-00079568,60606.0,42.0,1.0,32.0
15-00064619,60606.0,42.0,12.0,28.0
15-00056273,60606.0,42.0,1.0,32.0
15-00056230,60606.0,2.0,1.0,32.0
15-00056235,60606.0,2.0,1.0,32.0
15-00056244,60606.0,2.0,1.0,32.0
15-00049155,60606.0,42.0,1.0,32.0
15-00033872,60606.0,42.0,1.0,32.0
15-00021995,60606.0,42.0,1.0,32.0
15-00014617,60606.0,2.0,1.0,32.0
15-00006099,60606.0,42.0,1.0,32.0
14-02210882,60606.0,2.0,1.0,32.0
14-02205836,60606.0,42.0,1.0,32.0
14-02205813,60606.0,42.0,1.0,32.0
14-02205828,60606.0,42.0,1.0,32.0
14-02205818,60606.0,42.0,1.0,32.0
14-02205849,60606.0,42.0,1.0,32.0
14-02205901,60606.0,42.0,1.0,32.0
14-02205859,60606.0,42.0,1.0,32.0
14-02206040,60606.0,2.0,1.0,32.0
14-02206027,60606.0,2.0,1.0,32.0
14-02206043,60606.0,42.0,1.0,32.0
14-02206059,60606.0,42.0,1.0,32.0
14-02206073,60606.0,42.0,1.0,32.0
14-02207954,60606.0,2.0,1.0,32.0
14-02201477,60606.0,42.0,1.0,32.0
14-02184158,60606.0,2.0,1.0,32.0
14-02184222,60606.0,2.0,1.0,32.0
14-02185096,60606.0,2.0,1.0,32.0
14-02177291,60606.0,2.0,1.0,32.0
14-02177295,60606.0,2.0,1.0,32.0
14-02144958,60606.0,2.0,1.0,28.0
14-02120201,60606.0,42.0,1.0,32.0
14-02115445,60606.0,42.0,1.0,28.0
14-02115445,60606.0,,,
14-02098634,60606.0,2.0,1.0,32.0
14-02072617,60606.0,42.0,12.0,28.0
14-02062117,60606.0,42.0,1.0,32.0
14-02062111,60606.0,42.0,1.0,32.0
14-02062120,60606.0,42.0,1.0,32.0
14-02047090,60606.0,42.0,1.0,32.0
14-02047078,60606.0,42.0,1.0,32.0
14-02047073,60606.0,42.0,1.0,32.0
14-02047067,60606.0,42.0,1.0,32.0
14-02047050,60606.0,42.0,1.0,32.0
14-02036277,60606.0,42.0,1.0,32.0
14-02001417,60606.0,42.0,1.0,28.0
14-01988885,60606.0,42.0,1.0,32.0
14-01980325,60606.0,42.0,1.0,32.0
14-01980316,60606.0,42.0,1.0,32.0
14-01980332,60606.0,42.0,1.0,32.0
14-01955835,60606.0,42.0,1.0,28.0
14-01946813,60606.0,42.0,1.0,32.0
14-01946654,60606.0,42.0,1.0,32.0
14-01938301,60606.0,42.0,1.0,32.0
14-01937816,60606.0,42.0,1.0,28.0
14-01943393,60606.0,42.0,1.0,32.0
14-01943384,60606.0,2.0,1.0,32.0
14-01925164,60606.0,42.0,1.0,32.0
14-01925199,60606.0,42.0,1.0,32.0
14-01923232,60606.0,2.0,1.0,32.0
14-01919046,60606.0,42.0,1.0,32.0
14-01893040,60606.0,42.0,1.0,32.0
14-01879284,60606.0,2.0,1.0,32.0
14-01879292,60606.0,2.0,1.0,32.0
14-01871731,60606.0,42.0,12.0,28.0
14-01821908,60606.0,42.0,1.0,32.0
14-01821896,60606.0,42.0,1.0,32.0
14-01821889,60606.0,42.0,1.0,32.0
14-01821919,60606.0,42.0,1.0,32.0
14-01823547,60606.0,2.0,1.0,32.0
14-01823593,60606.0,2.0,1.0,32.0
14-01782524,60606.0,42.0,1.0,32.0
14-01782580,60606.0,42.0,1.0,32.0
14-01782554,60606.0,42.0,1.0,32.0
14-01781931,60606.0,42.0,1.0,32.0
14-01769373,60606.0,42.0,1.0,32.0
14-01770351,60606.0,42.0,12.0,28.0
14-01742088,60606.0,42.0,1.0,32.0
14-01730404,60606.0,42.0,1.0,32.0
14-01730392,60606.0,42.0,1.0,32.0
14-01730389,60606.0,42.0,1.0,32.0
14-01706226,60606.0,42.0,1.0,32.0
14-01706212,60606.0,42.0,1.0,32.0
14-01704714,60606.0,42.0,1.0,32.0
14-01704699,60606.0,42.0,1.0,32.0
14-01704683,60606.0,42.0,1.0,32.0
14-01704658,60606.0,42.0,1.0,32.0
14-01704660,60606.0,42.0,1.0,32.0
14-01704675,60606.0,42.0,1.0,32.0
14-01690904,60606.0,42.0,1.0,32.0
14-01690841,60606.0,42.0,1.0,32.0
14-01676936,60606.0,42.0,1.0,32.0
14-01668924,60606.0,42.0,1.0,32.0
14-01660298,60606.0,42.0,1.0,32.0
14-01650530,60606.0,42.0,1.0,32.0
14-01650595,60606.0,42.0,1.0,32.0
14-01640799,60606.0,2.0,1.0,32.0
14-01626272,60606.0,42.0,1.0,32.0
14-01620831,60606.0,42.0,1.0,32.0
14-01601229,60606.0,42.0,1.0,28.0
14-01601210,60606.0,42.0,1.0,28.0
14-01596895,60606.0,2.0,1.0,28.0
14-01586376,60606.0,42.0,1.0,32.0
14-01586406,60606.0,42.0,1.0,32.0
14-01586452,60606.0,42.0,1.0,32.0
14-01586410,60606.0,42.0,1.0,32.0
14-01584988,60606.0,42.0,1.0,32.0
14-01567438,60606.0,42.0,1.0,32.0
14-01567438,60606.0,42.0,1.0,32.0
14-01546635,60606.0,42.0,1.0,32.0
14-01503436,60606.0,42.0,1.0,32.0
14-01503538,60606.0,2.0,1.0,32.0
14-01501138,60606.0,2.0,1.0,28.0
14-01500955,60606.0,42.0,1.0,32.0
14-01500755,60606.0,42.0,1.0,32.0
14-01501151,60606.0,2.0,1.0,28.0
14-01501167,60606.0,2.0,1.0,32.0
14-01501257,60606.0,2.0,1.0,28.0
14-01501234,60606.0,2.0,1.0,32.0
14-01502094,60606.0,2.0,1.0,28.0
14-01502115,60606.0,2.0,1.0,32.0
14-01469546,60606.0,42.0,1.0,32.0
14-01469533,60606.0,42.0,12.0,28.0
14-01469566,60606.0,42.0,1.0,28.0
14-01469554,60606.0,42.0,1.0,28.0
14-01448800,60606.0,42.0,1.0,32.0
14-01443698,60606.0,42.0,1.0,32.0
14-01445394,60606.0,42.0,12.0,28.0
14-01444255,60606.0,2.0,1.0,32.0
14-01437541,60606.0,42.0,1.0,32.0
14-01437316,60606.0,42.0,1.0,32.0
14-01425411,60606.0,2.0,1.0,32.0
14-01425502,60606.0,2.0,1.0,32.0
14-01426378,60606.0,42.0,1.0,32.0
14-01426562,60606.0,42.0,1.0,32.0
14-01416267,60606.0,42.0,1.0,32.0
14-01416919,60606.0,42.0,1.0,32.0
14-01420243,60606.0,2.0,1.0,32.0
14-01420179,60606.0,2.0,1.0,32.0
14-01420204,60606.0,2.0,1.0,32.0
14-01405762,60606.0,42.0,1.0,32.0
14-01347354,60606.0,2.0,1.0,32.0
14-01347346,60606.0,2.0,1.0,28.0
14-01345820,60606.0,42.0,1.0,32.0
14-01331263,60606.0,42.0,1.0,28.0
14-01333699,60606.0,42.0,1.0,32.0
14-01322448,60606.0,42.0,1.0,32.0
14-01301709,60606.0,42.0,1.0,32.0
14-01300235,60606.0,42.0,1.0,32.0
14-01292264,60606.0,2.0,1.0,32.0
14-01292015,60606.0,42.0,12.0,28.0
14-01292084,60606.0,42.0,1.0,28.0
14-01269160,60606.0,2.0,1.0,32.0
14-01261172,60606.0,42.0,12.0,28.0
14-01259788,60606.0,2.0,1.0,32.0
14-01247962,60606.0,42.0,12.0,28.0
14-01249739,60606.0,42.0,12.0,28.0
14-01246004,60606.0,42.0,1.0,32.0
14-01239356,60606.0,42.0,1.0,32.0
14-01230440,60606.0,2.0,1.0,32.0
14-01224066,60606.0,2.0,1.0,32.0
14-01212904,60606.0,2.0,1.0,32.0
14-01210247,60606.0,42.0,1.0,32.0
14-01195465,60606.0,42.0,1.0,32.0
14-01192885,60606.0,2.0,1.0,32.0
14-01138060,60606.0,2.0,1.0,32.0
14-01138151,60606.0,42.0,1.0,32.0
14-01136502,60606.0,42.0,1.0,32.0
14-01136574,60606.0,2.0,1.0,32.0
14-01125809,60606.0,42.0,1.0,32.0
14-01122247,60606.0,42.0,1.0,28.0
14-01122149,60606.0,2.0,1.0,32.0
14-01122104,60606.0,2.0,1.0,32.0
14-01123589,60606.0,42.0,1.0,28.0
14-01110461,60606.0,42.0,18.0,8.0
14-01110459,60606.0,42.0,18.0,8.0
14-01039010,60606.0,42.0,1.0,32.0
14-01041293,60606.0,2.0,1.0,32.0
14-01030131,60606.0,42.0,1.0,32.0
14-01031644,60606.0,2.0,1.0,32.0
14-01011608,60606.0,42.0,1.0,32.0
14-01011835,60606.0,2.0,1.0,32.0
14-00987294,60606.0,2.0,1.0,32.0
14-00975914,60606.0,42.0,1.0,28.0
14-00966829,60606.0,42.0,1.0,32.0
14-00963024,60606.0,2.0,1.0,32.0
14-00939441,60606.0,42.0,1.0,32.0
14-00929982,60606.0,42.0,1.0,32.0
14-00892576,60606.0,2.0,1.0,32.0
14-00892501,60606.0,42.0,1.0,32.0
14-00885569,60606.0,42.0,1.0,32.0
14-00850511,60606.0,42.0,1.0,32.0
14-00847215,60606.0,42.0,1.0,28.0
14-00850001,60606.0,42.0,1.0,32.0
14-00835316,60606.0,42.0,1.0,28.0
14-00829963,60606.0,42.0,1.0,32.0
14-00822751,60606.0,42.0,1.0,28.0
14-00811390,60606.0,42.0,1.0,32.0
14-00791888,60606.0,2.0,1.0,32.0
14-00783526,60606.0,42.0,1.0,32.0
14-00768557,60606.0,42.0,1.0,28.0
14-00761916,60606.0,2.0,1.0,32.0
14-00740291,60606.0,42.0,1.0,32.0
14-00740329,60606.0,42.0,1.0,32.0
14-00740306,60606.0,42.0,1.0,32.0
14-00740261,60606.0,42.0,1.0,32.0
14-00740332,60606.0,42.0,1.0,32.0
14-00735775,60606.0,42.0,1.0,32.0
14-00735890,60606.0,42.0,1.0,32.0
14-00735904,60606.0,42.0,1.0,32.0
14-00717173,60606.0,42.0,1.0,28.0
14-00717506,60606.0,42.0,1.0,32.0
14-00717226,60606.0,42.0,1.0,32.0
14-00718946,60606.0,42.0,12.0,28.0
14-00716962,60606.0,42.0,1.0,32.0
14-00716953,60606.0,42.0,1.0,32.0
14-00715616,60606.0,42.0,1.0,32.0
14-00716608,60606.0,2.0,1.0,32.0
14-00693036,60606.0,42.0,1.0,32.0
14-00693013,60606.0,42.0,1.0,32.0
14-00694661,60606.0,42.0,1.0,32.0
14-00681574,60606.0,42.0,1.0,32.0
14-00681594,60606.0,2.0,1.0,32.0
14-00679187,60606.0,42.0,1.0,32.0
14-00679200,60606.0,42.0,1.0,32.0
14-00679215,60606.0,42.0,1.0,32.0
14-00679754,60606.0,42.0,1.0,28.0
14-00671662,60606.0,2.0,1.0,32.0
14-00673372,60606.0,42.0,1.0,28.0
14-00649118,60606.0,42.0,12.0,28.0
14-00649128,60606.0,42.0,12.0,28.0
14-00647717,60606.0,42.0,12.0,28.0
14-00637493,60606.0,2.0,1.0,32.0
14-00642269,60606.0,42.0,1.0,32.0
14-00631287,60606.0,42.0,1.0,28.0
14-00626462,60606.0,42.0,12.0,28.0
14-00624965,60606.0,42.0,1.0,32.0
14-00624953,60606.0,42.0,1.0,32.0
14-00625069,60606.0,42.0,1.0,32.0
14-00625047,60606.0,42.0,1.0,32.0
14-00627987,60606.0,2.0,1.0,32.0
14-00605292,60606.0,42.0,1.0,28.0
14-00600179,60606.0,42.0,1.0,32.0
14-00592102,60606.0,42.0,1.0,32.0
14-00587365,60606.0,42.0,12.0,28.0
14-00571669,60606.0,42.0,1.0,32.0
14-00570942,60606.0,42.0,1.0,28.0
14-00548672,60606.0,42.0,12.0,28.0
14-00549463,60606.0,42.0,1.0,32.0
14-00525867,60606.0,42.0,12.0,28.0
14-00525861,60606.0,42.0,12.0,28.0
14-00527552,60606.0,42.0,1.0,32.0
14-00528923,60606.0,42.0,1.0,28.0
14-00528968,60606.0,42.0,1.0,32.0
14-00528948,60606.0,42.0,1.0,28.0
14-00519536,60606.0,42.0,1.0,32.0
14-00519600,60606.0,42.0,1.0,32.0
14-00520282,60606.0,42.0,12.0,28.0
14-00518885,60606.0,42.0,1.0,32.0
14-00518877,60606.0,42.0,1.0,32.0
14-00518897,60606.0,42.0,1.0,32.0
14-00517169,60606.0,2.0,1.0,28.0
14-00509771,60606.0,2.0,1.0,32.0
14-00511596,60606.0,42.0,12.0,28.0
14-00502867,60606.0,42.0,1.0,32.0
14-00502409,60606.0,42.0,1.0,32.0
14-00502381,60606.0,42.0,1.0,32.0
14-00503667,60606.0,42.0,1.0,32.0
14-00501666,60606.0,42.0,1.0,32.0
14-00501625,60606.0,42.0,1.0,32.0
14-00491049,60606.0,42.0,1.0,32.0
14-00485243,60606.0,42.0,1.0,32.0
14-00485173,60606.0,42.0,1.0,32.0
14-00477145,60606.0,42.0,1.0,32.0
14-00475428,60606.0,42.0,1.0,32.0
14-00479519,60606.0,42.0,1.0,32.0
14-00479409,60606.0,2.0,1.0,32.0
14-00474835,60606.0,2.0,1.0,32.0
14-00469115,60606.0,42.0,1.0,32.0
14-00452934,60606.0,2.0,1.0,32.0
14-00448526,60606.0,2.0,1.0,32.0
14-00444559,60606.0,42.0,1.0,32.0
14-00445310,60606.0,42.0,12.0,28.0
14-00444546,60606.0,42.0,1.0,32.0
14-00439081,60606.0,42.0,1.0,32.0
14-00439046,60606.0,42.0,1.0,32.0
14-00439049,60606.0,42.0,1.0,32.0
14-00433937,60606.0,42.0,1.0,32.0
14-00433195,60606.0,2.0,1.0,32.0
14-00426726,60606.0,42.0,1.0,32.0
14-00424680,60606.0,42.0,12.0,28.0
14-00426976,60606.0,42.0,12.0,28.0
14-00416273,60606.0,2.0,1.0,32.0
14-00416254,60606.0,2.0,1.0,32.0
14-00401803,60606.0,42.0,1.0,32.0
14-00401906,60606.0,42.0,1.0,32.0
14-00380032,60606.0,2.0,1.0,32.0
14-00376674,60606.0,42.0,1.0,32.0
14-00356720,60606.0,42.0,1.0,32.0
14-00356564,60606.0,42.0,1.0,32.0
14-00356573,60606.0,2.0,1.0,32.0
14-00351298,60606.0,42.0,1.0,32.0
14-00342826,60606.0,42.0,1.0,32.0
14-00348023,60606.0,2.0,1.0,32.0
14-00343107,60606.0,2.0,1.0,32.0
14-00334527,60606.0,2.0,1.0,32.0
14-00322939,60606.0,42.0,1.0,32.0
14-00322931,60606.0,42.0,1.0,32.0
14-00322950,60606.0,42.0,1.0,32.0
14-00322959,60606.0,42.0,1.0,32.0
14-00322974,60606.0,2.0,1.0,32.0
14-00321549,60606.0,42.0,1.0,32.0
14-00321548,60606.0,42.0,1.0,32.0
14-00313307,60606.0,42.0,1.0,32.0
14-00310069,60606.0,42.0,1.0,32.0
14-00304638,60606.0,42.0,1.0,32.0
14-00290598,60606.0,42.0,1.0,32.0
14-00290587,60606.0,42.0,1.0,32.0
14-00290585,60606.0,42.0,1.0,32.0
14-00290592,60606.0,42.0,1.0,32.0
14-00290605,60606.0,42.0,1.0,32.0
14-00290662,60606.0,42.0,1.0,32.0
14-00290634,60606.0,42.0,1.0,32.0
14-00290608,60606.0,42.0,1.0,32.0
14-00290740,60606.0,42.0,1.0,32.0
14-00289420,60606.0,42.0,1.0,32.0
14-00290761,60606.0,42.0,12.0,28.0
14-00282772,60606.0,42.0,18.0,8.0
14-00277096,60606.0,42.0,1.0,32.0
14-00272826,60606.0,42.0,1.0,32.0
14-00262401,60606.0,42.0,1.0,32.0
14-00244148,60606.0,42.0,1.0,32.0
14-00244133,60606.0,42.0,1.0,32.0
14-00244170,60606.0,42.0,1.0,32.0
14-00244171,60606.0,42.0,1.0,32.0
14-00244106,60606.0,42.0,1.0,32.0
14-00212096,60606.0,42.0,1.0,32.0
14-00212211,60606.0,42.0,1.0,32.0
14-00212128,60606.0,42.0,1.0,32.0
14-00212111,60606.0,42.0,1.0,32.0
14-00175136,60606.0,2.0,1.0,32.0
14-00148270,60606.0,42.0,1.0,32.0
14-00148219,60606.0,42.0,1.0,32.0
14-00148220,60606.0,42.0,1.0,32.0
14-00149006,60606.0,42.0,1.0,32.0
14-00149027,60606.0,42.0,1.0,32.0
14-00147037,60606.0,42.0,1.0,32.0
14-00147045,60606.0,42.0,1.0,32.0
14-00127477,60606.0,42.0,1.0,32.0
14-00127481,60606.0,42.0,1.0,32.0
14-00127217,60606.0,42.0,1.0,32.0
14-00122441,60606.0,2.0,1.0,32.0
14-00113314,60606.0,2.0,1.0,32.0
14-00110173,60606.0,2.0,1.0,32.0
14-00110172,60606.0,2.0,1.0,32.0
14-00101778,60606.0,2.0,1.0,32.0
14-00096279,60606.0,2.0,1.0,32.0
14-00096762,60606.0,42.0,1.0,28.0
14-00096754,60606.0,42.0,12.0,28.0
14-00095672,60606.0,42.0,1.0,32.0
14-00095655,60606.0,42.0,1.0,32.0
14-00091875,60606.0,42.0,1.0,28.0
14-00091327,60606.0,42.0,1.0,32.0
14-00083668,60606.0,42.0,1.0,32.0
14-00083682,60606.0,42.0,1.0,32.0
14-00076588,60606.0,42.0,1.0,32.0
14-00071185,60606.0,42.0,1.0,28.0
14-00071028,60606.0,42.0,1.0,28.0
14-00053127,60606.0,2.0,1.0,32.0
14-00040268,60606.0,42.0,1.0,32.0
14-00033261,60606.0,42.0,1.0,32.0
14-00019206,60606.0,42.0,1.0,32.0
14-00019817,60606.0,42.0,1.0,32.0
14-00018425,60606.0,42.0,1.0,32.0
14-00006384,60606.0,42.0,1.0,32.0
14-00006379,60606.0,42.0,1.0,32.0
14-00006482,60606.0,42.0,1.0,32.0
14-00007320,60606.0,42.0,1.0,32.0
14-00004634,60606.0,42.0,1.0,32.0
14-00004599,60606.0,42.0,1.0,32.0
13-01907662,60606.0,2.0,1.0,32.0
13-01895533,60606.0,42.0,12.0,28.0
13-01885878,60606.0,42.0,1.0,32.0
13-01879029,60606.0,42.0,1.0,32.0
13-01879198,60606.0,42.0,1.0,32.0
13-01880860,60606.0,42.0,1.0,28.0
13-01855279,60606.0,2.0,1.0,32.0
13-01855273,60606.0,2.0,1.0,32.0
13-01855250,60606.0,2.0,1.0,32.0
13-01855328,60606.0,42.0,1.0,28.0
13-01840736,60606.0,2.0,1.0,32.0
13-01840762,60606.0,2.0,1.0,32.0
13-01830895,60606.0,42.0,1.0,32.0
13-01830140,60606.0,42.0,1.0,32.0
13-01817482,60606.0,42.0,1.0,28.0
13-01817557,60606.0,42.0,1.0,32.0
13-01817565,60606.0,42.0,1.0,32.0
13-01811776,60606.0,2.0,1.0,28.0
13-01804673,60606.0,2.0,1.0,32.0
13-01797719,60606.0,42.0,1.0,32.0
13-01793291,60606.0,42.0,1.0,32.0
13-01793260,60606.0,42.0,1.0,32.0
13-01791790,60606.0,42.0,1.0,32.0
13-01784037,60606.0,2.0,1.0,32.0
13-01784031,60606.0,2.0,1.0,32.0
13-01784034,60606.0,2.0,1.0,32.0
13-01771370,60606.0,42.0,1.0,28.0
13-01771376,60606.0,2.0,1.0,32.0
13-01771371,60606.0,42.0,1.0,32.0
13-01771378,60606.0,2.0,1.0,28.0
13-01775731,60606.0,42.0,1.0,32.0
13-01764666,60606.0,42.0,1.0,28.0
13-01764337,60606.0,42.0,1.0,32.0
13-01764367,60606.0,42.0,1.0,32.0
13-01764377,60606.0,42.0,1.0,28.0
13-01753914,60606.0,42.0,1.0,32.0
13-01756580,60606.0,42.0,1.0,32.0
13-01756575,60606.0,42.0,1.0,32.0
13-01750803,60606.0,2.0,1.0,32.0
13-01750817,60606.0,42.0,12.0,28.0
13-01748637,60606.0,42.0,1.0,28.0
13-01743945,60606.0,42.0,1.0,32.0
13-01733862,60606.0,42.0,1.0,28.0
13-01713615,60606.0,42.0,1.0,32.0
13-01714954,60606.0,2.0,1.0,32.0
13-01716890,60606.0,2.0,1.0,32.0
13-01714007,60606.0,2.0,1.0,32.0
13-01707137,60606.0,42.0,1.0,28.0
13-01709065,60606.0,42.0,12.0,28.0
13-01694524,60606.0,42.0,1.0,32.0
13-01692588,60606.0,2.0,1.0,32.0
13-01680936,60606.0,42.0,1.0,32.0
13-01681065,60606.0,2.0,1.0,32.0
13-01681064,60606.0,2.0,1.0,28.0
13-01681101,60606.0,42.0,1.0,32.0
13-01682960,60606.0,2.0,1.0,32.0
13-01672578,60606.0,42.0,1.0,32.0
13-01658321,60606.0,42.0,1.0,32.0
13-01657004,60606.0,42.0,1.0,32.0
13-01657019,60606.0,2.0,1.0,32.0
13-01657010,60606.0,42.0,1.0,32.0
13-01657012,60606.0,42.0,1.0,32.0
13-01657048,60606.0,2.0,1.0,32.0
13-01657040,60606.0,2.0,1.0,28.0
13-01660479,60606.0,2.0,1.0,32.0
13-01634705,60606.0,42.0,1.0,32.0
13-01635000,60606.0,2.0,1.0,32.0
13-01610825,60606.0,42.0,1.0,32.0
13-01614739,60606.0,42.0,1.0,32.0
13-01601353,60606.0,42.0,1.0,32.0
13-01604080,60606.0,42.0,1.0,32.0
13-01604045,60606.0,42.0,1.0,32.0
13-01604063,60606.0,42.0,1.0,32.0
13-01604055,60606.0,42.0,1.0,32.0
13-01579786,60606.0,2.0,1.0,32.0
13-01579814,60606.0,42.0,1.0,32.0
13-01536188,60606.0,42.0,1.0,32.0
13-01522669,60606.0,42.0,1.0,32.0
13-01522815,60606.0,2.0,1.0,32.0
13-01522637,60606.0,42.0,1.0,32.0
13-01522619,60606.0,42.0,1.0,32.0
13-01524796,60606.0,42.0,12.0,28.0
13-01524603,60606.0,42.0,1.0,32.0
13-01524890,60606.0,2.0,1.0,32.0
13-01509801,60606.0,42.0,1.0,32.0
13-01509807,60606.0,42.0,1.0,32.0
13-01506797,60606.0,2.0,1.0,28.0
13-01506862,60606.0,2.0,1.0,28.0
13-01506837,60606.0,2.0,1.0,28.0
13-01506825,60606.0,2.0,1.0,28.0
13-01501541,60606.0,2.0,1.0,28.0
13-01501552,60606.0,2.0,1.0,28.0
13-01475270,60606.0,42.0,1.0,32.0
13-01472113,60606.0,42.0,1.0,32.0
13-01472511,60606.0,42.0,1.0,32.0
13-01472518,60606.0,42.0,1.0,32.0
13-01469303,60606.0,2.0,1.0,32.0
13-01465355,60606.0,42.0,1.0,32.0
13-01449112,60606.0,42.0,1.0,32.0
13-01453230,60606.0,42.0,1.0,32.0
13-01427887,60606.0,42.0,1.0,32.0
13-01432049,60606.0,42.0,1.0,32.0
13-01432026,60606.0,42.0,1.0,32.0
13-01408253,60606.0,42.0,1.0,32.0
13-01383869,60606.0,42.0,12.0,28.0
13-01375397,60606.0,2.0,1.0,32.0
13-01379947,60606.0,42.0,1.0,32.0
13-01367775,60606.0,42.0,1.0,32.0
13-01368971,60606.0,2.0,1.0,32.0
13-01367417,60606.0,42.0,1.0,32.0
13-01367401,60606.0,42.0,1.0,32.0
13-01367372,60606.0,42.0,1.0,32.0
13-01367499,60606.0,42.0,1.0,32.0
13-01367815,60606.0,42.0,1.0,32.0
13-01367792,60606.0,42.0,1.0,32.0
13-01367854,60606.0,42.0,1.0,32.0
13-01366695,60606.0,42.0,1.0,32.0
13-01366994,60606.0,42.0,1.0,32.0
13-01358551,60606.0,42.0,1.0,32.0
13-01357358,60606.0,42.0,1.0,32.0
13-01357353,60606.0,42.0,1.0,32.0
13-01350464,60606.0,42.0,1.0,32.0
13-01342845,60606.0,42.0,1.0,32.0
13-01343407,60606.0,42.0,1.0,32.0
13-01334953,60606.0,42.0,1.0,32.0
13-01299419,60606.0,42.0,1.0,32.0
13-01299397,60606.0,42.0,1.0,32.0
13-01290899,60606.0,42.0,1.0,32.0
13-01282208,60606.0,42.0,1.0,32.0
13-01282202,60606.0,42.0,1.0,32.0
13-01253983,60606.0,42.0,1.0,32.0
13-01246446,60606.0,42.0,1.0,32.0
13-01246421,60606.0,42.0,1.0,32.0
13-01243493,60606.0,42.0,1.0,28.0
13-01238003,60606.0,42.0,1.0,32.0
13-01234262,60606.0,42.0,1.0,28.0
13-01230897,60606.0,2.0,1.0,32.0
13-01219795,60606.0,42.0,1.0,32.0
13-01186025,60606.0,42.0,1.0,32.0
13-01155512,60606.0,42.0,1.0,32.0
13-01132995,60606.0,42.0,1.0,32.0
13-01133018,60606.0,42.0,1.0,32.0
13-01133114,60606.0,42.0,1.0,32.0
13-01133066,60606.0,42.0,1.0,32.0
13-01133135,60606.0,42.0,1.0,32.0
13-01127481,60606.0,42.0,1.0,32.0
13-01121636,60606.0,2.0,1.0,28.0
13-01122654,60606.0,42.0,1.0,32.0
13-01115326,60606.0,2.0,1.0,28.0
13-01115951,60606.0,2.0,1.0,28.0
13-01104545,60606.0,42.0,1.0,32.0
13-01104539,60606.0,42.0,1.0,32.0
13-01096837,60606.0,42.0,1.0,32.0
13-01098475,60606.0,42.0,1.0,32.0
13-01100119,60606.0,42.0,1.0,32.0
13-01100110,60606.0,42.0,1.0,32.0
13-01100087,60606.0,42.0,1.0,32.0
13-01083784,60606.0,42.0,1.0,32.0
13-01083870,60606.0,42.0,1.0,32.0
13-01083814,60606.0,42.0,1.0,32.0
13-01075232,60606.0,42.0,12.0,28.0
13-01067359,60606.0,42.0,1.0,32.0
13-01067403,60606.0,42.0,1.0,32.0
13-01059152,60606.0,42.0,1.0,32.0
13-01059925,60606.0,2.0,1.0,32.0
13-01059773,60606.0,42.0,1.0,32.0
13-01014154,60606.0,2.0,1.0,32.0
13-00972975,60606.0,42.0,12.0,28.0
13-00974050,60606.0,42.0,1.0,32.0
13-00974041,60606.0,42.0,1.0,32.0
13-00974040,60606.0,42.0,1.0,32.0
13-00974254,60606.0,42.0,1.0,32.0
13-00957852,60606.0,42.0,1.0,32.0
13-00957813,60606.0,42.0,1.0,32.0
13-00957618,60606.0,42.0,1.0,32.0
13-00957537,60606.0,42.0,1.0,32.0
13-00957253,60606.0,42.0,1.0,32.0
13-00940117,60606.0,42.0,1.0,32.0
13-00942993,60606.0,42.0,1.0,28.0
13-00915821,60606.0,42.0,18.0,8.0
13-00903763,60606.0,42.0,12.0,28.0
13-00895016,60606.0,2.0,1.0,28.0
13-00895039,60606.0,2.0,1.0,32.0
13-00895029,60606.0,2.0,1.0,28.0
13-00898122,60606.0,42.0,1.0,32.0
13-00883942,60606.0,42.0,1.0,32.0
13-00883986,60606.0,42.0,1.0,32.0
13-00883966,60606.0,42.0,1.0,32.0
13-00883344,60606.0,42.0,1.0,32.0
13-00883340,60606.0,42.0,1.0,32.0
13-00881261,60606.0,2.0,1.0,28.0
13-00868727,60606.0,2.0,1.0,32.0
13-00872040,60606.0,42.0,1.0,32.0
13-00867977,60606.0,42.0,1.0,32.0
13-00865994,60606.0,2.0,1.0,32.0
13-00865993,60606.0,42.0,1.0,32.0
13-00872032,60606.0,42.0,1.0,32.0
13-00862032,60606.0,42.0,1.0,32.0
13-00847910,60606.0,42.0,1.0,32.0
13-00828831,60606.0,42.0,1.0,32.0
13-00828799,60606.0,42.0,1.0,32.0
13-00830973,60606.0,42.0,1.0,28.0
13-00819703,60606.0,2.0,1.0,32.0
13-00798015,60606.0,42.0,12.0,28.0
13-00802545,60606.0,42.0,1.0,32.0
13-00794060,60606.0,42.0,1.0,32.0
13-00795434,60606.0,42.0,1.0,32.0
13-00794023,60606.0,42.0,1.0,28.0
13-00781460,60606.0,42.0,12.0,28.0
13-00768434,60606.0,42.0,12.0,28.0
13-00768406,60606.0,42.0,12.0,28.0
13-00733661,60606.0,42.0,1.0,32.0
13-00735086,60606.0,42.0,1.0,32.0
13-00733690,60606.0,42.0,1.0,32.0
13-00733716,60606.0,42.0,1.0,32.0
13-00735890,60606.0,42.0,1.0,28.0
13-00736978,60606.0,42.0,1.0,32.0
13-00732565,60606.0,42.0,1.0,32.0
13-00732557,60606.0,42.0,1.0,32.0
13-00732548,60606.0,2.0,1.0,32.0
13-00701970,60606.0,42.0,1.0,32.0
13-00701550,60606.0,42.0,1.0,32.0
13-00691888,60606.0,2.0,1.0,32.0
13-00689986,60606.0,42.0,1.0,32.0
13-00671018,60606.0,42.0,1.0,28.0
13-00662207,60606.0,42.0,1.0,32.0
13-00670864,60606.0,42.0,1.0,28.0
13-00643182,60606.0,42.0,1.0,32.0
13-00643188,60606.0,42.0,1.0,32.0
13-00613078,60606.0,42.0,1.0,32.0
13-00613252,60606.0,42.0,1.0,32.0
13-00613219,60606.0,42.0,1.0,32.0
13-00594803,60606.0,42.0,1.0,32.0
13-00594809,60606.0,42.0,1.0,32.0
13-00594821,60606.0,42.0,1.0,32.0
13-00593721,60606.0,2.0,1.0,32.0
13-00591785,60606.0,42.0,1.0,28.0
13-00574679,60606.0,2.0,1.0,32.0
13-00576536,60606.0,42.0,1.0,32.0
13-00577009,60606.0,42.0,1.0,32.0
13-00575779,60606.0,42.0,1.0,32.0
13-00575812,60606.0,42.0,1.0,32.0
13-00562388,60606.0,42.0,1.0,32.0
13-00557176,60606.0,42.0,1.0,32.0
13-00557911,60606.0,42.0,12.0,28.0
13-00557959,60606.0,42.0,1.0,28.0
13-00554554,60606.0,42.0,1.0,32.0
13-00554585,60606.0,42.0,1.0,32.0
13-00554600,60606.0,42.0,1.0,32.0
13-00554800,60606.0,2.0,1.0,32.0
13-00554803,60606.0,2.0,1.0,32.0
13-00557177,60606.0,42.0,1.0,32.0
13-00555186,60606.0,42.0,1.0,32.0
13-00555204,60606.0,42.0,1.0,32.0
13-00555194,60606.0,42.0,1.0,32.0
13-00550236,60606.0,42.0,1.0,32.0
13-00550546,60606.0,42.0,12.0,28.0
13-00541711,60606.0,42.0,12.0,28.0
13-00541703,60606.0,42.0,1.0,28.0
13-00537869,60606.0,2.0,1.0,28.0
13-00536767,60606.0,2.0,1.0,28.0
13-00531150,60606.0,42.0,1.0,32.0
13-00528394,60606.0,42.0,1.0,32.0
13-00529212,60606.0,2.0,1.0,32.0
13-00529209,60606.0,2.0,1.0,32.0
13-00501230,60606.0,2.0,1.0,28.0
13-00502894,60606.0,2.0,1.0,32.0
13-00502301,60606.0,2.0,1.0,28.0
13-00502292,60606.0,2.0,1.0,32.0
13-00502277,60606.0,42.0,1.0,32.0
13-00502288,60606.0,42.0,1.0,32.0
13-00502281,60606.0,2.0,1.0,32.0
13-00502330,60606.0,42.0,1.0,32.0
13-00502290,60606.0,42.0,1.0,28.0
13-00486415,60606.0,42.0,1.0,32.0
13-00486414,60606.0,42.0,1.0,32.0
13-00486412,60606.0,42.0,1.0,32.0
13-00486407,60606.0,42.0,1.0,32.0
13-00486403,60606.0,42.0,1.0,32.0
13-00486201,60606.0,42.0,1.0,32.0
13-00486890,60606.0,42.0,1.0,32.0
13-00486887,60606.0,42.0,1.0,32.0
13-00486899,60606.0,42.0,1.0,32.0
13-00481922,60606.0,42.0,1.0,32.0
13-00482955,60606.0,42.0,1.0,32.0
13-00468321,60606.0,42.0,1.0,32.0
13-00456269,60606.0,42.0,1.0,32.0
13-00456263,60606.0,42.0,1.0,32.0
13-00443776,60606.0,42.0,1.0,28.0
13-00435388,60606.0,42.0,1.0,32.0
13-00428844,60606.0,42.0,1.0,32.0
13-00428811,60606.0,42.0,1.0,32.0
13-00428751,60606.0,42.0,1.0,32.0
13-00428897,60606.0,42.0,1.0,32.0
13-00412350,60606.0,42.0,1.0,32.0
13-00407416,60606.0,42.0,1.0,32.0
13-00399517,60606.0,2.0,1.0,32.0
13-00399514,60606.0,2.0,1.0,32.0
13-00399512,60606.0,2.0,1.0,32.0
13-00399547,60606.0,42.0,1.0,32.0
13-00399546,60606.0,42.0,1.0,32.0
13-00399534,60606.0,42.0,1.0,32.0
13-00399543,60606.0,42.0,1.0,32.0
13-00399538,60606.0,42.0,1.0,32.0
13-00397808,60606.0,2.0,1.0,32.0
13-00385733,60606.0,42.0,1.0,32.0
13-00385769,60606.0,42.0,1.0,32.0
13-00385753,60606.0,42.0,1.0,32.0
13-00382518,60606.0,2.0,1.0,32.0
13-00372134,60606.0,2.0,1.0,32.0
13-00372015,60606.0,2.0,1.0,32.0
13-00372102,60606.0,2.0,1.0,32.0
13-00372146,60606.0,42.0,1.0,32.0
13-00372158,60606.0,42.0,1.0,32.0
13-00372794,60606.0,2.0,1.0,32.0
13-00367254,60606.0,42.0,1.0,32.0
13-00367316,60606.0,42.0,1.0,32.0
13-00361316,60606.0,42.0,1.0,32.0
13-00355912,60606.0,42.0,1.0,32.0
13-00350637,60606.0,42.0,1.0,32.0
13-00343945,60606.0,2.0,1.0,32.0
13-00343973,60606.0,42.0,1.0,32.0
13-00344188,60606.0,42.0,1.0,32.0
13-00344175,60606.0,42.0,1.0,32.0
13-00344164,60606.0,42.0,1.0,32.0
13-00346254,60606.0,42.0,1.0,32.0
13-00336307,60606.0,42.0,1.0,32.0
13-00336310,60606.0,42.0,1.0,32.0
13-00336314,60606.0,42.0,1.0,32.0
13-00336353,60606.0,42.0,1.0,32.0
13-00336375,60606.0,42.0,1.0,32.0
13-00336376,60606.0,42.0,1.0,32.0
13-00338185,60606.0,2.0,1.0,32.0
13-00338168,60606.0,2.0,1.0,32.0
13-00337174,60606.0,42.0,1.0,32.0
13-00332640,60606.0,42.0,1.0,32.0
13-00332634,60606.0,42.0,1.0,32.0
13-00332601,60606.0,42.0,1.0,32.0
13-00332615,60606.0,42.0,1.0,32.0
13-00332630,60606.0,42.0,1.0,32.0
13-00332626,60606.0,42.0,1.0,32.0
13-00332624,60606.0,42.0,1.0,32.0
13-00332650,60606.0,42.0,1.0,32.0
13-00333418,60606.0,42.0,12.0,28.0
13-00333964,60606.0,2.0,1.0,32.0
13-00312813,60606.0,42.0,1.0,32.0
13-00312810,60606.0,42.0,1.0,32.0
13-00312825,60606.0,42.0,1.0,32.0
13-00312883,60606.0,42.0,12.0,28.0
13-00315267,60606.0,42.0,1.0,32.0
13-00305996,60606.0,2.0,1.0,32.0
13-00305991,60606.0,2.0,1.0,32.0
13-00305980,60606.0,42.0,1.0,32.0
13-00305988,60606.0,42.0,1.0,32.0
13-00305984,60606.0,42.0,1.0,32.0
13-00308928,60606.0,2.0,1.0,32.0
13-00300919,60606.0,2.0,1.0,32.0
13-00300911,60606.0,42.0,1.0,32.0
13-00301082,60606.0,42.0,1.0,32.0
13-00293120,60606.0,42.0,1.0,32.0
13-00292343,60606.0,42.0,1.0,32.0
13-00279869,60606.0,2.0,1.0,28.0
13-00279866,60606.0,2.0,1.0,28.0
13-00269899,60606.0,42.0,1.0,32.0
13-00261407,60606.0,2.0,1.0,32.0
13-00261418,60606.0,2.0,1.0,32.0
13-00255254,60606.0,42.0,1.0,28.0
13-00249894,60606.0,42.0,1.0,32.0
13-00249890,60606.0,42.0,1.0,32.0
13-00249888,60606.0,42.0,1.0,32.0
13-00249900,60606.0,42.0,1.0,32.0
13-00241278,60606.0,42.0,1.0,32.0
13-00241151,60606.0,42.0,1.0,28.0
13-00237600,60606.0,42.0,1.0,32.0
13-00233711,60606.0,42.0,1.0,32.0
13-00233707,60606.0,42.0,1.0,32.0
13-00233705,60606.0,42.0,1.0,32.0
13-00233704,60606.0,42.0,1.0,32.0
13-00233677,60606.0,42.0,1.0,32.0
13-00233661,60606.0,42.0,1.0,32.0
13-00233702,60606.0,42.0,1.0,32.0
13-00233659,60606.0,42.0,1.0,32.0
13-00233674,60606.0,42.0,1.0,32.0
13-00233664,60606.0,42.0,1.0,32.0
13-00233671,60606.0,42.0,1.0,32.0
13-00233666,60606.0,42.0,1.0,32.0
13-00233688,60606.0,42.0,1.0,32.0
13-00233685,60606.0,42.0,1.0,32.0
13-00233699,60606.0,42.0,1.0,32.0
13-00233682,60606.0,42.0,1.0,32.0
13-00233697,60606.0,2.0,1.0,32.0
13-00233693,60606.0,2.0,1.0,32.0
13-00233690,60606.0,2.0,1.0,32.0
13-00233713,60606.0,42.0,1.0,32.0
13-00228529,60606.0,42.0,1.0,28.0
13-00228479,60606.0,42.0,1.0,28.0
13-00227747,60606.0,42.0,1.0,28.0
13-00218570,60606.0,2.0,1.0,32.0
13-00222041,60606.0,42.0,1.0,32.0
13-00214660,60606.0,2.0,1.0,32.0
13-00214656,60606.0,2.0,1.0,32.0
13-00214685,60606.0,2.0,1.0,32.0
13-00214693,60606.0,2.0,1.0,32.0
13-00211413,60606.0,42.0,1.0,32.0
13-00199820,60606.0,42.0,1.0,32.0
13-00199575,60606.0,42.0,1.0,32.0
13-00199570,60606.0,42.0,1.0,32.0
13-00199566,60606.0,42.0,1.0,32.0
13-00199563,60606.0,2.0,1.0,32.0
13-00199987,60606.0,42.0,1.0,32.0
13-00196537,60606.0,42.0,1.0,32.0
13-00186774,60606.0,2.0,1.0,32.0
13-00186789,60606.0,2.0,1.0,32.0
13-00179278,60606.0,42.0,1.0,32.0
13-00173525,60606.0,42.0,1.0,32.0
13-00173518,60606.0,42.0,1.0,32.0
13-00173577,60606.0,42.0,1.0,28.0
13-00173572,60606.0,2.0,1.0,32.0
13-00173539,60606.0,42.0,1.0,32.0
13-00173562,60606.0,2.0,1.0,32.0
13-00173547,60606.0,42.0,1.0,32.0
13-00173580,60606.0,2.0,1.0,28.0
13-00173648,60606.0,42.0,1.0,32.0
13-00173645,60606.0,42.0,1.0,32.0
13-00173663,60606.0,42.0,1.0,28.0
13-00160794,60606.0,42.0,1.0,32.0
13-00158214,60606.0,42.0,1.0,32.0
13-00152852,60606.0,42.0,1.0,32.0
13-00152906,60606.0,42.0,1.0,32.0
13-00152927,60606.0,42.0,1.0,32.0
13-00152947,60606.0,42.0,1.0,32.0
13-00153907,60606.0,2.0,1.0,32.0
13-00153928,60606.0,2.0,1.0,32.0
13-00153961,60606.0,42.0,1.0,32.0
13-00153967,60606.0,42.0,1.0,32.0
13-00153978,60606.0,42.0,1.0,32.0
13-00133598,60606.0,42.0,1.0,32.0
13-00134308,60606.0,42.0,1.0,32.0
13-00126667,60606.0,42.0,12.0,28.0
13-00127270,60606.0,42.0,1.0,32.0
13-00127324,60606.0,42.0,12.0,28.0
13-00127354,60606.0,42.0,1.0,32.0
13-00127357,60606.0,42.0,1.0,32.0
13-00107719,60606.0,42.0,1.0,32.0
13-00103675,60606.0,42.0,12.0,28.0
13-00096064,60606.0,42.0,1.0,32.0
13-00080968,60606.0,42.0,1.0,32.0
13-00081000,60606.0,42.0,1.0,32.0
13-00081066,60606.0,42.0,1.0,32.0
13-00081087,60606.0,42.0,1.0,32.0
13-00074701,60606.0,2.0,1.0,28.0
13-00071650,60606.0,42.0,1.0,32.0
13-00071667,60606.0,42.0,1.0,32.0
13-00071678,60606.0,42.0,1.0,32.0
13-00057896,60606.0,2.0,1.0,32.0
13-00057863,60606.0,2.0,1.0,32.0
13-00055354,60606.0,42.0,1.0,32.0
13-00052647,60606.0,42.0,1.0,32.0
13-00052666,60606.0,42.0,1.0,32.0
13-00052669,60606.0,42.0,1.0,32.0
13-00039737,60606.0,42.0,1.0,28.0
13-00034840,60606.0,42.0,12.0,28.0
13-00035245,60606.0,42.0,1.0,32.0
12-02056311,60606.0,42.0,1.0,32.0
12-02055741,60606.0,42.0,1.0,32.0
12-02030655,60606.0,42.0,1.0,32.0
12-02015618,60606.0,2.0,1.0,32.0
12-02015634,60606.0,2.0,1.0,32.0
12-02015636,60606.0,2.0,1.0,32.0
12-02001637,60606.0,42.0,1.0,32.0
12-01968582,60606.0,42.0,1.0,32.0
12-01934818,60606.0,42.0,12.0,28.0
12-01931426,60606.0,42.0,1.0,32.0
12-01926964,60606.0,42.0,12.0,28.0
12-01902563,60606.0,42.0,1.0,32.0
12-01847887,60606.0,42.0,1.0,32.0
12-01843927,60606.0,42.0,1.0,32.0
12-01829826,60606.0,42.0,1.0,32.0
12-01813659,60606.0,42.0,1.0,32.0
12-01813520,60606.0,42.0,1.0,32.0
12-01795270,60606.0,2.0,1.0,32.0
12-01782473,60606.0,42.0,1.0,32.0
12-01763000,60606.0,42.0,1.0,32.0
12-01704522,60606.0,2.0,1.0,32.0
12-01704518,60606.0,2.0,1.0,32.0
12-01686994,60606.0,2.0,1.0,32.0
12-01678952,60606.0,42.0,1.0,32.0
12-01646436,60606.0,42.0,12.0,28.0
12-01625546,60606.0,42.0,1.0,32.0
12-01625497,60606.0,2.0,1.0,28.0
12-01625571,60606.0,2.0,1.0,32.0
12-01625828,60606.0,42.0,1.0,32.0
12-01625916,60606.0,42.0,12.0,28.0
12-01622959,60606.0,2.0,1.0,32.0
12-01610385,60606.0,2.0,1.0,28.0
12-01611649,60606.0,2.0,1.0,28.0
12-01611657,60606.0,2.0,1.0,28.0
12-01611680,60606.0,42.0,1.0,32.0
12-01603055,60606.0,42.0,1.0,32.0
12-01572826,60606.0,42.0,1.0,32.0
12-01518723,60606.0,2.0,1.0,32.0
12-01515113,60606.0,42.0,1.0,32.0
12-01513809,60606.0,2.0,1.0,28.0
12-01513799,60606.0,2.0,1.0,32.0
12-01483144,60606.0,2.0,1.0,32.0
12-01458554,60606.0,42.0,1.0,32.0
12-01440504,60606.0,42.0,1.0,32.0
12-01393333,60606.0,42.0,1.0,32.0
12-01368359,60606.0,42.0,1.0,32.0
12-01340236,60606.0,42.0,1.0,32.0
12-01330213,60606.0,42.0,1.0,32.0
12-01334106,60606.0,42.0,1.0,32.0
12-01278604,60606.0,42.0,1.0,28.0
12-01276762,60606.0,42.0,1.0,28.0
12-01278581,60606.0,42.0,1.0,32.0
12-01278603,60606.0,42.0,1.0,28.0
12-01260545,60606.0,42.0,1.0,32.0
12-01257341,60606.0,42.0,1.0,32.0
12-01223992,60606.0,42.0,12.0,28.0
12-01152126,60606.0,42.0,1.0,28.0
12-01097935,60606.0,42.0,1.0,32.0
12-01099067,60606.0,42.0,1.0,32.0
12-01058170,60606.0,2.0,1.0,28.0
12-01010970,60606.0,2.0,1.0,28.0
12-00982163,60606.0,42.0,1.0,32.0
12-00973750,60606.0,42.0,1.0,32.0
12-00973089,60606.0,42.0,1.0,32.0
12-00973229,60606.0,42.0,1.0,28.0
12-00965295,60606.0,2.0,1.0,32.0
12-00966009,60606.0,2.0,1.0,28.0
12-00965984,60606.0,42.0,12.0,28.0
12-00966110,60606.0,2.0,1.0,32.0
12-00964316,60606.0,42.0,1.0,32.0
12-00964306,60606.0,42.0,1.0,32.0
12-00964360,60606.0,42.0,1.0,32.0
12-00964351,60606.0,42.0,1.0,32.0
12-00964780,60606.0,42.0,1.0,28.0
12-00956584,60606.0,42.0,1.0,32.0
12-00957739,60606.0,42.0,1.0,28.0
12-00928197,60606.0,42.0,1.0,32.0
12-00927034,60606.0,42.0,1.0,28.0
12-00926962,60606.0,2.0,1.0,28.0
12-00927247,60606.0,42.0,1.0,28.0
12-00923171,60606.0,42.0,1.0,32.0
12-00923728,60606.0,42.0,12.0,28.0
12-00915388,60606.0,42.0,1.0,32.0
12-00911763,60606.0,42.0,1.0,32.0
12-00916701,60606.0,42.0,12.0,28.0
12-00904668,60606.0,42.0,1.0,32.0
12-00904731,60606.0,42.0,1.0,32.0
12-00896992,60606.0,42.0,1.0,32.0
12-00892302,60606.0,42.0,1.0,32.0
12-00875867,60606.0,42.0,1.0,32.0
12-00862521,60606.0,42.0,1.0,32.0
12-00851199,60606.0,42.0,1.0,28.0
12-00841737,60606.0,2.0,1.0,32.0
12-00825029,60606.0,42.0,1.0,32.0
12-00820100,60606.0,2.0,1.0,32.0
12-00796121,60606.0,42.0,1.0,32.0
12-00774579,60606.0,2.0,1.0,32.0
12-00756620,60606.0,42.0,1.0,32.0
12-00739905,60606.0,42.0,1.0,32.0
12-00739900,60606.0,42.0,1.0,32.0
12-00739894,60606.0,42.0,1.0,32.0
12-00730461,60606.0,2.0,1.0,32.0
12-00716061,60606.0,2.0,1.0,32.0
12-00716602,60606.0,42.0,1.0,32.0
12-00597358,60606.0,42.0,1.0,32.0
12-00595127,60606.0,42.0,1.0,32.0
12-00582942,60606.0,42.0,1.0,32.0
12-00582929,60606.0,42.0,1.0,28.0
12-00582191,60606.0,2.0,1.0,28.0
12-00571211,60606.0,42.0,12.0,28.0
12-00560547,60606.0,2.0,1.0,32.0
12-00560540,60606.0,2.0,1.0,32.0
12-00201927,60606.0,42.0,1.0,32.0
12-00201920,60606.0,42.0,1.0,32.0
12-00190762,60606.0,42.0,1.0,32.0
12-00119127,60606.0,2.0,1.0,32.0
12-00119942,60606.0,42.0,1.0,32.0
12-00114323,60606.0,42.0,1.0,32.0
12-00114464,60606.0,42.0,1.0,32.0
12-00114481,60606.0,42.0,1.0,32.0
12-00114494,60606.0,42.0,1.0,32.0
12-00115872,60606.0,42.0,1.0,32.0
12-00113959,60606.0,42.0,1.0,28.0
12-00114989,60606.0,42.0,1.0,32.0
12-00102805,60606.0,2.0,1.0,32.0
12-00093003,60606.0,2.0,1.0,32.0
12-00086578,60606.0,2.0,1.0,32.0
12-00082361,60606.0,2.0,1.0,32.0
12-00079084,60606.0,2.0,1.0,32.0
12-00046292,60606.0,2.0,1.0,32.0
12-00020346,60606.0,2.0,1.0,32.0
12-00015115,60606.0,42.0,1.0,32.0
12-00015390,60606.0,42.0,1.0,32.0
12-00015634,60606.0,42.0,1.0,32.0
12-00016416,60606.0,2.0,1.0,32.0
12-00016421,60606.0,2.0,1.0,32.0
12-00016437,60606.0,2.0,1.0,32.0
12-00014599,60606.0,42.0,1.0,32.0
12-00006755,60606.0,2.0,1.0,28.0
12-00006780,60606.0,2.0,1.0,28.0
12-00014595,60606.0,42.0,1.0,32.0
12-00014604,60606.0,42.0,1.0,32.0
11-04311199,60606.0,2.0,1.0,32.0
11-04309966,60606.0,42.0,1.0,28.0
11-04309419,60606.0,42.0,1.0,28.0
11-04301286,60606.0,42.0,12.0,28.0
11-04301276,60606.0,42.0,1.0,32.0
11-04293944,60606.0,42.0,1.0,28.0
11-04283400,60606.0,42.0,12.0,28.0
11-04274655,60606.0,2.0,1.0,28.0
11-04263805,60606.0,42.0,1.0,32.0
11-04263801,60606.0,42.0,1.0,32.0
11-04267063,60606.0,2.0,1.0,32.0
11-04258121,60606.0,42.0,1.0,32.0
11-04258181,60606.0,42.0,1.0,32.0
11-04258194,60606.0,2.0,1.0,32.0
11-04255992,60606.0,2.0,1.0,32.0
11-04233740,60606.0,2.0,1.0,32.0
11-04222865,60606.0,2.0,1.0,32.0
11-04221849,60606.0,42.0,1.0,32.0
11-04207482,60606.0,2.0,1.0,32.0
11-04181503,60606.0,42.0,1.0,32.0
11-04168036,60606.0,2.0,1.0,32.0
11-04168029,60606.0,2.0,1.0,32.0
11-04168160,60606.0,2.0,1.0,32.0
11-04168148,60606.0,2.0,1.0,32.0
11-04168142,60606.0,2.0,1.0,32.0
11-04151074,60606.0,2.0,1.0,32.0
11-04151023,60606.0,42.0,1.0,32.0
11-04151009,60606.0,42.0,1.0,32.0
11-04151017,60606.0,42.0,1.0,32.0
11-04151039,60606.0,42.0,1.0,28.0
11-04151031,60606.0,42.0,12.0,28.0
11-04151065,60606.0,2.0,1.0,32.0
11-04151057,60606.0,42.0,1.0,28.0
11-04140815,60606.0,42.0,1.0,32.0
11-04140806,60606.0,42.0,1.0,32.0
11-04140802,60606.0,42.0,1.0,32.0
11-04140852,60606.0,2.0,1.0,32.0
11-04140848,60606.0,42.0,1.0,28.0
11-04140855,60606.0,2.0,1.0,32.0
11-04132286,60606.0,42.0,1.0,28.0
11-04114890,60606.0,42.0,12.0,28.0
11-04113126,60606.0,42.0,1.0,32.0
11-04113672,60606.0,42.0,1.0,32.0
11-04113699,60606.0,42.0,1.0,32.0
11-04113692,60606.0,2.0,1.0,32.0
11-04117648,60606.0,42.0,1.0,32.0
11-04070303,60606.0,42.0,1.0,32.0
11-04055781,60606.0,2.0,1.0,32.0
11-04021273,60606.0,42.0,1.0,32.0
11-04021265,60606.0,42.0,1.0,32.0
11-04021260,60606.0,42.0,1.0,32.0
11-04021281,60606.0,2.0,1.0,28.0
11-03981242,60606.0,42.0,1.0,32.0
11-03938366,60606.0,42.0,1.0,32.0
11-03938192,60606.0,42.0,1.0,32.0
11-03938179,60606.0,42.0,1.0,32.0
11-03938263,60606.0,42.0,1.0,32.0
11-03938253,60606.0,42.0,1.0,32.0
11-03938325,60606.0,2.0,1.0,32.0
11-03928971,60606.0,2.0,1.0,32.0
11-03917220,60606.0,42.0,12.0,28.0
11-03863147,60606.0,2.0,1.0,32.0
11-03850897,60606.0,42.0,1.0,32.0
11-03844978,60606.0,2.0,1.0,32.0
11-03840639,60606.0,42.0,1.0,32.0
11-03809016,60606.0,42.0,1.0,32.0
11-03809022,60606.0,42.0,1.0,32.0
11-03794472,60606.0,42.0,1.0,32.0
11-03775598,60606.0,2.0,1.0,32.0
11-03775552,60606.0,2.0,1.0,32.0
11-03775540,60606.0,42.0,1.0,32.0
11-03775577,60606.0,2.0,1.0,32.0
11-03775565,60606.0,2.0,1.0,32.0
11-03765327,60606.0,42.0,1.0,32.0
11-03754542,60606.0,2.0,1.0,32.0
11-03750416,60606.0,42.0,1.0,28.0
11-03740845,60606.0,2.0,1.0,32.0
11-03740994,60606.0,42.0,1.0,32.0
11-03741116,60606.0,42.0,1.0,32.0
11-03741204,60606.0,42.0,1.0,32.0
11-03728607,60606.0,2.0,1.0,32.0
11-03728596,60606.0,2.0,1.0,32.0
11-03728591,60606.0,42.0,1.0,32.0
11-03728661,60606.0,42.0,1.0,32.0
11-03728669,60606.0,2.0,1.0,32.0
11-03711682,60606.0,42.0,1.0,32.0
11-03713272,60606.0,42.0,1.0,32.0
11-03713298,60606.0,42.0,1.0,32.0
11-03713282,60606.0,42.0,1.0,32.0
11-03713320,60606.0,42.0,1.0,32.0
11-03713486,60606.0,42.0,1.0,32.0
11-03713501,60606.0,42.0,1.0,32.0
11-03715255,60606.0,2.0,1.0,32.0
11-03728413,60606.0,2.0,1.0,32.0
11-03728257,60606.0,2.0,1.0,32.0
11-03710665,60606.0,42.0,1.0,32.0
11-03705408,60606.0,42.0,1.0,32.0
11-03653160,60606.0,42.0,1.0,32.0
11-03636360,60606.0,42.0,1.0,32.0
11-03637097,60606.0,42.0,1.0,32.0
11-03637092,60606.0,42.0,1.0,32.0
11-03631216,60606.0,42.0,1.0,32.0
11-03629609,60606.0,42.0,1.0,32.0
11-03622928,60606.0,42.0,1.0,32.0
11-03602092,60606.0,42.0,1.0,32.0
11-03592629,60606.0,42.0,1.0,28.0
11-03581739,60606.0,42.0,18.0,8.0
11-03581383,60606.0,42.0,1.0,32.0
11-03575163,60606.0,42.0,1.0,32.0
11-03566871,60606.0,42.0,1.0,32.0
11-03570338,60606.0,42.0,1.0,32.0
11-03570842,60606.0,42.0,1.0,28.0
11-03507571,60606.0,42.0,12.0,28.0
11-03507590,60606.0,42.0,12.0,28.0
11-03498653,60606.0,2.0,1.0,28.0
11-03482275,60606.0,2.0,1.0,28.0
11-03482270,60606.0,2.0,1.0,28.0
11-03471591,60606.0,42.0,1.0,32.0
11-03471625,60606.0,42.0,1.0,32.0
11-03471606,60606.0,42.0,1.0,32.0
11-03471750,60606.0,42.0,1.0,32.0
11-03471710,60606.0,42.0,1.0,32.0
11-03455858,60606.0,42.0,1.0,32.0
11-03450953,60606.0,42.0,1.0,32.0
11-03450890,60606.0,42.0,1.0,32.0
11-03450800,60606.0,42.0,1.0,32.0
11-03451098,60606.0,42.0,1.0,32.0
11-03451367,60606.0,42.0,1.0,32.0
11-03395063,60606.0,42.0,1.0,32.0
11-03383795,60606.0,2.0,1.0,32.0
11-03364167,60606.0,2.0,1.0,28.0
11-03352147,60606.0,2.0,1.0,32.0
11-03342000,60606.0,42.0,12.0,28.0
11-03334846,60606.0,2.0,1.0,32.0
11-03307089,60606.0,42.0,1.0,32.0
11-03283614,60606.0,2.0,1.0,32.0
11-03269907,60606.0,42.0,1.0,32.0
11-03244821,60606.0,2.0,1.0,32.0
11-02864447,60606.0,42.0,1.0,32.0
11-02864498,60606.0,42.0,12.0,28.0
11-02864486,60606.0,42.0,1.0,32.0
11-02702935,60606.0,42.0,1.0,32.0
11-02658311,60606.0,42.0,1.0,32.0
11-02660109,60606.0,42.0,1.0,32.0
11-02658368,60606.0,42.0,1.0,32.0
11-02658403,60606.0,42.0,1.0,32.0
11-02658394,60606.0,42.0,1.0,32.0
11-02660073,60606.0,42.0,1.0,32.0
11-02662059,60606.0,42.0,1.0,32.0
11-02538481,60606.0,42.0,1.0,32.0
11-02451638,60606.0,42.0,1.0,32.0
11-02567454,60606.0,42.0,1.0,32.0
11-02567740,60606.0,42.0,1.0,32.0
11-02447474,60606.0,2.0,1.0,32.0
11-02446975,60606.0,2.0,1.0,32.0
11-02446999,60606.0,42.0,1.0,32.0
11-02446990,60606.0,42.0,1.0,32.0
11-02447034,60606.0,42.0,1.0,32.0
11-02448495,60606.0,42.0,1.0,32.0
11-02448084,60606.0,2.0,1.0,32.0
11-02562555,60606.0,2.0,1.0,32.0
11-02562490,60606.0,2.0,1.0,32.0
11-02380522,60606.0,42.0,1.0,32.0
11-02411485,60606.0,2.0,1.0,32.0
11-02330085,60606.0,2.0,1.0,32.0
11-02300866,60606.0,42.0,1.0,32.0
11-02229178,60606.0,2.0,1.0,32.0
11-02229159,60606.0,42.0,1.0,28.0
11-02199929,60606.0,42.0,1.0,32.0
11-02156066,60606.0,42.0,1.0,32.0
11-02200404,60606.0,42.0,1.0,32.0
11-02155965,60606.0,42.0,1.0,32.0
11-02134005,60606.0,42.0,1.0,32.0
11-02090232,60606.0,42.0,1.0,32.0
11-02123404,60606.0,42.0,1.0,32.0
11-01833108,60606.0,42.0,1.0,32.0
11-01797531,60606.0,42.0,1.0,32.0
11-01797618,60606.0,2.0,1.0,32.0
11-01625580,60606.0,42.0,1.0,32.0
11-01619668,60606.0,42.0,1.0,32.0
11-01440281,60606.0,42.0,1.0,32.0
11-01402849,60606.0,42.0,12.0,28.0
11-01403004,60606.0,42.0,1.0,32.0
11-01423372,60606.0,42.0,1.0,32.0
11-01423510,60606.0,42.0,1.0,32.0
11-01423590,60606.0,42.0,1.0,32.0
11-01423558,60606.0,42.0,1.0,32.0
11-01368567,60606.0,2.0,1.0,32.0
11-01187203,60606.0,42.0,1.0,32.0
11-01115092,60606.0,42.0,1.0,32.0
11-01065791,60606.0,42.0,1.0,32.0
11-00947147,60606.0,42.0,1.0,32.0
11-00947137,60606.0,42.0,1.0,32.0
11-00947168,60606.0,42.0,1.0,32.0
11-00933315,60606.0,2.0,1.0,32.0
11-00877286,60606.0,2.0,1.0,32.0
11-00877268,60606.0,2.0,1.0,32.0
11-00877237,60606.0,42.0,1.0,32.0
11-01116212,60606.0,42.0,1.0,28.0
11-00826084,60606.0,42.0,1.0,32.0
11-00797377,60606.0,2.0,1.0,28.0
11-00797408,60606.0,2.0,1.0,28.0
11-00797444,60606.0,2.0,1.0,32.0
11-00797426,60606.0,2.0,1.0,32.0
11-00799315,60606.0,42.0,1.0,32.0
11-00805866,60606.0,2.0,1.0,32.0
11-00846708,60606.0,42.0,1.0,32.0
11-00846688,60606.0,42.0,1.0,32.0
11-00799177,60606.0,42.0,1.0,32.0
11-00692377,60606.0,42.0,1.0,32.0
11-00692358,60606.0,42.0,1.0,32.0
11-00692398,60606.0,42.0,1.0,32.0
11-00692382,60606.0,42.0,1.0,32.0
11-00653708,60606.0,42.0,1.0,28.0
11-00636073,60606.0,42.0,1.0,28.0
11-00653687,60606.0,42.0,1.0,28.0
11-00611814,60606.0,2.0,1.0,32.0
11-00610870,60606.0,42.0,18.0,8.0
11-00613522,60606.0,42.0,1.0,28.0
11-00473429,60606.0,42.0,1.0,32.0
11-00413224,60606.0,42.0,1.0,32.0
11-00413674,60606.0,42.0,1.0,32.0
11-00329647,60606.0,2.0,1.0,32.0
11-00329646,60606.0,2.0,1.0,32.0
11-00317289,60606.0,42.0,1.0,28.0
11-00317286,60606.0,42.0,1.0,28.0
11-00271344,60606.0,42.0,1.0,32.0
11-00242811,60606.0,42.0,1.0,32.0
11-00243343,60606.0,42.0,1.0,32.0
11-00159237,60606.0,2.0,1.0,28.0
11-00019396,60606.0,2.0,1.0,32.0
11-00019375,60606.0,2.0,1.0,32.0
11-00006309,60606.0,42.0,1.0,32.0
10-02065991,60606.0,42.0,1.0,32.0
10-02068376,60606.0,42.0,1.0,28.0
