15-04885241,60615.0,5.0,2.0,41.0
15-04852614,60615.0,5.0,2.0,41.0
15-04852643,60615.0,5.0,2.0,41.0
15-04852641,60615.0,5.0,2.0,41.0
15-04807045,60615.0,4.0,2.0,41.0
15-04697014,60615.0,3.0,2.0,40.0
15-04647502,60615.0,3.0,2.0,40.0
15-04621235,60615.0,3.0,2.0,40.0
15-04568705,60615.0,4.0,2.0,41.0
15-04568535,60615.0,4.0,2.0,41.0
15-04568555,60615.0,4.0,2.0,41.0
15-04498892,60615.0,4.0,2.0,39.0
15-04498879,60615.0,4.0,2.0,39.0
15-04498855,60615.0,4.0,2.0,39.0
15-04472756,60615.0,4.0,2.0,39.0
15-04472287,60615.0,5.0,2.0,41.0
15-04440808,60615.0,4.0,2.0,39.0
15-04380643,60615.0,5.0,2.0,41.0
15-04380628,60615.0,5.0,2.0,41.0
15-04380623,60615.0,5.0,2.0,41.0
15-04329042,60615.0,4.0,2.0,40.0
15-04200981,60615.0,4.0,2.0,39.0
15-04050208,60615.0,5.0,2.0,39.0
15-04007608,60615.0,4.0,2.0,38.0
15-03980851,60615.0,4.0,2.0,39.0
15-03889900,60615.0,5.0,2.0,41.0
15-03889924,60615.0,5.0,2.0,41.0
15-03771057,60615.0,4.0,2.0,39.0
15-03752971,60615.0,4.0,2.0,39.0
15-03681614,60615.0,5.0,2.0,41.0
15-03681646,60615.0,5.0,2.0,41.0
15-03681621,60615.0,4.0,2.0,41.0
15-03680773,60615.0,3.0,2.0,38.0
15-03657227,60615.0,5.0,2.0,41.0
15-03572364,60615.0,5.0,2.0,41.0
15-03516710,60615.0,5.0,2.0,41.0
15-03472655,60615.0,5.0,2.0,41.0
15-03368196,60615.0,4.0,2.0,39.0
15-03325347,60615.0,4.0,2.0,39.0
15-03266547,60615.0,5.0,2.0,41.0
15-03276673,60615.0,5.0,2.0,41.0
15-03276397,60615.0,5.0,2.0,41.0
15-03109663,60615.0,4.0,2.0,38.0
15-03109658,60615.0,4.0,2.0,38.0
15-03109452,60615.0,4.0,2.0,39.0
15-03109449,60615.0,4.0,2.0,39.0
15-03109457,60615.0,4.0,2.0,39.0
15-03110087,60615.0,4.0,2.0,39.0
15-03109527,60615.0,3.0,2.0,38.0
15-03109522,60615.0,4.0,2.0,39.0
15-03066058,60615.0,4.0,2.0,39.0
15-03065986,60615.0,4.0,2.0,39.0
15-03070896,60615.0,5.0,2.0,41.0
15-03066197,60615.0,4.0,2.0,39.0
15-03002379,60615.0,4.0,2.0,39.0
15-02968001,60615.0,4.0,2.0,39.0
15-02970151,60615.0,4.0,2.0,39.0
15-02970219,60615.0,4.0,2.0,39.0
15-02971826,60615.0,4.0,2.0,39.0
15-02915789,60615.0,5.0,2.0,41.0
15-02915788,60615.0,5.0,2.0,41.0
15-02915835,60615.0,5.0,2.0,41.0
15-02927711,60615.0,4.0,2.0,39.0
15-02836460,60615.0,4.0,2.0,39.0
15-02836450,60615.0,4.0,2.0,39.0
15-02770734,60615.0,3.0,2.0,38.0
15-02782606,60615.0,3.0,2.0,38.0
15-02776966,60615.0,3.0,2.0,38.0
15-02770611,60615.0,3.0,2.0,38.0
15-02770741,60615.0,3.0,2.0,38.0
15-02756306,60615.0,3.0,2.0,38.0
15-02724769,60615.0,3.0,2.0,38.0
15-02711471,60615.0,3.0,2.0,38.0
15-02569158,60615.0,3.0,2.0,38.0
15-02413322,60615.0,4.0,2.0,41.0
15-02413333,60615.0,4.0,2.0,41.0
15-02026955,60615.0,3.0,2.0,40.0
15-01954589,60615.0,3.0,2.0,38.0
15-01924580,60615.0,3.0,2.0,38.0
15-01880793,60615.0,5.0,2.0,41.0
15-01835708,60615.0,5.0,2.0,41.0
15-01812602,60615.0,3.0,2.0,40.0
15-01812635,60615.0,3.0,2.0,40.0
15-01793925,60615.0,3.0,2.0,40.0
15-01742896,60615.0,3.0,2.0,40.0
15-01745671,60615.0,4.0,2.0,39.0
15-01623425,60615.0,3.0,2.0,40.0
15-01590303,60615.0,3.0,2.0,40.0
15-01555698,60615.0,5.0,2.0,41.0
15-01554537,60615.0,3.0,2.0,38.0
15-01554530,60615.0,3.0,2.0,38.0
15-01554515,60615.0,3.0,2.0,38.0
15-01554523,60615.0,3.0,2.0,38.0
15-01531567,60615.0,5.0,2.0,41.0
15-01499665,60615.0,3.0,2.0,38.0
15-01499655,60615.0,3.0,2.0,38.0
15-01500031,60615.0,3.0,2.0,38.0
15-01499986,60615.0,3.0,2.0,38.0
15-01500070,60615.0,3.0,2.0,38.0
15-01396609,60615.0,5.0,2.0,41.0
15-01396615,60615.0,5.0,2.0,41.0
15-01368294,60615.0,4.0,2.0,41.0
15-01343903,60615.0,4.0,2.0,41.0
15-01066235,60615.0,4.0,2.0,41.0
15-01043355,60615.0,5.0,2.0,41.0
15-01021036,60615.0,4.0,2.0,41.0
15-01015605,60615.0,4.0,2.0,38.0
15-00983241,60615.0,4.0,2.0,41.0
15-00983567,60615.0,4.0,2.0,39.0
15-00965738,60615.0,5.0,2.0,41.0
15-00943176,60615.0,4.0,2.0,41.0
15-00911895,60615.0,4.0,2.0,41.0
15-00882431,60615.0,3.0,2.0,38.0
15-00835445,60615.0,3.0,2.0,38.0
15-00835811,60615.0,4.0,2.0,41.0
15-00820313,60615.0,4.0,2.0,38.0
15-00820357,60615.0,4.0,2.0,38.0
15-00822178,60615.0,3.0,2.0,38.0
15-00822171,60615.0,3.0,2.0,38.0
15-00808924,60615.0,4.0,2.0,39.0
15-00788494,60615.0,4.0,2.0,41.0
15-00789416,60615.0,3.0,2.0,38.0
15-00789125,60615.0,3.0,2.0,38.0
15-00795093,60615.0,4.0,2.0,39.0
15-00740182,60615.0,4.0,2.0,39.0
15-00731447,60615.0,3.0,2.0,38.0
15-00669329,60615.0,4.0,2.0,39.0
15-00645335,60615.0,3.0,2.0,38.0
15-00614288,60615.0,4.0,2.0,39.0
15-00616606,60615.0,4.0,2.0,38.0
15-00556530,60615.0,4.0,2.0,39.0
15-00541899,60615.0,4.0,2.0,41.0
15-00541894,60615.0,4.0,2.0,41.0
15-00523691,60615.0,4.0,2.0,39.0
15-00519781,60615.0,4.0,2.0,39.0
15-00528979,60615.0,4.0,2.0,39.0
15-00523266,60615.0,4.0,2.0,38.0
15-00522992,60615.0,4.0,2.0,39.0
15-00523702,60615.0,4.0,2.0,41.0
15-00525252,60615.0,4.0,2.0,41.0
15-00525275,60615.0,4.0,2.0,41.0
15-00528473,60615.0,4.0,2.0,39.0
15-00502990,60615.0,4.0,2.0,39.0
15-00504918,60615.0,4.0,2.0,39.0
15-00504271,60615.0,4.0,2.0,39.0
15-00512215,60615.0,4.0,2.0,39.0
15-00503634,60615.0,4.0,2.0,41.0
15-00503625,60615.0,4.0,2.0,41.0
15-00503623,60615.0,4.0,2.0,41.0
15-00509105,60615.0,4.0,2.0,39.0
15-00508781,60615.0,4.0,2.0,39.0
15-00499541,60615.0,4.0,2.0,41.0
15-00420546,60615.0,4.0,2.0,41.0
15-00401204,60615.0,4.0,2.0,41.0
15-00310034,60615.0,4.0,2.0,39.0
15-00310027,60615.0,4.0,2.0,41.0
15-00310021,60615.0,4.0,2.0,41.0
15-00310012,60615.0,5.0,2.0,41.0
15-00277920,60615.0,3.0,2.0,38.0
15-00276325,60615.0,4.0,2.0,41.0
15-00250427,60615.0,4.0,2.0,41.0
15-00186973,60615.0,3.0,2.0,38.0
15-00186489,60615.0,5.0,2.0,41.0
15-00148720,60615.0,5.0,2.0,41.0
15-00148701,60615.0,5.0,2.0,41.0
15-00148707,60615.0,5.0,2.0,41.0
15-00148703,60615.0,5.0,2.0,41.0
15-00153316,60615.0,5.0,2.0,41.0
15-00140366,60615.0,5.0,2.0,41.0
15-00146585,60615.0,5.0,2.0,41.0
15-00140366,60615.0,5.0,2.0,41.0
15-00121886,60615.0,4.0,2.0,41.0
15-00113652,60615.0,4.0,2.0,41.0
15-00105099,60615.0,5.0,2.0,41.0
15-00090181,60615.0,5.0,2.0,41.0
15-00090178,60615.0,5.0,2.0,41.0
15-00056187,60615.0,4.0,2.0,39.0
15-00016769,60615.0,4.0,2.0,39.0
15-00018844,60615.0,4.0,2.0,39.0
15-00013027,60615.0,5.0,2.0,41.0
14-02220984,60615.0,4.0,2.0,41.0
14-02215085,60615.0,5.0,2.0,41.0
14-02164222,60615.0,3.0,2.0,38.0
14-02163666,60615.0,5.0,2.0,41.0
14-02147945,60615.0,3.0,2.0,40.0
14-02135553,60615.0,3.0,2.0,40.0
14-02119664,60615.0,5.0,2.0,41.0
14-02116603,60615.0,4.0,2.0,41.0
14-02107460,60615.0,5.0,2.0,41.0
14-02110126,60615.0,5.0,2.0,41.0
14-02110152,60615.0,4.0,2.0,41.0
14-02110135,60615.0,4.0,2.0,41.0
14-02103826,60615.0,4.0,2.0,41.0
14-02094307,60615.0,4.0,2.0,41.0
14-02095809,60615.0,5.0,2.0,41.0
14-02095796,60615.0,4.0,2.0,39.0
14-02079023,60615.0,4.0,2.0,41.0
14-02082832,60615.0,4.0,2.0,41.0
14-02073887,60615.0,3.0,2.0,40.0
14-02058750,60615.0,3.0,2.0,38.0
14-02045253,60615.0,3.0,2.0,38.0
14-02013902,60615.0,5.0,2.0,41.0
14-02007537,60615.0,3.0,2.0,38.0
14-01978785,60615.0,5.0,2.0,41.0
14-01973945,60615.0,4.0,2.0,39.0
14-01946840,60615.0,5.0,2.0,41.0
14-01946851,60615.0,5.0,2.0,41.0
14-01946845,60615.0,5.0,2.0,41.0
14-01940371,60615.0,4.0,2.0,39.0
14-01932677,60615.0,4.0,2.0,39.0
14-01932264,60615.0,5.0,2.0,41.0
14-01916075,60615.0,4.0,2.0,41.0
14-01863123,60615.0,4.0,2.0,39.0
14-01863117,60615.0,4.0,2.0,39.0
14-01863112,60615.0,4.0,2.0,39.0
14-01863104,60615.0,4.0,2.0,39.0
14-01863129,60615.0,4.0,2.0,39.0
14-01847828,60615.0,4.0,2.0,39.0
14-01844086,60615.0,5.0,2.0,41.0
14-01837024,60615.0,4.0,2.0,39.0
14-01827292,60615.0,5.0,2.0,41.0
14-01827288,60615.0,5.0,2.0,41.0
14-01827302,60615.0,5.0,2.0,41.0
14-01804076,60615.0,5.0,2.0,41.0
14-01763629,60615.0,5.0,2.0,41.0
14-01750928,60615.0,5.0,2.0,41.0
14-01745915,60615.0,4.0,2.0,41.0
14-01668673,60615.0,3.0,2.0,40.0
14-01635259,60615.0,3.0,2.0,40.0
14-01622379,60615.0,4.0,2.0,39.0
14-01622391,60615.0,4.0,2.0,39.0
14-01600623,60615.0,3.0,2.0,40.0
14-01600602,60615.0,3.0,2.0,40.0
14-01600609,60615.0,3.0,2.0,40.0
14-01600646,60615.0,3.0,2.0,38.0
14-01600637,60615.0,3.0,2.0,40.0
14-01578692,60615.0,4.0,2.0,39.0
14-01578696,60615.0,4.0,2.0,39.0
14-01578721,60615.0,4.0,2.0,41.0
14-01578711,60615.0,4.0,2.0,39.0
14-01549831,60615.0,4.0,2.0,39.0
14-01550995,60615.0,4.0,2.0,39.0
14-01547152,60615.0,4.0,2.0,39.0
14-01544713,60615.0,3.0,2.0,40.0
14-01513955,60615.0,4.0,2.0,41.0
14-01496641,60615.0,4.0,2.0,41.0
14-01481441,60615.0,4.0,2.0,41.0
14-01481440,60615.0,4.0,2.0,41.0
14-01470059,60615.0,4.0,2.0,41.0
14-01462560,60615.0,3.0,2.0,38.0
14-01433720,60615.0,3.0,2.0,40.0
14-01363986,60615.0,4.0,2.0,41.0
14-01319644,60615.0,5.0,2.0,41.0
14-01307276,60615.0,3.0,2.0,38.0
14-01279646,60615.0,5.0,2.0,41.0
14-01274975,60615.0,5.0,2.0,41.0
14-01274965,60615.0,4.0,2.0,41.0
14-01274938,60615.0,4.0,2.0,41.0
14-01274959,60615.0,4.0,2.0,41.0
14-01274953,60615.0,4.0,2.0,41.0
14-01274945,60615.0,4.0,2.0,41.0
14-01199532,60615.0,4.0,2.0,39.0
14-01170359,60615.0,4.0,2.0,39.0
14-01139534,60615.0,3.0,2.0,40.0
14-01116959,60615.0,4.0,2.0,39.0
14-01114182,60615.0,3.0,2.0,40.0
14-01097264,60615.0,4.0,2.0,41.0
14-01031049,60615.0,4.0,2.0,39.0
14-01029840,60615.0,4.0,2.0,41.0
14-01025514,60615.0,4.0,2.0,38.0
14-01013999,60615.0,4.0,2.0,41.0
14-01003870,60615.0,4.0,2.0,41.0
14-00995505,60615.0,4.0,2.0,39.0
14-00981919,60615.0,4.0,2.0,39.0
14-00970894,60615.0,4.0,2.0,39.0
14-00963360,60615.0,4.0,2.0,39.0
14-00931981,60615.0,4.0,2.0,41.0
14-00918343,60615.0,4.0,2.0,41.0
14-00918320,60615.0,4.0,2.0,41.0
14-00914735,60615.0,5.0,2.0,41.0
14-00907854,60615.0,4.0,2.0,39.0
14-00907842,60615.0,4.0,2.0,39.0
14-00824316,60615.0,3.0,2.0,38.0
14-00820057,60615.0,4.0,2.0,39.0
14-00716196,60615.0,3.0,2.0,40.0
14-00651477,60615.0,4.0,2.0,41.0
14-00651490,60615.0,4.0,2.0,41.0
14-00612590,60615.0,4.0,2.0,41.0
14-00562193,60615.0,4.0,2.0,39.0
14-00560553,60615.0,4.0,2.0,39.0
14-00552632,60615.0,4.0,2.0,39.0
14-00522743,60615.0,4.0,2.0,41.0
14-00513583,60615.0,4.0,2.0,41.0
14-00500519,60615.0,4.0,2.0,41.0
14-00476010,60615.0,5.0,2.0,41.0
14-00461066,60615.0,4.0,2.0,41.0
14-00452637,60615.0,5.0,2.0,41.0
14-00458673,60615.0,4.0,2.0,41.0
14-00409544,60615.0,5.0,2.0,41.0
14-00383487,60615.0,5.0,2.0,41.0
14-00383476,60615.0,3.0,2.0,38.0
14-00369205,60615.0,5.0,2.0,41.0
14-00363571,60615.0,3.0,2.0,40.0
14-00302414,60615.0,4.0,2.0,39.0
14-00302416,60615.0,4.0,2.0,39.0
14-00299784,60615.0,4.0,2.0,41.0
14-00145097,60615.0,4.0,2.0,41.0
14-00145081,60615.0,4.0,2.0,41.0
14-00102347,60615.0,4.0,2.0,39.0
14-00080077,60615.0,3.0,2.0,38.0
14-00079944,60615.0,4.0,2.0,41.0
14-00080077,60615.0,3.0,2.0,38.0
14-00041482,60615.0,3.0,2.0,38.0
14-00041470,60615.0,3.0,2.0,38.0
14-00041485,60615.0,3.0,2.0,38.0
14-00041480,60615.0,3.0,2.0,38.0
14-00041477,60615.0,3.0,2.0,38.0
14-00024359,60615.0,3.0,2.0,38.0
13-01906138,60615.0,4.0,2.0,41.0
13-01903129,60615.0,4.0,2.0,38.0
13-01894604,60615.0,4.0,2.0,41.0
13-01887917,60615.0,4.0,2.0,41.0
13-01880143,60615.0,3.0,2.0,38.0
13-01873092,60615.0,3.0,2.0,38.0
13-01870133,60615.0,3.0,2.0,38.0
13-01871432,60615.0,4.0,2.0,39.0
13-01858716,60615.0,3.0,2.0,40.0
13-01841889,60615.0,3.0,2.0,40.0
14-00030745,60615.0,4.0,2.0,41.0
13-01817580,60615.0,4.0,2.0,41.0
13-01817554,60615.0,3.0,2.0,40.0
13-01778535,60615.0,3.0,2.0,38.0
13-01778518,60615.0,3.0,2.0,38.0
13-01778501,60615.0,3.0,2.0,38.0
13-01778548,60615.0,3.0,2.0,38.0
13-01778953,60615.0,3.0,2.0,38.0
13-01778933,60615.0,3.0,2.0,38.0
13-01778970,60615.0,3.0,2.0,38.0
13-01778964,60615.0,3.0,2.0,38.0
13-01778961,60615.0,5.0,2.0,41.0
13-01778971,60615.0,5.0,2.0,41.0
13-01754439,60615.0,4.0,2.0,41.0
13-01727236,60615.0,5.0,2.0,41.0
13-01727282,60615.0,5.0,2.0,41.0
13-01727236,60615.0,5.0,2.0,41.0
13-01709962,60615.0,5.0,2.0,41.0
13-01709883,60615.0,5.0,2.0,41.0
13-01709868,60615.0,5.0,2.0,41.0
13-01709853,60615.0,5.0,2.0,41.0
13-01709790,60615.0,5.0,2.0,41.0
13-01709895,60615.0,5.0,2.0,41.0
13-01710009,60615.0,5.0,2.0,41.0
13-01709982,60615.0,5.0,2.0,41.0
13-01710003,60615.0,5.0,2.0,41.0
13-01709946,60615.0,5.0,2.0,41.0
13-01709910,60615.0,5.0,2.0,41.0
13-01710139,60615.0,5.0,2.0,41.0
13-01700238,60615.0,5.0,2.0,41.0
13-01677776,60615.0,4.0,2.0,41.0
13-01672033,60615.0,4.0,2.0,41.0
13-01657125,60615.0,4.0,2.0,41.0
13-01651040,60615.0,4.0,2.0,41.0
13-01647087,60615.0,3.0,2.0,38.0
13-01645900,60615.0,4.0,2.0,41.0
13-01645899,60615.0,4.0,2.0,41.0
13-01613559,60615.0,5.0,2.0,41.0
13-01605405,60615.0,4.0,2.0,41.0
13-01595369,60615.0,5.0,2.0,41.0
13-01596529,60615.0,5.0,2.0,41.0
13-01588906,60615.0,4.0,2.0,41.0
13-01576243,60615.0,5.0,2.0,41.0
13-01522659,60615.0,5.0,2.0,41.0
13-01498941,60615.0,4.0,2.0,39.0
13-01498924,60615.0,4.0,2.0,39.0
13-01498891,60615.0,4.0,2.0,39.0
13-01498951,60615.0,4.0,2.0,39.0
13-01485426,60615.0,4.0,2.0,39.0
13-01485434,60615.0,4.0,2.0,39.0
13-01471670,60615.0,4.0,2.0,39.0
13-01465876,60615.0,5.0,2.0,41.0
13-01471616,60615.0,4.0,2.0,39.0
13-01457132,60615.0,4.0,2.0,39.0
13-01457077,60615.0,4.0,2.0,41.0
13-01447942,60615.0,4.0,2.0,41.0
13-01434278,60615.0,4.0,2.0,41.0
13-01399525,60615.0,5.0,2.0,41.0
13-01376925,60615.0,4.0,2.0,41.0
13-01369555,60615.0,4.0,2.0,38.0
13-01335206,60615.0,4.0,2.0,39.0
13-01335220,60615.0,4.0,2.0,41.0
13-01322580,60615.0,4.0,2.0,39.0
13-01302355,60615.0,4.0,2.0,39.0
13-01302908,60615.0,5.0,2.0,41.0
13-01280204,60615.0,4.0,2.0,39.0
13-01288576,60615.0,5.0,2.0,41.0
13-01288589,60615.0,4.0,2.0,39.0
13-01288578,60615.0,5.0,2.0,41.0
13-01222515,60615.0,4.0,2.0,39.0
13-01222193,60615.0,4.0,2.0,41.0
13-01215721,60615.0,4.0,2.0,39.0
13-01205062,60615.0,4.0,2.0,41.0
13-01205059,60615.0,4.0,2.0,38.0
13-01205143,60615.0,4.0,2.0,41.0
13-01192395,60615.0,5.0,2.0,41.0
13-01174899,60615.0,4.0,2.0,41.0
13-01174899,60615.0,4.0,2.0,41.0
13-01173810,60615.0,4.0,2.0,41.0
13-01181431,60615.0,3.0,2.0,38.0
13-01181400,60615.0,3.0,2.0,38.0
13-01166325,60615.0,3.0,2.0,38.0
13-01166221,60615.0,3.0,2.0,38.0
13-01166180,60615.0,3.0,2.0,38.0
13-01138909,60615.0,4.0,2.0,39.0
13-01125560,60615.0,4.0,2.0,39.0
13-01125559,60615.0,4.0,2.0,39.0
13-01118431,60615.0,4.0,2.0,39.0
13-01104636,60615.0,3.0,2.0,38.0
13-01104639,60615.0,3.0,2.0,38.0
13-01097448,60615.0,3.0,2.0,38.0
13-01062594,60615.0,4.0,2.0,41.0
13-01063977,60615.0,5.0,2.0,41.0
13-01038416,60615.0,4.0,2.0,39.0
13-01035789,60615.0,3.0,2.0,38.0
13-01029691,60615.0,4.0,2.0,41.0
13-01033110,60615.0,4.0,2.0,39.0
13-01021172,60615.0,5.0,2.0,41.0
13-01026253,60615.0,4.0,2.0,41.0
13-01004739,60615.0,4.0,2.0,38.0
13-00993881,60615.0,4.0,2.0,41.0
13-00976545,60615.0,4.0,2.0,41.0
13-00964653,60615.0,3.0,2.0,38.0
13-00934287,60615.0,4.0,2.0,39.0
13-00931014,60615.0,5.0,2.0,41.0
13-00903200,60615.0,4.0,2.0,39.0
13-00902309,60615.0,3.0,2.0,38.0
13-00894233,60615.0,3.0,2.0,38.0
13-00896286,60615.0,5.0,2.0,41.0
13-00904079,60615.0,3.0,2.0,38.0
13-00904062,60615.0,3.0,2.0,38.0
13-00889904,60615.0,4.0,2.0,39.0
13-00887707,60615.0,4.0,2.0,41.0
13-00849716,60615.0,4.0,2.0,41.0
13-00834333,60615.0,3.0,2.0,38.0
13-00781481,60615.0,4.0,2.0,41.0
13-00787316,60615.0,4.0,2.0,39.0
13-00777636,60615.0,3.0,2.0,38.0
13-00776420,60615.0,4.0,2.0,41.0
13-00769558,60615.0,3.0,2.0,38.0
13-00766854,60615.0,4.0,2.0,41.0
13-00756449,60615.0,4.0,2.0,38.0
13-00721654,60615.0,4.0,2.0,39.0
13-00714568,60615.0,4.0,2.0,41.0
13-00714561,60615.0,4.0,2.0,41.0
13-00706730,60615.0,5.0,2.0,41.0
13-00706193,60615.0,5.0,2.0,41.0
13-00706292,60615.0,5.0,2.0,41.0
13-00696633,60615.0,4.0,2.0,41.0
13-00696636,60615.0,5.0,2.0,41.0
13-00665557,60615.0,5.0,2.0,41.0
13-00661225,60615.0,4.0,2.0,39.0
13-00661223,60615.0,4.0,2.0,38.0
13-00661242,60615.0,4.0,2.0,38.0
13-00661336,60615.0,4.0,2.0,39.0
13-00659177,60615.0,5.0,2.0,41.0
13-00659176,60615.0,4.0,2.0,41.0
13-00657935,60615.0,5.0,2.0,41.0
13-00658758,60615.0,5.0,2.0,41.0
13-00658717,60615.0,5.0,2.0,41.0
13-00662905,60615.0,4.0,2.0,38.0
13-00662801,60615.0,4.0,2.0,39.0
13-00661930,60615.0,4.0,2.0,38.0
13-00662620,60615.0,4.0,2.0,39.0
13-00661832,60615.0,3.0,2.0,38.0
13-00661528,60615.0,4.0,2.0,38.0
13-00661845,60615.0,4.0,2.0,38.0
13-00662595,60615.0,4.0,2.0,38.0
13-00659173,60615.0,4.0,2.0,39.0
13-00659112,60615.0,4.0,2.0,39.0
13-00642156,60615.0,3.0,2.0,38.0
13-00651527,60615.0,3.0,2.0,40.0
13-00651510,60615.0,3.0,2.0,40.0
13-00651492,60615.0,3.0,2.0,40.0
13-00651468,60615.0,3.0,2.0,40.0
13-00651550,60615.0,3.0,2.0,40.0
13-00637068,60615.0,3.0,2.0,40.0
13-00633675,60615.0,4.0,2.0,38.0
13-00635807,60615.0,3.0,2.0,38.0
13-00635826,60615.0,3.0,2.0,38.0
13-00619257,60615.0,4.0,2.0,38.0
13-00601062,60615.0,3.0,2.0,38.0
13-00601061,60615.0,3.0,2.0,38.0
13-00601060,60615.0,3.0,2.0,38.0
13-00583482,60615.0,5.0,2.0,41.0
13-00572079,60615.0,4.0,2.0,39.0
13-00566136,60615.0,3.0,2.0,38.0
13-00564390,60615.0,4.0,2.0,39.0
13-00561986,60615.0,4.0,2.0,39.0
13-00563511,60615.0,4.0,2.0,41.0
13-00558045,60615.0,4.0,2.0,39.0
13-00559485,60615.0,4.0,2.0,39.0
13-00548225,60615.0,4.0,2.0,41.0
13-00548147,60615.0,5.0,2.0,41.0
13-00548208,60615.0,5.0,2.0,41.0
13-00548166,60615.0,5.0,2.0,41.0
13-00548152,60615.0,5.0,2.0,41.0
13-00550423,60615.0,5.0,2.0,41.0
13-00550399,60615.0,5.0,2.0,41.0
13-00543746,60615.0,3.0,2.0,38.0
13-00535475,60615.0,5.0,2.0,41.0
13-00540510,60615.0,3.0,2.0,40.0
13-00528090,60615.0,4.0,2.0,41.0
13-00537657,60615.0,5.0,2.0,41.0
13-00521541,60615.0,5.0,2.0,41.0
13-00519507,60615.0,5.0,2.0,41.0
13-00509729,60615.0,5.0,2.0,41.0
13-00512683,60615.0,4.0,2.0,41.0
13-00510324,60615.0,4.0,2.0,41.0
13-00488716,60615.0,4.0,2.0,41.0
13-00481968,60615.0,4.0,2.0,39.0
13-00473960,60615.0,3.0,2.0,38.0
13-00482293,60615.0,4.0,2.0,41.0
13-00482288,60615.0,4.0,2.0,41.0
13-00467866,60615.0,5.0,2.0,41.0
13-00420439,60615.0,4.0,2.0,41.0
13-00420485,60615.0,5.0,2.0,41.0
13-00420448,60615.0,4.0,2.0,41.0
13-00414672,60615.0,3.0,2.0,38.0
13-00405145,60615.0,5.0,2.0,41.0
13-00402842,60615.0,4.0,2.0,39.0
13-00389675,60615.0,4.0,2.0,41.0
13-00389660,60615.0,4.0,2.0,41.0
13-00389633,60615.0,4.0,2.0,41.0
13-00383762,60615.0,5.0,2.0,41.0
13-00380836,60615.0,4.0,2.0,39.0
13-00380171,60615.0,4.0,2.0,41.0
13-00371795,60615.0,4.0,2.0,41.0
13-00371066,60615.0,5.0,2.0,41.0
13-00368283,60615.0,4.0,2.0,39.0
13-00354590,60615.0,5.0,2.0,41.0
13-00351656,60615.0,4.0,2.0,39.0
13-00344369,60615.0,4.0,2.0,41.0
13-00329568,60615.0,4.0,2.0,39.0
13-00319017,60615.0,3.0,2.0,40.0
13-00319041,60615.0,5.0,2.0,41.0
13-00319061,60615.0,5.0,2.0,41.0
13-00310641,60615.0,4.0,2.0,38.0
13-00310647,60615.0,4.0,2.0,38.0
13-00310644,60615.0,4.0,2.0,38.0
13-00310699,60615.0,3.0,2.0,38.0
13-00306100,60615.0,4.0,2.0,39.0
13-00306371,60615.0,5.0,2.0,41.0
13-00306367,60615.0,5.0,2.0,41.0
13-00306364,60615.0,5.0,2.0,41.0
13-00300605,60615.0,5.0,2.0,41.0
13-00293655,60615.0,4.0,2.0,39.0
13-00286643,60615.0,5.0,2.0,41.0
13-00241125,60615.0,4.0,2.0,41.0
13-00241337,60615.0,4.0,2.0,39.0
13-00241134,60615.0,4.0,2.0,39.0
13-00242394,60615.0,4.0,2.0,41.0
13-00235976,60615.0,3.0,2.0,40.0
13-00229029,60615.0,4.0,2.0,39.0
13-00229023,60615.0,4.0,2.0,39.0
13-00229109,60615.0,4.0,2.0,39.0
13-00223812,60615.0,4.0,2.0,38.0
13-00213302,60615.0,4.0,2.0,41.0
13-00213318,60615.0,4.0,2.0,41.0
13-00213349,60615.0,4.0,2.0,41.0
13-00211590,60615.0,4.0,2.0,38.0
13-00206967,60615.0,4.0,2.0,41.0
13-00206972,60615.0,4.0,2.0,41.0
13-00195658,60615.0,4.0,2.0,41.0
13-00182090,60615.0,5.0,2.0,41.0
13-00179957,60615.0,4.0,2.0,38.0
13-00168818,60615.0,3.0,2.0,40.0
13-00168816,60615.0,3.0,2.0,40.0
13-00168811,60615.0,3.0,2.0,40.0
13-00168866,60615.0,3.0,2.0,40.0
13-00168856,60615.0,3.0,2.0,40.0
13-00168882,60615.0,3.0,2.0,40.0
13-00168888,60615.0,3.0,2.0,40.0
13-00169265,60615.0,3.0,2.0,40.0
13-00169261,60615.0,3.0,2.0,40.0
13-00169271,60615.0,3.0,2.0,40.0
13-00165313,60615.0,3.0,2.0,38.0
13-00165464,60615.0,3.0,2.0,40.0
13-00165330,60615.0,3.0,2.0,40.0
13-00165326,60615.0,3.0,2.0,40.0
13-00165323,60615.0,3.0,2.0,40.0
13-00165455,60615.0,3.0,2.0,40.0
13-00157331,60615.0,4.0,2.0,41.0
13-00157435,60615.0,4.0,2.0,39.0
13-00150177,60615.0,4.0,2.0,39.0
13-00142811,60615.0,3.0,2.0,40.0
13-00138080,60615.0,5.0,2.0,41.0
13-00106940,60615.0,5.0,2.0,41.0
13-00076474,60615.0,5.0,2.0,41.0
13-00037903,60615.0,4.0,2.0,38.0
13-00037914,60615.0,4.0,2.0,38.0
13-00037933,60615.0,4.0,2.0,38.0
13-00016861,60615.0,5.0,2.0,41.0
13-00013688,60615.0,4.0,2.0,38.0
13-00010167,60615.0,4.0,2.0,39.0
13-00010176,60615.0,4.0,2.0,39.0
13-00010218,60615.0,3.0,2.0,38.0
13-00010306,60615.0,4.0,2.0,38.0
13-00010491,60615.0,4.0,2.0,38.0
13-00010496,60615.0,4.0,2.0,41.0
13-00010517,60615.0,4.0,2.0,39.0
13-00010529,60615.0,4.0,2.0,41.0
13-00013690,60615.0,4.0,2.0,38.0
13-00010874,60615.0,5.0,2.0,41.0
13-00013687,60615.0,4.0,2.0,38.0
12-02057067,60615.0,5.0,2.0,41.0
12-02057063,60615.0,5.0,2.0,41.0
12-02044707,60615.0,4.0,2.0,38.0
12-02045483,60615.0,4.0,2.0,38.0
12-02045550,60615.0,4.0,2.0,38.0
12-02008724,60615.0,4.0,2.0,38.0
12-02006126,60615.0,4.0,2.0,41.0
12-01982697,60615.0,5.0,2.0,41.0
12-01965850,60615.0,4.0,2.0,41.0
12-01963794,60615.0,3.0,2.0,40.0
12-01963799,60615.0,3.0,2.0,40.0
12-01956063,60615.0,3.0,2.0,40.0
12-01953770,60615.0,4.0,2.0,41.0
12-01953761,60615.0,4.0,2.0,41.0
12-01949519,60615.0,4.0,2.0,41.0
12-01949513,60615.0,4.0,2.0,41.0
12-01949510,60615.0,4.0,2.0,39.0
12-01928262,60615.0,4.0,2.0,41.0
12-01913729,60615.0,3.0,2.0,38.0
12-01860027,60615.0,4.0,2.0,39.0
12-01860035,60615.0,4.0,2.0,39.0
12-01860060,60615.0,4.0,2.0,39.0
12-01862711,60615.0,4.0,2.0,41.0
12-01841582,60615.0,3.0,2.0,40.0
12-01843785,60615.0,4.0,2.0,39.0
12-01836661,60615.0,4.0,2.0,41.0
12-01836663,60615.0,4.0,2.0,41.0
12-01822716,60615.0,4.0,2.0,39.0
12-01828259,60615.0,4.0,2.0,41.0
12-01828264,60615.0,4.0,2.0,41.0
12-01828263,60615.0,4.0,2.0,41.0
12-01828262,60615.0,4.0,2.0,41.0
12-01800792,60615.0,4.0,2.0,39.0
12-01789613,60615.0,4.0,2.0,41.0
12-01714833,60615.0,3.0,2.0,40.0
12-01718025,60615.0,4.0,2.0,39.0
12-01672201,60615.0,3.0,2.0,40.0
12-01667659,60615.0,5.0,2.0,41.0
12-01660127,60615.0,4.0,2.0,41.0
12-01665295,60615.0,4.0,2.0,39.0
12-01660134,60615.0,4.0,2.0,41.0
12-01663141,60615.0,4.0,2.0,39.0
12-01651366,60615.0,3.0,2.0,38.0
12-01646217,60615.0,3.0,2.0,40.0
12-01639343,60615.0,5.0,2.0,41.0
12-01636237,60615.0,4.0,2.0,41.0
12-01620288,60615.0,4.0,2.0,39.0
12-01611892,60615.0,4.0,2.0,39.0
12-01603681,60615.0,5.0,2.0,41.0
12-01607000,60615.0,4.0,2.0,39.0
12-01593209,60615.0,4.0,2.0,41.0
12-01593247,60615.0,4.0,2.0,41.0
12-01588863,60615.0,4.0,2.0,41.0
12-01590116,60615.0,5.0,2.0,41.0
12-01586804,60615.0,4.0,2.0,41.0
12-01584389,60615.0,4.0,2.0,39.0
12-01585023,60615.0,4.0,2.0,41.0
12-01580144,60615.0,4.0,2.0,41.0
12-01579902,60615.0,4.0,2.0,41.0
12-01564751,60615.0,4.0,2.0,41.0
12-01560150,60615.0,4.0,2.0,41.0
12-01555685,60615.0,5.0,2.0,41.0
12-01551212,60615.0,5.0,2.0,41.0
12-01537854,60615.0,4.0,2.0,41.0
12-01536554,60615.0,5.0,2.0,41.0
12-01523782,60615.0,5.0,2.0,41.0
12-01515519,60615.0,4.0,2.0,41.0
12-01515537,60615.0,4.0,2.0,41.0
12-01514446,60615.0,5.0,2.0,41.0
12-01512835,60615.0,5.0,2.0,41.0
12-01506359,60615.0,4.0,2.0,39.0
12-01454803,60615.0,4.0,2.0,39.0
12-01444297,60615.0,4.0,2.0,38.0
12-01403430,60615.0,4.0,2.0,41.0
12-01351793,60615.0,3.0,2.0,38.0
12-01348929,60615.0,3.0,2.0,38.0
12-01348924,60615.0,3.0,2.0,38.0
12-01348915,60615.0,4.0,2.0,38.0
12-01348906,60615.0,4.0,2.0,38.0
12-01348900,60615.0,4.0,2.0,38.0
12-01350950,60615.0,4.0,2.0,38.0
12-01348981,60615.0,4.0,2.0,38.0
12-01349017,60615.0,3.0,2.0,38.0
12-01349223,60615.0,3.0,2.0,40.0
12-01350946,60615.0,4.0,2.0,38.0
12-01350538,60615.0,3.0,2.0,38.0
12-01350571,60615.0,3.0,2.0,38.0
12-01350559,60615.0,3.0,2.0,38.0
12-01350873,60615.0,3.0,2.0,38.0
12-01350864,60615.0,3.0,2.0,38.0
12-01350853,60615.0,3.0,2.0,38.0
12-01350904,60615.0,3.0,2.0,38.0
12-01350892,60615.0,3.0,2.0,38.0
12-01350912,60615.0,4.0,2.0,40.0
12-01350925,60615.0,4.0,2.0,40.0
12-01350931,60615.0,3.0,2.0,38.0
12-01351792,60615.0,3.0,2.0,38.0
12-01351814,60615.0,3.0,2.0,38.0
12-01351845,60615.0,3.0,2.0,38.0
12-01351836,60615.0,3.0,2.0,38.0
12-01351815,60615.0,3.0,2.0,38.0
12-01339222,60615.0,4.0,2.0,38.0
12-01342858,60615.0,4.0,2.0,41.0
12-01299387,60615.0,4.0,2.0,41.0
12-01273651,60615.0,3.0,2.0,40.0
12-01273636,60615.0,3.0,2.0,40.0
12-01273627,60615.0,3.0,2.0,40.0
12-01261473,60615.0,3.0,2.0,40.0
12-01230814,60615.0,3.0,2.0,38.0
12-01219938,60615.0,5.0,2.0,41.0
12-01219930,60615.0,5.0,2.0,41.0
12-01219927,60615.0,5.0,2.0,41.0
12-01216970,60615.0,5.0,2.0,41.0
12-01197208,60615.0,5.0,2.0,41.0
12-01188706,60615.0,5.0,2.0,41.0
12-01175017,60615.0,4.0,2.0,39.0
12-01169080,60615.0,5.0,2.0,41.0
12-01168927,60615.0,5.0,2.0,41.0
12-01162119,60615.0,3.0,2.0,38.0
12-01162135,60615.0,3.0,2.0,38.0
12-01162263,60615.0,3.0,2.0,40.0
12-01162897,60615.0,4.0,2.0,41.0
12-01156183,60615.0,4.0,2.0,41.0
12-01156165,60615.0,4.0,2.0,41.0
12-01156152,60615.0,4.0,2.0,41.0
12-01156142,60615.0,4.0,2.0,39.0
12-01156100,60615.0,5.0,2.0,41.0
12-01156093,60615.0,4.0,2.0,41.0
12-01143295,60615.0,4.0,2.0,41.0
12-01140947,60615.0,3.0,2.0,40.0
12-01136331,60615.0,3.0,2.0,40.0
12-01135542,60615.0,4.0,2.0,39.0
12-01134696,60615.0,4.0,2.0,39.0
12-01126401,60615.0,5.0,2.0,41.0
12-01107551,60615.0,4.0,2.0,41.0
12-01068531,60615.0,5.0,2.0,41.0
12-01068526,60615.0,5.0,2.0,41.0
12-01068503,60615.0,5.0,2.0,41.0
12-01068347,60615.0,5.0,2.0,41.0
12-01068343,60615.0,5.0,2.0,41.0
12-01044321,60615.0,4.0,2.0,39.0
12-01044550,60615.0,4.0,2.0,41.0
12-01028465,60615.0,4.0,2.0,39.0
12-01031883,60615.0,4.0,2.0,39.0
12-01025042,60615.0,4.0,2.0,41.0
12-01025225,60615.0,4.0,2.0,41.0
12-01012526,60615.0,5.0,2.0,41.0
12-01015266,60615.0,5.0,2.0,41.0
12-01015217,60615.0,4.0,2.0,39.0
12-01013421,60615.0,4.0,2.0,41.0
12-00996724,60615.0,3.0,2.0,40.0
12-00963639,60615.0,5.0,2.0,41.0
12-00968928,60615.0,5.0,2.0,41.0
12-00968929,60615.0,5.0,2.0,41.0
12-00968933,60615.0,5.0,2.0,41.0
12-00931007,60615.0,5.0,2.0,41.0
12-00905686,60615.0,4.0,2.0,41.0
12-00863624,60615.0,4.0,2.0,39.0
12-00862537,60615.0,5.0,2.0,41.0
12-00867398,60615.0,4.0,2.0,41.0
12-00836668,60615.0,4.0,2.0,39.0
12-00836655,60615.0,4.0,2.0,39.0
12-00828071,60615.0,5.0,2.0,41.0
12-00814593,60615.0,4.0,2.0,39.0
12-00814597,60615.0,4.0,2.0,39.0
12-00814990,60615.0,4.0,2.0,41.0
12-00801286,60615.0,4.0,2.0,39.0
12-00800449,60615.0,5.0,2.0,41.0
12-00800398,60615.0,4.0,2.0,39.0
12-00793545,60615.0,4.0,2.0,39.0
12-00793980,60615.0,4.0,2.0,39.0
12-00782648,60615.0,4.0,2.0,41.0
12-00782633,60615.0,5.0,2.0,41.0
12-00782565,60615.0,4.0,2.0,41.0
12-00781837,60615.0,4.0,2.0,41.0
12-00769433,60615.0,4.0,2.0,41.0
12-00769482,60615.0,4.0,2.0,41.0
12-00769395,60615.0,4.0,2.0,41.0
12-00762225,60615.0,4.0,2.0,41.0
12-00734505,60615.0,3.0,2.0,38.0
12-00734508,60615.0,3.0,2.0,38.0
12-00731929,60615.0,3.0,2.0,38.0
12-00688527,60615.0,4.0,2.0,41.0
12-00682051,60615.0,4.0,2.0,41.0
12-00681367,60615.0,4.0,2.0,41.0
12-00683010,60615.0,4.0,2.0,38.0
12-00672154,60615.0,4.0,2.0,39.0
12-00666592,60615.0,4.0,2.0,39.0
12-00653828,60615.0,4.0,2.0,41.0
12-00651755,60615.0,4.0,2.0,39.0
12-00641279,60615.0,4.0,2.0,39.0
12-00630509,60615.0,4.0,2.0,41.0
12-00630508,60615.0,4.0,2.0,41.0
12-00630505,60615.0,4.0,2.0,41.0
12-00618232,60615.0,5.0,2.0,41.0
12-00607222,60615.0,4.0,2.0,41.0
12-00607284,60615.0,4.0,2.0,41.0
12-00607377,60615.0,4.0,2.0,41.0
12-00607305,60615.0,4.0,2.0,41.0
12-00607342,60615.0,4.0,2.0,41.0
12-00607308,60615.0,4.0,2.0,41.0
12-00585264,60615.0,4.0,2.0,38.0
12-00546330,60615.0,4.0,21.0,39.0
12-00544738,60615.0,5.0,21.0,41.0
12-00364908,60615.0,5.0,21.0,41.0
12-00317710,60615.0,4.0,21.0,41.0
12-00317875,60615.0,5.0,21.0,41.0
12-00317739,60615.0,4.0,21.0,41.0
12-00317855,60615.0,5.0,21.0,41.0
12-00317807,60615.0,5.0,21.0,41.0
12-00317766,60615.0,5.0,21.0,41.0
12-00210395,60615.0,4.0,21.0,39.0
12-00192767,60615.0,4.0,21.0,41.0
12-00192742,60615.0,4.0,21.0,41.0
12-00192710,60615.0,4.0,2.0,38.0
12-00192736,60615.0,4.0,21.0,41.0
12-00192729,60615.0,4.0,2.0,38.0
12-00192734,60615.0,4.0,21.0,41.0
12-00192732,60615.0,4.0,2.0,38.0
12-00192834,60615.0,4.0,21.0,41.0
12-00192755,60615.0,4.0,21.0,41.0
12-00192750,60615.0,4.0,21.0,41.0
12-00192748,60615.0,4.0,21.0,41.0
12-00192760,60615.0,4.0,21.0,41.0
12-00192865,60615.0,4.0,21.0,41.0
12-00192887,60615.0,4.0,21.0,41.0
12-00192912,60615.0,4.0,21.0,39.0
12-00192443,60615.0,4.0,21.0,41.0
12-00192439,60615.0,4.0,21.0,41.0
12-00192428,60615.0,4.0,21.0,41.0
12-00192435,60615.0,4.0,21.0,41.0
12-00192449,60615.0,4.0,21.0,41.0
12-00188719,60615.0,4.0,2.0,38.0
12-00081119,60615.0,5.0,21.0,41.0
12-00081124,60615.0,5.0,21.0,41.0
12-00081103,60615.0,5.0,21.0,41.0
12-00081113,60615.0,5.0,21.0,41.0
12-00081132,60615.0,5.0,21.0,41.0
12-00077393,60615.0,4.0,21.0,39.0
12-00075287,60615.0,4.0,2.0,38.0
12-00073089,60615.0,5.0,21.0,41.0
12-00068300,60615.0,4.0,21.0,39.0
12-00053142,60615.0,5.0,21.0,41.0
12-00049843,60615.0,4.0,2.0,38.0
12-00044430,60615.0,3.0,2.0,38.0
12-00042392,60615.0,4.0,21.0,41.0
12-00044360,60615.0,5.0,21.0,41.0
11-04327900,60615.0,4.0,21.0,39.0
11-04312653,60615.0,4.0,2.0,38.0
11-04309293,60615.0,4.0,21.0,41.0
11-04307849,60615.0,4.0,21.0,39.0
11-04299555,60615.0,3.0,2.0,40.0
11-04292757,60615.0,4.0,21.0,41.0
11-04293405,60615.0,4.0,21.0,41.0
11-04289217,60615.0,4.0,2.0,38.0
11-04289202,60615.0,4.0,2.0,38.0
11-04286189,60615.0,4.0,21.0,39.0
11-04278351,60615.0,4.0,2.0,38.0
11-04278376,60615.0,4.0,2.0,38.0
11-04271888,60615.0,5.0,21.0,41.0
11-04268889,60615.0,4.0,21.0,39.0
11-04263052,60615.0,4.0,21.0,39.0
11-04266069,60615.0,4.0,2.0,38.0
11-04264486,60615.0,4.0,2.0,38.0
11-04260798,60615.0,4.0,2.0,38.0
11-04260789,60615.0,4.0,2.0,38.0
11-04261380,60615.0,4.0,2.0,38.0
11-04261379,60615.0,4.0,2.0,38.0
11-04257414,60615.0,4.0,2.0,38.0
11-04257262,60615.0,4.0,2.0,38.0
11-04257431,60615.0,4.0,2.0,38.0
11-04260791,60615.0,4.0,2.0,38.0
11-04257258,60615.0,4.0,2.0,38.0
11-04260802,60615.0,4.0,2.0,38.0
11-04260799,60615.0,4.0,2.0,38.0
11-04260804,60615.0,4.0,2.0,38.0
11-04256481,60615.0,4.0,2.0,38.0
11-04247827,60615.0,4.0,21.0,41.0
11-04214714,60615.0,5.0,21.0,41.0
11-04212680,60615.0,4.0,21.0,41.0
11-04193370,60615.0,4.0,21.0,41.0
11-04196693,60615.0,4.0,21.0,41.0
11-04105376,60615.0,4.0,2.0,38.0
11-04105367,60615.0,4.0,2.0,38.0
11-04105365,60615.0,4.0,2.0,38.0
11-04105696,60615.0,4.0,2.0,38.0
11-04105687,60615.0,4.0,2.0,38.0
11-04105349,60615.0,4.0,2.0,38.0
11-04105343,60615.0,4.0,2.0,38.0
11-04105363,60615.0,4.0,2.0,38.0
11-04105358,60615.0,4.0,2.0,38.0
11-04105352,60615.0,4.0,2.0,38.0
11-04100423,60615.0,4.0,21.0,39.0
11-04100416,60615.0,4.0,21.0,39.0
11-04100432,60615.0,4.0,21.0,39.0
11-04100477,60615.0,4.0,21.0,41.0
11-04100436,60615.0,4.0,2.0,38.0
11-04097560,60615.0,4.0,2.0,38.0
11-04088216,60615.0,3.0,2.0,40.0
11-04088209,60615.0,3.0,2.0,40.0
11-04079038,60615.0,4.0,2.0,38.0
11-04080242,60615.0,4.0,2.0,38.0
11-04076475,60615.0,4.0,21.0,39.0
11-04069304,60615.0,3.0,2.0,38.0
11-04069911,60615.0,3.0,2.0,38.0
11-04056510,60615.0,3.0,2.0,38.0
11-04056488,60615.0,3.0,2.0,38.0
11-04056496,60615.0,3.0,2.0,38.0
11-04056502,60615.0,3.0,2.0,38.0
11-04057490,60615.0,4.0,21.0,41.0
11-04041867,60615.0,3.0,2.0,38.0
11-04046556,60615.0,3.0,2.0,38.0
11-04039104,60615.0,3.0,2.0,38.0
11-04039014,60615.0,3.0,2.0,38.0
11-04010076,60615.0,4.0,21.0,41.0
11-04012782,60615.0,4.0,21.0,41.0
11-04004429,60615.0,4.0,21.0,41.0
11-03999838,60615.0,4.0,21.0,41.0
11-03967655,60615.0,3.0,2.0,40.0
11-03962252,60615.0,4.0,21.0,39.0
11-03962244,60615.0,4.0,21.0,39.0
11-03945974,60615.0,4.0,21.0,39.0
11-03930227,60615.0,4.0,21.0,41.0
11-03930221,60615.0,4.0,21.0,41.0
11-03930085,60615.0,4.0,21.0,41.0
11-03930050,60615.0,4.0,21.0,41.0
11-03930081,60615.0,4.0,21.0,41.0
11-03930062,60615.0,4.0,21.0,41.0
11-03930093,60615.0,4.0,21.0,41.0
11-03930103,60615.0,4.0,21.0,41.0
11-03930209,60615.0,4.0,21.0,41.0
11-03930196,60615.0,4.0,21.0,41.0
11-03930238,60615.0,4.0,21.0,41.0
11-03893269,60615.0,4.0,21.0,39.0
11-03857237,60615.0,5.0,21.0,41.0
11-03859640,60615.0,5.0,21.0,41.0
11-03843718,60615.0,4.0,21.0,41.0
11-03837529,60615.0,3.0,2.0,40.0
11-03837543,60615.0,3.0,2.0,40.0
11-03837549,60615.0,3.0,2.0,40.0
11-03829678,60615.0,3.0,2.0,40.0
11-03829692,60615.0,3.0,2.0,40.0
11-03822335,60615.0,4.0,21.0,39.0
11-03819792,60615.0,4.0,2.0,38.0
11-03819229,60615.0,4.0,21.0,41.0
11-03815343,60615.0,4.0,21.0,41.0
11-03805448,60615.0,4.0,21.0,41.0
11-03805445,60615.0,4.0,21.0,41.0
11-03797855,60615.0,4.0,21.0,41.0
11-03801276,60615.0,4.0,2.0,38.0
11-03808746,60615.0,4.0,21.0,41.0
11-03808756,60615.0,4.0,21.0,41.0
11-03808947,60615.0,4.0,21.0,41.0
11-03799473,60615.0,5.0,21.0,41.0
11-03796558,60615.0,4.0,21.0,41.0
11-03796573,60615.0,4.0,21.0,41.0
11-03796900,60615.0,4.0,2.0,38.0
11-03796919,60615.0,4.0,2.0,38.0
11-03794575,60615.0,5.0,21.0,41.0
11-03791197,60615.0,4.0,21.0,41.0
11-03776111,60615.0,4.0,21.0,39.0
11-03776043,60615.0,4.0,2.0,38.0
11-03776434,60615.0,4.0,21.0,39.0
11-03776301,60615.0,4.0,21.0,39.0
11-03778186,60615.0,4.0,21.0,39.0
11-03776461,60615.0,4.0,21.0,39.0
11-03776136,60615.0,4.0,21.0,39.0
11-03776079,60615.0,4.0,21.0,41.0
11-03765705,60615.0,4.0,21.0,41.0
11-03765747,60615.0,4.0,21.0,41.0
11-03765728,60615.0,4.0,21.0,41.0
11-03765766,60615.0,5.0,21.0,41.0
11-03765980,60615.0,5.0,21.0,41.0
11-03766038,60615.0,5.0,21.0,41.0
11-03766018,60615.0,5.0,21.0,41.0
11-03766031,60615.0,5.0,21.0,41.0
11-03769715,60615.0,4.0,21.0,39.0
11-03767196,60615.0,5.0,21.0,41.0
11-03767175,60615.0,5.0,21.0,41.0
11-03763207,60615.0,4.0,21.0,39.0
11-03749814,60615.0,4.0,2.0,38.0
11-03740490,60615.0,5.0,21.0,41.0
11-03719980,60615.0,4.0,21.0,39.0
11-03709495,60615.0,4.0,21.0,41.0
11-03707629,60615.0,4.0,21.0,41.0
11-03684002,60615.0,4.0,21.0,41.0
11-03683999,60615.0,4.0,21.0,41.0
11-03679161,60615.0,4.0,21.0,39.0
11-03673330,60615.0,4.0,21.0,41.0
11-03649057,60615.0,4.0,21.0,41.0
11-03638893,60615.0,4.0,21.0,41.0
11-03633867,60615.0,4.0,21.0,41.0
11-03617831,60615.0,4.0,21.0,41.0
11-03605422,60615.0,4.0,21.0,41.0
11-03605052,60615.0,4.0,21.0,41.0
11-03604031,60615.0,5.0,21.0,41.0
11-03607112,60615.0,4.0,21.0,41.0
11-03597900,60615.0,4.0,21.0,41.0
11-03568707,60615.0,4.0,21.0,41.0
11-03558672,60615.0,5.0,21.0,41.0
11-03563809,60615.0,4.0,21.0,41.0
11-03543786,60615.0,4.0,21.0,41.0
11-03537741,60615.0,4.0,21.0,41.0
11-03536024,60615.0,4.0,21.0,39.0
11-03538164,60615.0,4.0,21.0,41.0
11-03535738,60615.0,5.0,21.0,41.0
11-03535736,60615.0,5.0,21.0,41.0
11-03543103,60615.0,5.0,21.0,41.0
11-03542931,60615.0,5.0,21.0,41.0
11-03543105,60615.0,5.0,21.0,41.0
11-03506748,60615.0,4.0,21.0,41.0
11-03508142,60615.0,5.0,21.0,41.0
11-03500622,60615.0,4.0,21.0,39.0
11-03501855,60615.0,4.0,21.0,41.0
11-03490074,60615.0,4.0,21.0,41.0
11-03490079,60615.0,4.0,21.0,41.0
11-03490130,60615.0,4.0,21.0,41.0
11-03494219,60615.0,4.0,21.0,39.0
11-03494210,60615.0,5.0,21.0,41.0
11-03474461,60615.0,3.0,2.0,38.0
11-03474449,60615.0,3.0,2.0,38.0
11-03481511,60615.0,4.0,21.0,41.0
11-03481501,60615.0,4.0,21.0,41.0
11-03481494,60615.0,4.0,21.0,41.0
11-03476131,60615.0,4.0,21.0,41.0
11-03476123,60615.0,4.0,21.0,41.0
11-03468495,60615.0,5.0,21.0,41.0
11-03468486,60615.0,4.0,21.0,41.0
11-03435393,60615.0,4.0,21.0,41.0
11-03395688,60615.0,4.0,21.0,41.0
11-03395709,60615.0,4.0,21.0,41.0
11-03397212,60615.0,4.0,21.0,39.0
11-03397234,60615.0,4.0,21.0,39.0
11-03385222,60615.0,4.0,21.0,41.0
11-03385426,60615.0,4.0,21.0,41.0
11-03385337,60615.0,4.0,21.0,41.0
11-03374324,60615.0,5.0,21.0,41.0
11-03377918,60615.0,4.0,21.0,41.0
11-03363915,60615.0,5.0,21.0,41.0
11-03363904,60615.0,5.0,21.0,41.0
11-03363932,60615.0,5.0,21.0,41.0
11-03365608,60615.0,4.0,21.0,41.0
11-03346948,60615.0,5.0,21.0,41.0
11-03344467,60615.0,4.0,21.0,41.0
11-03338749,60615.0,5.0,21.0,41.0
11-03330476,60615.0,4.0,21.0,41.0
11-03330492,60615.0,5.0,21.0,41.0
11-03326696,60615.0,5.0,21.0,41.0
11-03338149,60615.0,4.0,21.0,39.0
11-03316790,60615.0,5.0,21.0,41.0
11-03319848,60615.0,4.0,21.0,39.0
11-03316886,60615.0,5.0,21.0,41.0
11-03307669,60615.0,4.0,2.0,38.0
11-03307632,60615.0,5.0,21.0,41.0
11-03296039,60615.0,5.0,21.0,41.0
11-03296037,60615.0,5.0,21.0,41.0
11-03290271,60615.0,4.0,2.0,38.0
11-03284398,60615.0,4.0,21.0,41.0
11-03284403,60615.0,5.0,21.0,41.0
11-03279540,60615.0,5.0,21.0,41.0
11-03276176,60615.0,4.0,21.0,39.0
11-03274973,60615.0,5.0,21.0,41.0
11-03261131,60615.0,5.0,21.0,41.0
11-03246653,60615.0,4.0,21.0,41.0
11-03244071,60615.0,4.0,21.0,41.0
11-03239972,60615.0,5.0,21.0,41.0
11-03239935,60615.0,5.0,21.0,41.0
11-03239891,60615.0,5.0,21.0,41.0
11-03216911,60615.0,4.0,21.0,41.0
11-03216906,60615.0,4.0,21.0,41.0
11-03224812,60615.0,4.0,21.0,41.0
11-03199528,60615.0,4.0,21.0,41.0
11-03148431,60615.0,4.0,21.0,41.0
11-03149016,60615.0,4.0,21.0,41.0
11-03075830,60615.0,4.0,21.0,39.0
11-03075806,60615.0,4.0,21.0,39.0
11-02988270,60615.0,4.0,21.0,41.0
11-02988338,60615.0,4.0,21.0,41.0
11-02956973,60615.0,4.0,21.0,41.0
11-02904862,60615.0,4.0,21.0,41.0
11-02904953,60615.0,5.0,21.0,41.0
11-02863788,60615.0,5.0,21.0,41.0
11-02716980,60615.0,5.0,21.0,41.0
11-02660513,60615.0,5.0,21.0,41.0
11-02660469,60615.0,4.0,21.0,41.0
11-02665231,60615.0,5.0,21.0,41.0
11-02672305,60615.0,4.0,21.0,41.0
11-02621661,60615.0,4.0,21.0,41.0
11-02617626,60615.0,4.0,21.0,41.0
11-02617573,60615.0,4.0,21.0,39.0
11-02617654,60615.0,4.0,21.0,41.0
11-02618291,60615.0,4.0,21.0,41.0
11-02618280,60615.0,5.0,21.0,41.0
11-02618284,60615.0,4.0,21.0,41.0
11-02618272,60615.0,5.0,21.0,41.0
11-02621601,60615.0,4.0,21.0,41.0
11-02583284,60615.0,4.0,21.0,39.0
11-02530262,60615.0,4.0,21.0,39.0
11-02457657,60615.0,5.0,21.0,41.0
11-02458050,60615.0,4.0,21.0,41.0
11-02453408,60615.0,5.0,21.0,41.0
11-02402917,60615.0,4.0,21.0,39.0
11-02402916,60615.0,4.0,21.0,39.0
11-02410773,60615.0,4.0,21.0,41.0
11-02416140,60615.0,4.0,21.0,41.0
11-02426556,60615.0,4.0,2.0,38.0
11-02387682,60615.0,5.0,21.0,41.0
11-02335299,60615.0,4.0,21.0,39.0
11-02337099,60615.0,5.0,21.0,41.0
11-02340610,60615.0,5.0,21.0,41.0
11-02345744,60615.0,4.0,21.0,39.0
11-02304816,60615.0,4.0,21.0,39.0
11-02086394,60615.0,4.0,21.0,41.0
11-02086134,60615.0,4.0,21.0,41.0
11-02087374,60615.0,4.0,21.0,41.0
11-02052310,60615.0,5.0,21.0,41.0
11-02019896,60615.0,4.0,21.0,41.0
11-02019745,60615.0,4.0,21.0,41.0
11-02019671,60615.0,4.0,21.0,41.0
11-02019960,60615.0,4.0,21.0,41.0
11-02019932,60615.0,4.0,21.0,41.0
11-02020072,60615.0,4.0,21.0,41.0
11-02019984,60615.0,4.0,21.0,41.0
11-01906829,60615.0,4.0,21.0,41.0
11-01900257,60615.0,4.0,21.0,41.0
11-01871371,60615.0,5.0,21.0,41.0
11-01833071,60615.0,4.0,21.0,41.0
11-01839518,60615.0,4.0,21.0,41.0
11-01845155,60615.0,4.0,21.0,41.0
11-01804952,60615.0,4.0,21.0,41.0
11-01797995,60615.0,4.0,2.0,38.0
11-01798301,60615.0,4.0,2.0,40.0
11-01798873,60615.0,4.0,21.0,41.0
11-01624980,60615.0,4.0,21.0,41.0
11-01625661,60615.0,4.0,2.0,38.0
11-01555749,60615.0,4.0,21.0,41.0
11-01566800,60615.0,4.0,21.0,41.0
11-01473309,60615.0,4.0,21.0,41.0
11-01151058,60615.0,4.0,21.0,41.0
11-01152099,60615.0,4.0,21.0,41.0
11-01070265,60615.0,4.0,21.0,41.0
11-01034517,60615.0,4.0,21.0,39.0
11-01041774,60615.0,4.0,21.0,39.0
11-00987654,60615.0,4.0,2.0,38.0
11-00926025,60615.0,3.0,2.0,38.0
11-00873203,60615.0,4.0,21.0,41.0
11-00852336,60615.0,4.0,21.0,39.0
11-00802595,60615.0,4.0,21.0,39.0
11-00779537,60615.0,3.0,2.0,38.0
11-00525735,60615.0,4.0,21.0,39.0
11-00526415,60615.0,4.0,21.0,39.0
11-00528932,60615.0,5.0,21.0,41.0
11-00528902,60615.0,5.0,21.0,41.0
11-00528966,60615.0,5.0,21.0,41.0
11-00516154,60615.0,3.0,2.0,40.0
11-00501703,60615.0,4.0,21.0,41.0
11-00481718,60615.0,4.0,21.0,41.0
11-00468096,60615.0,4.0,21.0,39.0
11-00451523,60615.0,4.0,21.0,39.0
11-00445659,60615.0,4.0,21.0,39.0
11-00445631,60615.0,4.0,21.0,39.0
11-00416437,60615.0,4.0,21.0,41.0
11-00402895,60615.0,4.0,21.0,39.0
11-00402892,60615.0,4.0,21.0,39.0
11-00381395,60615.0,4.0,21.0,39.0
11-00374503,60615.0,4.0,21.0,41.0
11-00355830,60615.0,4.0,21.0,41.0
11-00355825,60615.0,4.0,21.0,41.0
11-00360705,60615.0,4.0,21.0,41.0
11-00352391,60615.0,4.0,21.0,41.0
11-00342856,60615.0,4.0,21.0,41.0
11-00334451,60615.0,5.0,21.0,41.0
11-00330844,60615.0,3.0,2.0,40.0
11-00301640,60615.0,4.0,21.0,41.0
11-00291972,60615.0,4.0,21.0,41.0
11-00288766,60615.0,4.0,21.0,41.0
11-00275676,60615.0,4.0,21.0,41.0
11-00159609,60615.0,5.0,21.0,41.0
11-00159612,60615.0,5.0,21.0,41.0
11-00159620,60615.0,4.0,21.0,41.0
11-00159622,60615.0,4.0,21.0,41.0
11-00159627,60615.0,4.0,21.0,41.0
11-00159628,60615.0,4.0,21.0,41.0
11-00159633,60615.0,4.0,21.0,41.0
11-00159639,60615.0,4.0,21.0,41.0
11-00153371,60615.0,3.0,2.0,40.0
11-00148983,60615.0,4.0,21.0,41.0
11-00129797,60615.0,4.0,21.0,41.0
11-00113267,60615.0,4.0,21.0,41.0
11-00099351,60615.0,4.0,21.0,41.0
11-00099341,60615.0,4.0,21.0,41.0
11-00088139,60615.0,4.0,21.0,41.0
11-00087292,60615.0,4.0,21.0,41.0
11-00076696,60615.0,5.0,21.0,41.0
11-00073861,60615.0,4.0,21.0,41.0
11-00046447,60615.0,4.0,21.0,41.0
11-00019866,60615.0,4.0,21.0,41.0
11-00004340,60615.0,4.0,21.0,39.0
10-02074636,60615.0,4.0,21.0,41.0
10-02064336,60615.0,4.0,21.0,41.0
