15-04887662,60611.0,42.0,18.0,8.0
15-04890784,60611.0,42.0,18.0,8.0
15-04824794,60611.0,42.0,18.0,8.0
15-04824786,60611.0,42.0,18.0,8.0
15-04826602,60611.0,42.0,18.0,8.0
15-04812517,60611.0,42.0,18.0,8.0
15-04759126,60611.0,2.0,18.0,8.0
15-04733609,60611.0,42.0,18.0,8.0
15-04716067,60611.0,42.0,18.0,8.0
15-04669840,60611.0,42.0,18.0,8.0
15-04645186,60611.0,42.0,18.0,8.0
15-04568852,60611.0,42.0,18.0,8.0
15-04568814,60611.0,42.0,18.0,8.0
15-04568716,60611.0,2.0,18.0,8.0
15-04547974,60611.0,42.0,18.0,8.0
15-04526907,60611.0,2.0,18.0,8.0
15-04504186,60611.0,42.0,18.0,8.0
15-04504251,60611.0,42.0,18.0,8.0
15-04504201,60611.0,42.0,18.0,8.0
15-04410338,60611.0,42.0,18.0,8.0
15-04352218,60611.0,42.0,18.0,8.0
15-04352174,60611.0,42.0,18.0,8.0
15-04354360,60611.0,42.0,18.0,8.0
15-04361372,60611.0,42.0,18.0,8.0
15-04333923,60611.0,42.0,18.0,8.0
15-04330712,60611.0,42.0,18.0,8.0
15-04261352,60611.0,42.0,18.0,8.0
15-04238415,60611.0,42.0,18.0,8.0
15-04238187,60611.0,42.0,18.0,8.0
15-04145443,60611.0,2.0,18.0,8.0
15-04142612,60611.0,2.0,18.0,8.0
15-04145382,60611.0,2.0,18.0,8.0
15-04060952,60611.0,42.0,18.0,8.0
15-04061542,60611.0,42.0,18.0,8.0
15-04006325,60611.0,42.0,18.0,8.0
15-04007215,60611.0,42.0,18.0,8.0
15-04021110,60611.0,42.0,18.0,8.0
15-04024578,60611.0,42.0,18.0,8.0
15-04005080,60611.0,42.0,18.0,8.0
15-04005194,60611.0,42.0,18.0,8.0
15-03990054,60611.0,42.0,18.0,8.0
15-03968663,60611.0,42.0,18.0,8.0
15-03966816,60611.0,42.0,18.0,8.0
15-03968665,60611.0,42.0,18.0,8.0
15-03969631,60611.0,42.0,18.0,8.0
15-03967695,60611.0,42.0,18.0,8.0
15-03968668,60611.0,42.0,18.0,8.0
15-03968670,60611.0,42.0,18.0,8.0
15-03890745,60611.0,2.0,18.0,8.0
15-03856989,60611.0,42.0,18.0,8.0
15-03841200,60611.0,42.0,18.0,8.0
15-03856993,60611.0,42.0,18.0,8.0
15-03857642,60611.0,42.0,18.0,8.0
15-03836148,60611.0,2.0,18.0,8.0
15-03857646,60611.0,42.0,18.0,8.0
15-03856987,60611.0,42.0,18.0,8.0
15-03856996,60611.0,42.0,18.0,8.0
15-03856995,60611.0,42.0,18.0,8.0
15-03857644,60611.0,42.0,18.0,8.0
15-03815195,60611.0,2.0,18.0,8.0
15-03811466,60611.0,2.0,18.0,8.0
15-03807257,60611.0,42.0,18.0,8.0
15-03716101,60611.0,42.0,18.0,8.0
15-03688559,60611.0,2.0,18.0,8.0
15-03664582,60611.0,2.0,18.0,8.0
15-03666023,60611.0,42.0,18.0,8.0
15-03656857,60611.0,42.0,18.0,8.0
15-03596817,60611.0,42.0,18.0,8.0
15-03582208,60611.0,42.0,18.0,8.0
15-03572763,60611.0,2.0,18.0,8.0
15-03544448,60611.0,42.0,18.0,8.0
15-03545046,60611.0,2.0,18.0,8.0
15-03544977,60611.0,42.0,18.0,8.0
15-03545101,60611.0,42.0,18.0,8.0
15-03544448,60611.0,42.0,18.0,8.0
15-03525083,60611.0,42.0,18.0,8.0
15-03505989,60611.0,2.0,18.0,8.0
15-03505762,60611.0,42.0,18.0,8.0
15-03505763,60611.0,2.0,18.0,8.0
15-03465138,60611.0,42.0,18.0,8.0
15-03474816,60611.0,42.0,18.0,8.0
15-03465827,60611.0,42.0,18.0,8.0
15-03439840,60611.0,2.0,18.0,8.0
15-03400180,60611.0,42.0,18.0,8.0
15-03390849,60611.0,42.0,18.0,8.0
15-03390854,60611.0,42.0,18.0,8.0
15-03390864,60611.0,42.0,18.0,8.0
15-03394235,60611.0,42.0,18.0,8.0
15-03394281,60611.0,42.0,18.0,8.0
15-03394322,60611.0,42.0,18.0,8.0
15-03394217,60611.0,42.0,18.0,8.0
15-03376066,60611.0,42.0,18.0,8.0
15-03379934,60611.0,42.0,18.0,8.0
15-03379849,60611.0,42.0,18.0,8.0
15-03352527,60611.0,42.0,18.0,8.0
15-03352521,60611.0,42.0,18.0,8.0
15-03354633,60611.0,42.0,18.0,8.0
15-03319500,60611.0,42.0,18.0,8.0
15-03293048,60611.0,42.0,18.0,8.0
15-03253469,60611.0,42.0,18.0,8.0
15-03248205,60611.0,42.0,18.0,8.0
15-03247791,60611.0,2.0,18.0,8.0
15-03232983,60611.0,42.0,18.0,8.0
15-03225122,60611.0,42.0,18.0,8.0
15-03226508,60611.0,42.0,18.0,8.0
15-03226622,60611.0,42.0,18.0,8.0
15-03226560,60611.0,42.0,18.0,8.0
15-03226483,60611.0,42.0,18.0,8.0
15-03226497,60611.0,42.0,18.0,8.0
15-03189182,60611.0,42.0,18.0,8.0
15-03140004,60611.0,42.0,18.0,8.0
15-03144306,60611.0,42.0,18.0,8.0
15-03142963,60611.0,42.0,18.0,8.0
15-03110045,60611.0,42.0,18.0,8.0
15-03110047,60611.0,42.0,18.0,8.0
15-03069896,60611.0,42.0,18.0,8.0
15-03003563,60611.0,42.0,18.0,8.0
15-02996978,60611.0,42.0,18.0,8.0
15-02965783,60611.0,42.0,18.0,8.0
15-02965816,60611.0,42.0,18.0,8.0
15-02965740,60611.0,42.0,18.0,8.0
15-02965707,60611.0,42.0,18.0,8.0
15-02915022,60611.0,42.0,18.0,8.0
15-02915069,60611.0,42.0,18.0,8.0
15-02915004,60611.0,42.0,18.0,8.0
15-02877673,60611.0,2.0,18.0,8.0
15-02835630,60611.0,42.0,18.0,8.0
15-02835555,60611.0,42.0,18.0,8.0
15-02826217,60611.0,2.0,18.0,8.0
15-02826153,60611.0,2.0,18.0,8.0
15-02833904,60611.0,42.0,18.0,8.0
15-02800629,60611.0,42.0,18.0,8.0
15-02771937,60611.0,42.0,18.0,8.0
15-02746802,60611.0,42.0,18.0,8.0
15-02691710,60611.0,42.0,18.0,8.0
15-02689744,60611.0,42.0,18.0,8.0
15-02666828,60611.0,42.0,18.0,8.0
15-02586549,60611.0,42.0,18.0,8.0
15-02585783,60611.0,42.0,18.0,8.0
15-02558781,60611.0,42.0,18.0,8.0
15-02558498,60611.0,2.0,18.0,8.0
15-02559025,60611.0,2.0,18.0,8.0
15-02549313,60611.0,42.0,18.0,8.0
15-02549490,60611.0,42.0,18.0,8.0
15-02549310,60611.0,42.0,18.0,8.0
15-02513709,60611.0,42.0,18.0,8.0
15-02501863,60611.0,42.0,18.0,8.0
15-02412226,60611.0,2.0,18.0,8.0
15-02419409,60611.0,42.0,18.0,8.0
15-02394718,60611.0,42.0,18.0,8.0
15-02378789,60611.0,42.0,18.0,8.0
15-02379555,60611.0,42.0,18.0,8.0
15-02379554,60611.0,42.0,18.0,8.0
15-02379306,60611.0,42.0,18.0,8.0
15-02379055,60611.0,42.0,18.0,8.0
15-02278843,60611.0,42.0,18.0,8.0
15-02262782,60611.0,42.0,18.0,8.0
15-02173298,60611.0,42.0,18.0,8.0
15-02173302,60611.0,42.0,18.0,8.0
15-02173308,60611.0,42.0,18.0,8.0
15-02173316,60611.0,42.0,18.0,8.0
15-02173425,60611.0,42.0,18.0,8.0
15-02171736,60611.0,2.0,18.0,8.0
15-02172444,60611.0,42.0,18.0,8.0
15-02172442,60611.0,42.0,18.0,8.0
15-02129606,60611.0,42.0,18.0,8.0
15-02142936,60611.0,42.0,18.0,8.0
15-02103226,60611.0,2.0,18.0,8.0
15-02059615,60611.0,42.0,18.0,8.0
15-02007911,60611.0,42.0,18.0,8.0
15-02005905,60611.0,42.0,18.0,8.0
15-01980159,60611.0,42.0,18.0,8.0
15-01980147,60611.0,42.0,18.0,8.0
15-01980646,60611.0,42.0,18.0,8.0
15-01949498,60611.0,42.0,18.0,8.0
15-01923107,60611.0,42.0,18.0,8.0
15-01923054,60611.0,42.0,18.0,8.0
15-01922883,60611.0,42.0,18.0,8.0
15-01923142,60611.0,42.0,18.0,8.0
15-01921383,60611.0,42.0,18.0,8.0
15-01921366,60611.0,42.0,18.0,8.0
15-01921393,60611.0,42.0,18.0,8.0
15-01901699,60611.0,42.0,18.0,8.0
15-01867056,60611.0,42.0,18.0,8.0
15-01842955,60611.0,42.0,18.0,8.0
15-01785905,60611.0,42.0,18.0,8.0
15-01773769,60611.0,42.0,18.0,8.0
15-01768713,60611.0,42.0,18.0,8.0
15-01768711,60611.0,42.0,18.0,8.0
15-01719004,60611.0,42.0,18.0,8.0
15-01719167,60611.0,42.0,18.0,8.0
15-01718482,60611.0,42.0,18.0,8.0
15-01718478,60611.0,42.0,18.0,8.0
15-01718470,60611.0,42.0,18.0,8.0
15-01719576,60611.0,42.0,18.0,8.0
15-01719588,60611.0,42.0,18.0,8.0
15-01673807,60611.0,42.0,18.0,8.0
15-01664214,60611.0,42.0,18.0,8.0
15-01664207,60611.0,42.0,18.0,8.0
15-01673789,60611.0,42.0,18.0,8.0
15-01673793,60611.0,42.0,18.0,8.0
15-01673782,60611.0,42.0,18.0,8.0
15-01673580,60611.0,42.0,18.0,8.0
15-01673923,60611.0,42.0,18.0,8.0
15-01674101,60611.0,42.0,18.0,8.0
15-01674075,60611.0,42.0,18.0,8.0
15-01645084,60611.0,42.0,18.0,8.0
15-01645079,60611.0,42.0,18.0,8.0
15-01639082,60611.0,42.0,18.0,8.0
15-01554815,60611.0,42.0,18.0,8.0
15-01498030,60611.0,42.0,18.0,8.0
15-01497991,60611.0,42.0,18.0,8.0
15-01497958,60611.0,42.0,18.0,8.0
15-01498060,60611.0,42.0,18.0,8.0
15-01451143,60611.0,42.0,18.0,8.0
15-01433022,60611.0,42.0,18.0,8.0
15-01388293,60611.0,42.0,18.0,8.0
15-01388288,60611.0,42.0,18.0,8.0
15-01388277,60611.0,42.0,18.0,8.0
15-01388605,60611.0,42.0,18.0,8.0
15-01388299,60611.0,42.0,18.0,8.0
15-01388336,60611.0,42.0,18.0,8.0
15-01385311,60611.0,42.0,18.0,8.0
15-01385303,60611.0,42.0,18.0,8.0
15-01385319,60611.0,42.0,18.0,8.0
15-01388302,60611.0,42.0,18.0,8.0
15-01388272,60611.0,42.0,18.0,8.0
15-01357178,60611.0,42.0,18.0,8.0
15-01357583,60611.0,42.0,18.0,8.0
15-01357572,60611.0,42.0,18.0,8.0
15-01324462,60611.0,42.0,18.0,8.0
15-01324457,60611.0,42.0,18.0,8.0
15-01319845,60611.0,42.0,18.0,8.0
15-01319902,60611.0,42.0,18.0,8.0
15-01319888,60611.0,42.0,18.0,8.0
15-01329670,60611.0,42.0,18.0,8.0
15-01306736,60611.0,42.0,18.0,8.0
15-01301152,60611.0,42.0,18.0,8.0
15-01303685,60611.0,42.0,18.0,8.0
15-01281548,60611.0,42.0,18.0,8.0
15-01258506,60611.0,42.0,18.0,8.0
15-01258582,60611.0,42.0,18.0,8.0
15-01236985,60611.0,42.0,18.0,8.0
15-01239236,60611.0,42.0,18.0,8.0
15-01206140,60611.0,42.0,18.0,8.0
15-01211890,60611.0,42.0,18.0,8.0
15-01208904,60611.0,42.0,18.0,8.0
15-01114301,60611.0,42.0,18.0,8.0
15-01089413,60611.0,42.0,18.0,8.0
15-01043849,60611.0,42.0,18.0,8.0
15-00978291,60611.0,42.0,18.0,8.0
15-00916123,60611.0,42.0,18.0,8.0
15-00892543,60611.0,42.0,18.0,8.0
15-00892541,60611.0,42.0,18.0,8.0
15-00892544,60611.0,42.0,18.0,8.0
15-00870773,60611.0,42.0,18.0,8.0
15-00870764,60611.0,42.0,18.0,8.0
15-00833536,60611.0,42.0,18.0,8.0
15-00833774,60611.0,42.0,18.0,8.0
15-00809237,60611.0,42.0,18.0,8.0
15-00775224,60611.0,42.0,18.0,8.0
15-00775488,60611.0,42.0,18.0,8.0
15-00699188,60611.0,42.0,18.0,8.0
15-00536237,60611.0,42.0,18.0,8.0
15-00536248,60611.0,42.0,18.0,8.0
15-00536244,60611.0,42.0,18.0,8.0
15-00536256,60611.0,42.0,18.0,8.0
15-00526339,60611.0,42.0,18.0,8.0
15-00501467,60611.0,42.0,18.0,8.0
15-00450055,60611.0,42.0,18.0,8.0
15-00430539,60611.0,42.0,18.0,8.0
15-00405015,60611.0,42.0,18.0,8.0
15-00398162,60611.0,42.0,18.0,8.0
15-00386070,60611.0,42.0,18.0,8.0
15-00382792,60611.0,42.0,18.0,8.0
15-00388786,60611.0,42.0,18.0,8.0
15-00392609,60611.0,42.0,18.0,8.0
15-00377011,60611.0,42.0,18.0,8.0
15-00376992,60611.0,42.0,18.0,8.0
15-00326760,60611.0,42.0,18.0,8.0
15-00326755,60611.0,42.0,18.0,8.0
15-00326757,60611.0,42.0,18.0,8.0
15-00321179,60611.0,42.0,18.0,8.0
15-00250021,60611.0,42.0,18.0,8.0
15-00250825,60611.0,42.0,18.0,8.0
15-00250910,60611.0,42.0,18.0,8.0
15-00236445,60611.0,42.0,18.0,8.0
15-00140393,60611.0,42.0,18.0,8.0
15-00141898,60611.0,42.0,18.0,8.0
15-00129721,60611.0,42.0,18.0,8.0
15-00125691,60611.0,42.0,18.0,8.0
15-00108066,60611.0,42.0,18.0,8.0
15-00108947,60611.0,42.0,18.0,8.0
15-00108913,60611.0,42.0,18.0,8.0
15-00108953,60611.0,42.0,18.0,8.0
15-00108582,60611.0,42.0,18.0,8.0
15-00060082,60611.0,42.0,18.0,8.0
15-00052934,60611.0,42.0,18.0,8.0
15-00056439,60611.0,42.0,18.0,8.0
15-00033890,60611.0,42.0,18.0,8.0
15-00033949,60611.0,42.0,18.0,8.0
15-00022795,60611.0,42.0,18.0,8.0
15-00022802,60611.0,42.0,18.0,8.0
15-00022848,60611.0,42.0,18.0,8.0
15-00006115,60611.0,42.0,18.0,8.0
14-02190788,60611.0,42.0,18.0,8.0
14-02180995,60611.0,42.0,18.0,8.0
14-02181164,60611.0,42.0,18.0,8.0
14-02181166,60611.0,42.0,18.0,8.0
14-02166320,60611.0,42.0,18.0,8.0
14-02167037,60611.0,42.0,18.0,8.0
14-02137013,60611.0,42.0,18.0,8.0
14-02137017,60611.0,42.0,18.0,8.0
14-02126624,60611.0,42.0,18.0,8.0
14-02126619,60611.0,42.0,18.0,8.0
14-02126168,60611.0,42.0,18.0,8.0
14-02120620,60611.0,42.0,18.0,8.0
14-02120611,60611.0,42.0,18.0,8.0
14-02113812,60611.0,42.0,18.0,8.0
14-02086838,60611.0,42.0,18.0,8.0
14-02076698,60611.0,42.0,18.0,8.0
14-02061986,60611.0,42.0,18.0,8.0
14-02062073,60611.0,42.0,18.0,8.0
14-02062141,60611.0,42.0,18.0,8.0
14-02036252,60611.0,42.0,18.0,8.0
14-02036341,60611.0,42.0,18.0,8.0
14-02036260,60611.0,42.0,18.0,8.0
14-02025125,60611.0,42.0,18.0,8.0
14-02025134,60611.0,42.0,18.0,8.0
14-02025150,60611.0,42.0,18.0,8.0
14-02012380,60611.0,42.0,18.0,8.0
14-02012386,60611.0,42.0,18.0,8.0
14-02004343,60611.0,42.0,18.0,8.0
14-02000813,60611.0,42.0,18.0,8.0
14-01988817,60611.0,42.0,18.0,8.0
14-01980309,60611.0,42.0,18.0,8.0
14-01985065,60611.0,42.0,18.0,8.0
14-01977410,60611.0,42.0,18.0,8.0
14-01969885,60611.0,42.0,18.0,8.0
14-01969188,60611.0,42.0,18.0,8.0
14-01968381,60611.0,42.0,18.0,8.0
14-01945868,60611.0,42.0,18.0,8.0
14-01946687,60611.0,42.0,18.0,8.0
14-01920442,60611.0,42.0,18.0,8.0
14-01915583,60611.0,42.0,18.0,8.0
14-01910262,60611.0,42.0,18.0,8.0
14-01903750,60611.0,42.0,18.0,8.0
14-01903741,60611.0,42.0,18.0,8.0
14-01897060,60611.0,42.0,18.0,8.0
14-01897059,60611.0,42.0,18.0,8.0
14-01897058,60611.0,42.0,18.0,8.0
14-01893463,60611.0,42.0,18.0,8.0
14-01873694,60611.0,42.0,18.0,8.0
14-01871676,60611.0,42.0,18.0,8.0
14-01867459,60611.0,42.0,18.0,8.0
14-01850519,60611.0,42.0,18.0,8.0
14-01831665,60611.0,42.0,18.0,8.0
14-01831675,60611.0,42.0,18.0,8.0
14-01821870,60611.0,42.0,18.0,8.0
14-01813559,60611.0,42.0,18.0,8.0
14-01804307,60611.0,42.0,18.0,8.0
14-01797857,60611.0,42.0,18.0,8.0
14-01797791,60611.0,42.0,18.0,8.0
14-01797802,60611.0,42.0,18.0,8.0
14-01797829,60611.0,42.0,18.0,8.0
14-01797927,60611.0,42.0,18.0,8.0
14-01797872,60611.0,42.0,18.0,8.0
14-01797888,60611.0,42.0,18.0,8.0
14-01797903,60611.0,42.0,18.0,8.0
14-01797911,60611.0,42.0,18.0,8.0
14-01797970,60611.0,42.0,18.0,8.0
14-01797978,60611.0,42.0,18.0,8.0
14-01797775,60611.0,42.0,18.0,8.0
14-01792908,60611.0,42.0,18.0,8.0
14-01773002,60611.0,42.0,18.0,8.0
14-01762981,60611.0,42.0,18.0,8.0
14-01767965,60611.0,42.0,18.0,8.0
14-01756184,60611.0,42.0,18.0,8.0
14-01761275,60611.0,42.0,18.0,8.0
14-01759283,60611.0,42.0,18.0,8.0
14-01759290,60611.0,42.0,18.0,8.0
14-01746253,60611.0,42.0,18.0,8.0
14-01730333,60611.0,42.0,18.0,8.0
14-01730319,60611.0,42.0,18.0,8.0
14-01730250,60611.0,42.0,18.0,8.0
14-01730298,60611.0,42.0,18.0,8.0
14-01734104,60611.0,42.0,18.0,8.0
14-01722074,60611.0,42.0,18.0,8.0
14-01721730,60611.0,42.0,18.0,8.0
14-01717461,60611.0,42.0,18.0,8.0
14-01702448,60611.0,42.0,18.0,8.0
14-01704791,60611.0,42.0,18.0,8.0
14-01685974,60611.0,42.0,18.0,8.0
14-01686893,60611.0,42.0,18.0,8.0
14-01677515,60611.0,42.0,18.0,8.0
14-01672057,60611.0,42.0,18.0,8.0
14-01668178,60611.0,42.0,18.0,8.0
14-01661362,60611.0,42.0,18.0,8.0
14-01661021,60611.0,42.0,18.0,8.0
14-01661044,60611.0,42.0,18.0,8.0
14-01660139,60611.0,42.0,18.0,8.0
14-01659999,60611.0,42.0,18.0,8.0
14-01659992,60611.0,42.0,18.0,8.0
14-01659924,60611.0,42.0,18.0,8.0
14-01659935,60611.0,42.0,18.0,8.0
14-01659953,60611.0,42.0,18.0,8.0
14-01660133,60611.0,42.0,18.0,8.0
14-01660026,60611.0,42.0,18.0,8.0
14-01660019,60611.0,42.0,18.0,8.0
14-01660122,60611.0,42.0,18.0,8.0
14-01660106,60611.0,42.0,18.0,8.0
14-01660100,60611.0,42.0,18.0,8.0
14-01655044,60611.0,42.0,18.0,8.0
14-01642167,60611.0,42.0,18.0,8.0
14-01642166,60611.0,42.0,18.0,8.0
14-01625007,60611.0,42.0,18.0,8.0
14-01628245,60611.0,42.0,18.0,8.0
14-01621501,60611.0,42.0,18.0,8.0
14-01612890,60611.0,42.0,18.0,8.0
14-01603823,60611.0,42.0,18.0,8.0
14-01597139,60611.0,42.0,18.0,8.0
14-01604042,60611.0,42.0,18.0,8.0
14-01597155,60611.0,42.0,18.0,8.0
14-01601126,60611.0,42.0,18.0,8.0
14-01601115,60611.0,42.0,18.0,8.0
14-01601104,60611.0,42.0,18.0,8.0
14-01601089,60611.0,42.0,18.0,8.0
14-01601078,60611.0,42.0,18.0,8.0
14-01601072,60611.0,42.0,18.0,8.0
14-01600835,60611.0,42.0,18.0,8.0
14-01600806,60611.0,42.0,18.0,8.0
14-01600799,60611.0,42.0,18.0,8.0
14-01600870,60611.0,42.0,18.0,8.0
14-01595288,60611.0,42.0,18.0,8.0
14-01588049,60611.0,42.0,18.0,8.0
14-01589486,60611.0,42.0,18.0,8.0
14-01588436,60611.0,42.0,18.0,8.0
14-01588430,60611.0,42.0,18.0,8.0
14-01588415,60611.0,42.0,18.0,8.0
14-01589542,60611.0,42.0,18.0,8.0
14-01586371,60611.0,42.0,18.0,8.0
14-01586458,60611.0,42.0,18.0,8.0
14-01588047,60611.0,42.0,18.0,8.0
14-01587984,60611.0,42.0,18.0,8.0
14-01587984,60611.0,42.0,18.0,8.0
14-01574230,60611.0,42.0,18.0,8.0
14-01572407,60611.0,42.0,18.0,8.0
14-01555719,60611.0,42.0,18.0,8.0
14-01554465,60611.0,42.0,18.0,8.0
14-01550845,60611.0,42.0,18.0,8.0
14-01546995,60611.0,42.0,18.0,8.0
14-01544565,60611.0,42.0,18.0,8.0
14-01543643,60611.0,42.0,18.0,8.0
14-01543618,60611.0,42.0,18.0,8.0
14-01530833,60611.0,42.0,18.0,8.0
14-01511090,60611.0,42.0,18.0,8.0
14-01503699,60611.0,42.0,18.0,8.0
14-01480677,60611.0,42.0,18.0,8.0
14-01463700,60611.0,42.0,18.0,8.0
14-01450689,60611.0,42.0,18.0,8.0
14-01442666,60611.0,42.0,18.0,8.0
14-01442633,60611.0,42.0,18.0,8.0
14-01442657,60611.0,42.0,18.0,8.0
14-01442690,60611.0,42.0,18.0,8.0
14-01443068,60611.0,42.0,18.0,8.0
14-01443057,60611.0,42.0,18.0,8.0
14-01435384,60611.0,42.0,18.0,8.0
14-01430317,60611.0,42.0,18.0,8.0
14-01428843,60611.0,42.0,18.0,8.0
14-01431854,60611.0,42.0,18.0,8.0
14-01427741,60611.0,42.0,18.0,8.0
14-01428105,60611.0,42.0,18.0,8.0
14-01427811,60611.0,42.0,18.0,8.0
14-01428212,60611.0,42.0,18.0,8.0
14-01428481,60611.0,42.0,18.0,8.0
14-01428389,60611.0,42.0,18.0,8.0
14-01421624,60611.0,42.0,18.0,8.0
14-01420344,60611.0,42.0,18.0,8.0
14-01416777,60611.0,42.0,18.0,8.0
14-01416728,60611.0,42.0,18.0,8.0
14-01407485,60611.0,42.0,18.0,8.0
14-01407487,60611.0,42.0,18.0,8.0
14-01409416,60611.0,42.0,18.0,8.0
14-01394696,60611.0,42.0,18.0,8.0
14-01388214,60611.0,42.0,18.0,8.0
14-01378644,60611.0,42.0,18.0,8.0
14-01374908,60611.0,42.0,18.0,8.0
14-01375929,60611.0,42.0,18.0,8.0
14-01347338,60611.0,42.0,18.0,8.0
14-01350102,60611.0,42.0,18.0,8.0
14-01330411,60611.0,42.0,18.0,8.0
14-01327914,60611.0,42.0,18.0,8.0
14-01313049,60611.0,42.0,18.0,8.0
14-01313059,60611.0,42.0,18.0,8.0
14-01313042,60611.0,42.0,18.0,8.0
14-01313071,60611.0,42.0,18.0,8.0
14-01313076,60611.0,42.0,18.0,8.0
14-01313072,60611.0,42.0,18.0,8.0
14-01313086,60611.0,42.0,18.0,8.0
14-01312959,60611.0,42.0,18.0,8.0
14-01312891,60611.0,42.0,18.0,8.0
14-01305349,60611.0,42.0,18.0,8.0
14-01307007,60611.0,42.0,18.0,8.0
14-01307689,60611.0,42.0,18.0,8.0
14-01298817,60611.0,42.0,18.0,8.0
14-01298818,60611.0,42.0,18.0,8.0
14-01301435,60611.0,42.0,18.0,8.0
14-01301419,60611.0,42.0,18.0,8.0
14-01301429,60611.0,42.0,18.0,8.0
14-01281001,60611.0,42.0,18.0,8.0
14-01280955,60611.0,42.0,18.0,8.0
14-01280911,60611.0,42.0,18.0,8.0
14-01280874,60611.0,42.0,18.0,8.0
14-01279551,60611.0,42.0,18.0,8.0
14-01279558,60611.0,42.0,18.0,8.0
14-01279585,60611.0,42.0,18.0,8.0
14-01285944,60611.0,42.0,18.0,8.0
14-01273037,60611.0,42.0,18.0,8.0
14-01269568,60611.0,42.0,18.0,8.0
14-01269577,60611.0,42.0,18.0,8.0
14-01274344,60611.0,42.0,18.0,8.0
14-01261533,60611.0,42.0,18.0,8.0
14-01258423,60611.0,42.0,18.0,8.0
14-01258734,60611.0,42.0,18.0,8.0
14-01257533,60611.0,42.0,18.0,8.0
14-01258726,60611.0,42.0,18.0,8.0
14-01255034,60611.0,42.0,18.0,8.0
14-01240776,60611.0,42.0,18.0,8.0
14-01233090,60611.0,42.0,18.0,8.0
14-01230377,60611.0,42.0,18.0,8.0
14-01223895,60611.0,42.0,18.0,8.0
14-01221684,60611.0,42.0,18.0,8.0
14-01211013,60611.0,42.0,18.0,8.0
14-01202546,60611.0,42.0,18.0,8.0
14-01202537,60611.0,42.0,18.0,8.0
14-01202517,60611.0,42.0,18.0,8.0
14-01202621,60611.0,42.0,18.0,8.0
14-01202598,60611.0,42.0,18.0,8.0
14-01202575,60611.0,42.0,18.0,8.0
14-01202610,60611.0,42.0,18.0,8.0
14-01202585,60611.0,42.0,18.0,8.0
14-01196897,60611.0,42.0,18.0,8.0
14-01185295,60611.0,42.0,18.0,8.0
14-01178730,60611.0,42.0,18.0,8.0
14-01176374,60611.0,42.0,18.0,8.0
14-01173568,60611.0,42.0,18.0,8.0
14-01169643,60611.0,42.0,18.0,8.0
14-01153371,60611.0,42.0,18.0,8.0
14-01137020,60611.0,42.0,18.0,8.0
14-01122182,60611.0,42.0,18.0,8.0
14-01109286,60611.0,42.0,18.0,8.0
14-01106228,60611.0,42.0,18.0,8.0
14-01084040,60611.0,42.0,18.0,8.0
14-01083986,60611.0,42.0,18.0,8.0
14-01083999,60611.0,42.0,18.0,8.0
14-01082411,60611.0,42.0,18.0,8.0
14-01085938,60611.0,42.0,18.0,8.0
14-01074276,60611.0,42.0,18.0,8.0
14-01068029,60611.0,42.0,18.0,8.0
14-01068008,60611.0,42.0,18.0,8.0
14-01062959,60611.0,42.0,18.0,8.0
14-01053448,60611.0,42.0,18.0,8.0
14-01053513,60611.0,42.0,18.0,8.0
14-01051838,60611.0,42.0,18.0,8.0
14-01051823,60611.0,42.0,18.0,8.0
14-01029367,60611.0,42.0,18.0,8.0
14-01012415,60611.0,42.0,18.0,8.0
14-01011580,60611.0,42.0,18.0,8.0
14-01011521,60611.0,42.0,18.0,8.0
14-01010599,60611.0,42.0,18.0,8.0
14-01004240,60611.0,42.0,18.0,8.0
14-01004367,60611.0,42.0,18.0,8.0
14-00996675,60611.0,42.0,18.0,8.0
14-00991818,60611.0,42.0,18.0,8.0
14-00979725,60611.0,42.0,18.0,8.0
14-00979719,60611.0,42.0,18.0,8.0
14-00962948,60611.0,42.0,18.0,8.0
14-00962875,60611.0,42.0,18.0,8.0
14-00962673,60611.0,42.0,18.0,8.0
14-00962889,60611.0,42.0,18.0,8.0
14-00962963,60611.0,42.0,18.0,8.0
14-00956833,60611.0,42.0,18.0,8.0
14-00956837,60611.0,42.0,18.0,8.0
14-00944331,60611.0,42.0,18.0,8.0
14-00929407,60611.0,42.0,18.0,8.0
14-00919343,60611.0,42.0,18.0,8.0
14-00911122,60611.0,42.0,18.0,8.0
14-00908772,60611.0,42.0,18.0,8.0
14-00885555,60611.0,42.0,18.0,8.0
14-00824479,60611.0,42.0,18.0,8.0
14-00809368,60611.0,42.0,18.0,8.0
14-00807108,60611.0,42.0,18.0,8.0
14-00768168,60611.0,42.0,18.0,8.0
14-00768157,60611.0,42.0,18.0,8.0
14-00770532,60611.0,42.0,18.0,8.0
14-00724742,60611.0,42.0,18.0,8.0
14-00724624,60611.0,42.0,18.0,8.0
14-00724600,60611.0,42.0,18.0,8.0
14-00724591,60611.0,42.0,18.0,8.0
14-00724576,60611.0,42.0,18.0,8.0
14-00722362,60611.0,42.0,18.0,8.0
14-00707672,60611.0,42.0,18.0,8.0
14-00711588,60611.0,42.0,18.0,8.0
14-00692541,60611.0,42.0,18.0,8.0
14-00692956,60611.0,42.0,18.0,8.0
14-00693173,60611.0,42.0,18.0,8.0
14-00687672,60611.0,42.0,18.0,8.0
14-00685087,60611.0,42.0,18.0,8.0
14-00679020,60611.0,42.0,18.0,8.0
14-00679008,60611.0,42.0,18.0,8.0
14-00670655,60611.0,42.0,18.0,8.0
14-00670652,60611.0,42.0,18.0,8.0
14-00670636,60611.0,42.0,18.0,8.0
14-00670642,60611.0,42.0,18.0,8.0
14-00650506,60611.0,42.0,18.0,8.0
14-00653420,60611.0,42.0,18.0,8.0
14-00650180,60611.0,42.0,18.0,8.0
14-00637483,60611.0,42.0,18.0,8.0
14-00637457,60611.0,42.0,18.0,8.0
14-00631408,60611.0,42.0,18.0,8.0
14-00631433,60611.0,42.0,18.0,8.0
14-00631456,60611.0,42.0,18.0,8.0
14-00623436,60611.0,42.0,18.0,8.0
14-00622891,60611.0,42.0,18.0,8.0
14-00624944,60611.0,42.0,18.0,8.0
14-00624930,60611.0,42.0,18.0,8.0
14-00622898,60611.0,42.0,18.0,8.0
14-00598066,60611.0,42.0,18.0,8.0
14-00590828,60611.0,42.0,18.0,8.0
14-00587967,60611.0,42.0,18.0,8.0
14-00577208,60611.0,42.0,18.0,8.0
14-00581247,60611.0,42.0,18.0,8.0
14-00569530,60611.0,42.0,18.0,8.0
14-00574982,60611.0,42.0,18.0,8.0
14-00569529,60611.0,42.0,18.0,8.0
14-00568112,60611.0,42.0,18.0,8.0
14-00562589,60611.0,42.0,18.0,8.0
14-00558857,60611.0,42.0,18.0,8.0
14-00526035,60611.0,42.0,18.0,8.0
14-00518862,60611.0,42.0,18.0,8.0
14-00518832,60611.0,42.0,18.0,8.0
14-00512284,60611.0,42.0,18.0,8.0
14-00509874,60611.0,42.0,18.0,8.0
14-00499742,60611.0,42.0,18.0,8.0
14-00463920,60611.0,42.0,18.0,8.0
14-00465002,60611.0,42.0,18.0,8.0
14-00463899,60611.0,42.0,18.0,8.0
14-00463886,60611.0,42.0,18.0,8.0
14-00463971,60611.0,42.0,18.0,8.0
14-00452895,60611.0,42.0,18.0,8.0
14-00459136,60611.0,42.0,18.0,8.0
14-00439190,60611.0,42.0,18.0,8.0
14-00439175,60611.0,42.0,18.0,8.0
14-00439150,60611.0,42.0,18.0,8.0
14-00439105,60611.0,42.0,18.0,8.0
14-00439203,60611.0,42.0,18.0,8.0
14-00416050,60611.0,42.0,18.0,8.0
14-00403415,60611.0,42.0,18.0,8.0
14-00405477,60611.0,42.0,18.0,8.0
14-00399792,60611.0,42.0,18.0,8.0
14-00398372,60611.0,42.0,18.0,8.0
14-00393452,60611.0,42.0,18.0,8.0
14-00366340,60611.0,42.0,18.0,8.0
14-00366145,60611.0,42.0,18.0,8.0
14-00366447,60611.0,42.0,18.0,8.0
14-00366413,60611.0,42.0,18.0,8.0
14-00350435,60611.0,42.0,18.0,8.0
14-00344309,60611.0,42.0,18.0,8.0
14-00347927,60611.0,42.0,18.0,8.0
14-00330069,60611.0,42.0,18.0,8.0
14-00330005,60611.0,42.0,18.0,8.0
14-00329056,60611.0,42.0,18.0,8.0
14-00316765,60611.0,42.0,18.0,8.0
14-00316799,60611.0,42.0,18.0,8.0
14-00316852,60611.0,42.0,18.0,8.0
14-00313254,60611.0,42.0,18.0,8.0
14-00312660,60611.0,42.0,18.0,8.0
14-00311566,60611.0,42.0,18.0,8.0
14-00309843,60611.0,42.0,18.0,8.0
14-00299321,60611.0,42.0,18.0,8.0
14-00297313,60611.0,42.0,18.0,8.0
14-00276130,60611.0,42.0,18.0,8.0
14-00269860,60611.0,42.0,18.0,8.0
14-00226585,60611.0,42.0,18.0,8.0
14-00313340,60611.0,42.0,18.0,8.0
14-00313335,60611.0,42.0,18.0,8.0
14-00313319,60611.0,42.0,18.0,8.0
14-00313093,60611.0,42.0,18.0,8.0
14-00195981,60611.0,42.0,18.0,8.0
14-00165991,60611.0,42.0,18.0,8.0
14-00149101,60611.0,42.0,18.0,8.0
14-00148995,60611.0,42.0,18.0,8.0
14-00149013,60611.0,42.0,18.0,8.0
14-00149037,60611.0,42.0,18.0,8.0
14-00147051,60611.0,42.0,18.0,8.0
14-00122428,60611.0,42.0,18.0,8.0
14-00109224,60611.0,42.0,18.0,8.0
14-00096275,60611.0,42.0,18.0,8.0
14-00096777,60611.0,42.0,18.0,8.0
14-00096765,60611.0,42.0,18.0,8.0
14-00096787,60611.0,42.0,18.0,8.0
14-00096782,60611.0,42.0,18.0,8.0
14-00095626,60611.0,42.0,18.0,8.0
14-00052393,60611.0,42.0,18.0,8.0
14-00049369,60611.0,42.0,18.0,8.0
14-00033089,60611.0,42.0,18.0,8.0
14-00025001,60611.0,42.0,18.0,8.0
14-00019813,60611.0,42.0,18.0,8.0
14-00007293,60611.0,42.0,18.0,8.0
14-00007290,60611.0,42.0,18.0,8.0
14-00007298,60611.0,42.0,18.0,8.0
14-00007313,60611.0,42.0,18.0,8.0
14-00007305,60611.0,42.0,18.0,8.0
14-00007299,60611.0,42.0,18.0,8.0
14-00007311,60611.0,42.0,18.0,8.0
14-00007308,60611.0,42.0,18.0,8.0
14-00004587,60611.0,42.0,18.0,8.0
13-01900617,60611.0,42.0,18.0,8.0
13-01900624,60611.0,42.0,18.0,8.0
13-01900419,60611.0,42.0,18.0,8.0
13-01900057,60611.0,42.0,18.0,8.0
13-01895499,60611.0,42.0,18.0,8.0
13-01878807,60611.0,42.0,18.0,8.0
13-01849073,60611.0,42.0,18.0,8.0
13-01846431,60611.0,42.0,18.0,8.0
13-01842222,60611.0,42.0,18.0,8.0
13-01842208,60611.0,42.0,18.0,8.0
13-01830131,60611.0,42.0,18.0,8.0
13-01825400,60611.0,42.0,18.0,8.0
13-01825430,60611.0,42.0,18.0,8.0
13-01804334,60611.0,42.0,18.0,8.0
13-01804481,60611.0,42.0,18.0,8.0
13-01799607,60611.0,42.0,18.0,8.0
13-01792858,60611.0,42.0,18.0,8.0
13-01792416,60611.0,42.0,18.0,8.0
13-01789597,60611.0,42.0,18.0,8.0
13-01790133,60611.0,42.0,18.0,8.0
13-01789906,60611.0,42.0,18.0,8.0
13-01789834,60611.0,42.0,18.0,8.0
13-01783993,60611.0,42.0,18.0,8.0
13-01783992,60611.0,42.0,18.0,8.0
13-01783987,60611.0,42.0,18.0,8.0
13-01783982,60611.0,42.0,18.0,8.0
13-01783977,60611.0,42.0,18.0,8.0
13-01783976,60611.0,42.0,18.0,8.0
13-01783978,60611.0,42.0,18.0,8.0
13-01783985,60611.0,42.0,18.0,8.0
13-01784627,60611.0,42.0,18.0,8.0
13-01784601,60611.0,42.0,18.0,8.0
13-01784623,60611.0,42.0,18.0,8.0
13-01765744,60611.0,42.0,18.0,8.0
13-01764279,60611.0,42.0,18.0,8.0
13-01750873,60611.0,42.0,18.0,8.0
13-01750852,60611.0,42.0,18.0,8.0
13-01748644,60611.0,42.0,18.0,8.0
13-01748668,60611.0,42.0,18.0,8.0
13-01748663,60611.0,42.0,18.0,8.0
13-01743819,60611.0,42.0,18.0,8.0
13-01742665,60611.0,42.0,18.0,8.0
13-01743434,60611.0,42.0,18.0,8.0
13-01733648,60611.0,42.0,18.0,8.0
13-01734422,60611.0,42.0,18.0,8.0
13-01720490,60611.0,42.0,18.0,8.0
13-01715399,60611.0,42.0,18.0,8.0
13-01716145,60611.0,42.0,18.0,8.0
13-01712089,60611.0,42.0,18.0,8.0
13-01702852,60611.0,42.0,18.0,8.0
13-01700579,60611.0,42.0,18.0,8.0
13-01700558,60611.0,42.0,18.0,8.0
13-01692540,60611.0,42.0,18.0,8.0
13-01682276,60611.0,42.0,18.0,8.0
13-01680639,60611.0,42.0,18.0,8.0
13-01664424,60611.0,42.0,18.0,8.0
13-01656985,60611.0,42.0,18.0,8.0
13-01658290,60611.0,42.0,18.0,8.0
13-01652921,60611.0,42.0,18.0,8.0
13-01643351,60611.0,42.0,18.0,8.0
13-01627010,60611.0,42.0,18.0,8.0
13-01627744,60611.0,42.0,18.0,8.0
13-01627757,60611.0,42.0,18.0,8.0
13-01627734,60611.0,42.0,18.0,8.0
13-01627774,60611.0,42.0,18.0,8.0
13-01620046,60611.0,42.0,18.0,8.0
13-01620022,60611.0,42.0,18.0,8.0
13-01614764,60611.0,42.0,18.0,8.0
13-01608584,60611.0,42.0,18.0,8.0
13-01601378,60611.0,42.0,18.0,8.0
13-01601575,60611.0,42.0,18.0,8.0
13-01601561,60611.0,42.0,18.0,8.0
13-01605053,60611.0,42.0,18.0,8.0
13-01605049,60611.0,42.0,18.0,8.0
13-01605045,60611.0,42.0,18.0,8.0
13-01605072,60611.0,42.0,18.0,8.0
13-01605068,60611.0,42.0,18.0,8.0
13-01605061,60611.0,42.0,18.0,8.0
13-01605073,60611.0,42.0,18.0,8.0
13-01605097,60611.0,42.0,18.0,8.0
13-01605077,60611.0,42.0,18.0,8.0
13-01601586,60611.0,42.0,18.0,8.0
13-01601579,60611.0,42.0,18.0,8.0
13-01599507,60611.0,42.0,18.0,8.0
13-01587542,60611.0,42.0,18.0,8.0
13-01587533,60611.0,42.0,18.0,8.0
13-01590804,60611.0,42.0,18.0,8.0
13-01590895,60611.0,42.0,18.0,8.0
13-01590701,60611.0,42.0,18.0,8.0
13-01590702,60611.0,42.0,18.0,8.0
13-01579527,60611.0,42.0,18.0,8.0
13-01579067,60611.0,42.0,18.0,8.0
13-01579273,60611.0,42.0,18.0,8.0
13-01579511,60611.0,42.0,18.0,8.0
13-01582450,60611.0,42.0,18.0,8.0
13-01558863,60611.0,42.0,18.0,8.0
13-01556358,60611.0,42.0,18.0,8.0
13-01556655,60611.0,42.0,18.0,8.0
13-01533015,60611.0,42.0,18.0,8.0
13-01533885,60611.0,42.0,18.0,8.0
13-01529730,60611.0,42.0,18.0,8.0
13-01536882,60611.0,42.0,18.0,8.0
13-01536732,60611.0,42.0,18.0,8.0
13-01536884,60611.0,42.0,18.0,8.0
13-01536914,60611.0,42.0,18.0,8.0
13-01522588,60611.0,42.0,18.0,8.0
13-01514320,60611.0,42.0,18.0,8.0
13-01514312,60611.0,42.0,18.0,8.0
13-01518562,60611.0,42.0,18.0,8.0
13-01518372,60611.0,42.0,18.0,8.0
13-01518574,60611.0,42.0,18.0,8.0
13-01514534,60611.0,42.0,18.0,8.0
13-01524935,60611.0,42.0,18.0,8.0
13-01514604,60611.0,42.0,18.0,8.0
13-01524926,60611.0,42.0,18.0,8.0
13-01509837,60611.0,42.0,18.0,8.0
13-01510736,60611.0,42.0,18.0,8.0
13-01499811,60611.0,42.0,18.0,8.0
13-01507002,60611.0,42.0,18.0,8.0
13-01506972,60611.0,42.0,18.0,8.0
13-01499861,60611.0,42.0,18.0,8.0
13-01499843,60611.0,42.0,18.0,8.0
13-01498825,60611.0,42.0,18.0,8.0
13-01491850,60611.0,42.0,18.0,8.0
13-01500937,60611.0,42.0,18.0,8.0
13-01483644,60611.0,42.0,18.0,8.0
13-01474722,60611.0,42.0,18.0,8.0
13-01470426,60611.0,42.0,18.0,8.0
13-01471344,60611.0,42.0,18.0,8.0
13-01465380,60611.0,42.0,18.0,8.0
13-01453193,60611.0,42.0,18.0,8.0
13-01453173,60611.0,42.0,18.0,8.0
13-01460034,60611.0,42.0,18.0,8.0
13-01460017,60611.0,42.0,18.0,8.0
13-01460015,60611.0,42.0,18.0,8.0
13-01442443,60611.0,42.0,18.0,8.0
13-01435041,60611.0,42.0,18.0,8.0
13-01439178,60611.0,42.0,18.0,8.0
13-01420970,60611.0,42.0,18.0,8.0
13-01419926,60611.0,42.0,18.0,8.0
13-01428365,60611.0,42.0,18.0,8.0
13-01428375,60611.0,42.0,18.0,8.0
13-01430973,60611.0,42.0,18.0,8.0
13-01430250,60611.0,42.0,18.0,8.0
13-01430176,60611.0,42.0,18.0,8.0
13-01430236,60611.0,42.0,18.0,8.0
13-01395549,60611.0,42.0,18.0,8.0
13-01395565,60611.0,42.0,18.0,8.0
13-01408565,60611.0,42.0,18.0,8.0
13-01385741,60611.0,42.0,18.0,8.0
13-01386567,60611.0,42.0,18.0,8.0
13-01386586,60611.0,42.0,18.0,8.0
13-01386642,60611.0,42.0,18.0,8.0
13-01387605,60611.0,42.0,18.0,8.0
13-01385564,60611.0,42.0,18.0,8.0
13-01385769,60611.0,42.0,18.0,8.0
13-01377982,60611.0,42.0,18.0,8.0
13-01377980,60611.0,42.0,18.0,8.0
13-01377965,60611.0,42.0,18.0,8.0
13-01377958,60611.0,42.0,18.0,8.0
13-01378533,60611.0,42.0,18.0,8.0
13-01378529,60611.0,42.0,18.0,8.0
13-01381081,60611.0,42.0,18.0,8.0
13-01371310,60611.0,42.0,18.0,8.0
13-01366833,60611.0,42.0,18.0,8.0
13-01358475,60611.0,42.0,18.0,8.0
13-01358436,60611.0,42.0,18.0,8.0
13-01358332,60611.0,42.0,18.0,8.0
13-01358318,60611.0,42.0,18.0,8.0
13-01358453,60611.0,42.0,18.0,8.0
13-01358530,60611.0,42.0,18.0,8.0
13-01358504,60611.0,42.0,18.0,8.0
13-01346165,60611.0,42.0,18.0,8.0
13-01346146,60611.0,42.0,18.0,8.0
13-01345345,60611.0,42.0,18.0,8.0
13-01346132,60611.0,42.0,18.0,8.0
13-01336967,60611.0,42.0,18.0,8.0
13-01336972,60611.0,42.0,18.0,8.0
13-01330083,60611.0,42.0,18.0,8.0
13-01334266,60611.0,42.0,18.0,8.0
13-01334217,60611.0,42.0,18.0,8.0
13-01334257,60611.0,42.0,18.0,8.0
13-01334228,60611.0,42.0,18.0,8.0
13-01326260,60611.0,42.0,18.0,8.0
13-01306958,60611.0,42.0,18.0,8.0
13-01307525,60611.0,42.0,18.0,8.0
13-01306814,60611.0,42.0,18.0,8.0
13-01304618,60611.0,42.0,18.0,8.0
13-01305711,60611.0,42.0,18.0,8.0
13-01291194,60611.0,42.0,18.0,8.0
13-01292038,60611.0,42.0,18.0,8.0
13-01291927,60611.0,42.0,18.0,8.0
13-01291887,60611.0,42.0,18.0,8.0
13-01291861,60611.0,42.0,18.0,8.0
13-01283482,60611.0,42.0,18.0,8.0
13-01283457,60611.0,42.0,18.0,8.0
13-01283496,60611.0,42.0,18.0,8.0
13-01283558,60611.0,42.0,18.0,8.0
13-01283537,60611.0,42.0,18.0,8.0
13-01282159,60611.0,42.0,18.0,8.0
13-01277774,60611.0,42.0,18.0,8.0
13-01272879,60611.0,42.0,18.0,8.0
13-01277659,60611.0,42.0,18.0,8.0
13-01272839,60611.0,42.0,18.0,8.0
13-01282524,60611.0,42.0,18.0,8.0
13-01282561,60611.0,42.0,18.0,8.0
13-01282543,60611.0,42.0,18.0,8.0
13-01253030,60611.0,42.0,18.0,8.0
13-01246268,60611.0,42.0,18.0,8.0
13-01246311,60611.0,42.0,18.0,8.0
13-01221204,60611.0,42.0,18.0,8.0
13-01222155,60611.0,42.0,18.0,8.0
13-01218839,60611.0,42.0,18.0,8.0
13-01218840,60611.0,42.0,18.0,8.0
13-01203446,60611.0,42.0,18.0,8.0
13-01203525,60611.0,42.0,18.0,8.0
13-01203410,60611.0,42.0,18.0,8.0
13-01203513,60611.0,42.0,18.0,8.0
13-01203463,60611.0,42.0,18.0,8.0
13-01203460,60611.0,42.0,18.0,8.0
13-01203481,60611.0,42.0,18.0,8.0
13-01203639,60611.0,42.0,18.0,8.0
13-01201772,60611.0,42.0,18.0,8.0
13-01203678,60611.0,42.0,18.0,8.0
13-01205379,60611.0,42.0,18.0,8.0
13-01205301,60611.0,42.0,18.0,8.0
13-01205651,60611.0,42.0,18.0,8.0
13-01192815,60611.0,42.0,18.0,8.0
13-01192571,60611.0,42.0,18.0,8.0
13-01187754,60611.0,42.0,18.0,8.0
13-01182203,60611.0,42.0,18.0,8.0
13-01182190,60611.0,42.0,18.0,8.0
13-01181080,60611.0,42.0,18.0,8.0
13-01183293,60611.0,42.0,18.0,8.0
13-01175112,60611.0,42.0,18.0,8.0
13-01174360,60611.0,42.0,18.0,8.0
13-01166808,60611.0,42.0,18.0,8.0
13-01161837,60611.0,42.0,18.0,8.0
13-01163164,60611.0,42.0,18.0,8.0
13-01163226,60611.0,42.0,18.0,8.0
13-01167578,60611.0,42.0,18.0,8.0
13-01161846,60611.0,42.0,18.0,8.0
13-01149946,60611.0,42.0,18.0,8.0
13-01152265,60611.0,42.0,18.0,8.0
13-01136149,60611.0,42.0,18.0,8.0
13-01135956,60611.0,42.0,18.0,8.0
13-01122028,60611.0,42.0,18.0,8.0
13-01122037,60611.0,42.0,18.0,8.0
13-01122180,60611.0,42.0,18.0,8.0
13-01122169,60611.0,42.0,18.0,8.0
13-01122545,60611.0,42.0,18.0,8.0
13-01122577,60611.0,42.0,18.0,8.0
13-01121536,60611.0,42.0,18.0,8.0
13-01115152,60611.0,42.0,18.0,8.0
13-01118092,60611.0,42.0,18.0,8.0
13-01106835,60611.0,42.0,18.0,8.0
13-01107083,60611.0,42.0,18.0,8.0
13-01108946,60611.0,42.0,18.0,8.0
13-01104036,60611.0,42.0,18.0,8.0
13-01104014,60611.0,42.0,18.0,8.0
13-01104217,60611.0,42.0,18.0,8.0
13-01103984,60611.0,42.0,18.0,8.0
13-01103979,60611.0,42.0,18.0,8.0
13-01103954,60611.0,42.0,18.0,8.0
13-01103923,60611.0,42.0,18.0,8.0
13-01103948,60611.0,42.0,18.0,8.0
13-01103926,60611.0,42.0,18.0,8.0
13-01103943,60611.0,42.0,18.0,8.0
13-01104007,60611.0,42.0,18.0,8.0
13-01104467,60611.0,42.0,18.0,8.0
13-01088500,60611.0,42.0,18.0,8.0
13-01088764,60611.0,42.0,18.0,8.0
13-01087006,60611.0,42.0,18.0,8.0
13-01100123,60611.0,42.0,18.0,8.0
13-01087760,60611.0,42.0,18.0,8.0
13-01087718,60611.0,42.0,18.0,8.0
13-01091186,60611.0,42.0,18.0,8.0
13-01091174,60611.0,42.0,18.0,8.0
13-01091241,60611.0,42.0,18.0,8.0
13-01067361,60611.0,42.0,18.0,8.0
13-01067331,60611.0,42.0,18.0,8.0
13-01069572,60611.0,42.0,18.0,8.0
13-01067007,60611.0,42.0,18.0,8.0
13-01060646,60611.0,42.0,18.0,8.0
13-01049699,60611.0,42.0,18.0,8.0
13-01049704,60611.0,42.0,18.0,8.0
13-01059659,60611.0,42.0,18.0,8.0
13-01059657,60611.0,42.0,18.0,8.0
13-01059639,60611.0,42.0,18.0,8.0
13-01048872,60611.0,42.0,18.0,8.0
13-01035144,60611.0,42.0,18.0,8.0
13-01035274,60611.0,42.0,18.0,8.0
13-01040617,60611.0,42.0,18.0,8.0
13-01026247,60611.0,42.0,18.0,8.0
13-01016912,60611.0,42.0,18.0,8.0
13-01006565,60611.0,42.0,18.0,8.0
13-01009511,60611.0,42.0,18.0,8.0
13-00996470,60611.0,42.0,18.0,8.0
13-00988800,60611.0,42.0,18.0,8.0
13-00985472,60611.0,42.0,18.0,8.0
13-00985491,60611.0,42.0,18.0,8.0
13-00984078,60611.0,42.0,18.0,8.0
13-00988776,60611.0,42.0,18.0,8.0
13-00976693,60611.0,42.0,18.0,8.0
13-00984294,60611.0,42.0,18.0,8.0
13-00957655,60611.0,42.0,18.0,8.0
13-00942057,60611.0,42.0,18.0,8.0
13-00939339,60611.0,42.0,18.0,8.0
13-00939374,60611.0,42.0,18.0,8.0
13-00939405,60611.0,42.0,18.0,8.0
13-00943099,60611.0,42.0,18.0,8.0
13-00943094,60611.0,42.0,18.0,8.0
13-00943027,60611.0,42.0,18.0,8.0
13-00943093,60611.0,42.0,18.0,8.0
13-00942076,60611.0,42.0,18.0,8.0
13-00939872,60611.0,42.0,18.0,8.0
13-00934570,60611.0,42.0,18.0,8.0
13-00918005,60611.0,42.0,18.0,8.0
13-00918155,60611.0,42.0,18.0,8.0
13-00920539,60611.0,42.0,18.0,8.0
13-00920569,60611.0,42.0,18.0,8.0
13-00910014,60611.0,42.0,18.0,8.0
13-00907193,60611.0,42.0,18.0,8.0
13-00895599,60611.0,42.0,18.0,8.0
13-00891341,60611.0,42.0,18.0,8.0
13-00892131,60611.0,42.0,18.0,8.0
13-00883724,60611.0,42.0,18.0,8.0
13-00883702,60611.0,42.0,18.0,8.0
13-00883737,60611.0,42.0,18.0,8.0
13-00883995,60611.0,42.0,18.0,8.0
13-00883232,60611.0,42.0,18.0,8.0
13-00883247,60611.0,42.0,18.0,8.0
13-00883238,60611.0,42.0,18.0,8.0
13-00883237,60611.0,42.0,18.0,8.0
13-00883236,60611.0,42.0,18.0,8.0
13-00883302,60611.0,42.0,18.0,8.0
13-00883255,60611.0,42.0,18.0,8.0
13-00883267,60611.0,42.0,18.0,8.0
13-00883248,60611.0,42.0,18.0,8.0
13-00883300,60611.0,42.0,18.0,8.0
13-00883276,60611.0,42.0,18.0,8.0
13-00883273,60611.0,42.0,18.0,8.0
13-00883268,60611.0,42.0,18.0,8.0
13-00883295,60611.0,42.0,18.0,8.0
13-00883282,60611.0,42.0,18.0,8.0
13-00883291,60611.0,42.0,18.0,8.0
13-00883285,60611.0,42.0,18.0,8.0
13-00883339,60611.0,42.0,18.0,8.0
13-00883310,60611.0,42.0,18.0,8.0
13-00883316,60611.0,42.0,18.0,8.0
13-00883326,60611.0,42.0,18.0,8.0
13-00883321,60611.0,42.0,18.0,8.0
13-00883421,60611.0,42.0,18.0,8.0
13-00883449,60611.0,42.0,18.0,8.0
13-00881872,60611.0,42.0,18.0,8.0
13-00881702,60611.0,42.0,18.0,8.0
13-00865896,60611.0,42.0,18.0,8.0
13-00858282,60611.0,42.0,18.0,8.0
13-00858296,60611.0,42.0,18.0,8.0
13-00858342,60611.0,42.0,18.0,8.0
13-00858329,60611.0,42.0,18.0,8.0
13-00858308,60611.0,42.0,18.0,8.0
13-00858321,60611.0,42.0,18.0,8.0
13-00854653,60611.0,42.0,18.0,8.0
13-00836178,60611.0,42.0,18.0,8.0
13-00836553,60611.0,42.0,18.0,8.0
13-00818742,60611.0,42.0,18.0,8.0
13-00811305,60611.0,42.0,18.0,8.0
13-00797138,60611.0,42.0,18.0,8.0
13-00790835,60611.0,42.0,18.0,8.0
13-00785903,60611.0,42.0,18.0,8.0
13-00778582,60611.0,42.0,18.0,8.0
13-00778583,60611.0,42.0,18.0,8.0
13-00763894,60611.0,42.0,18.0,8.0
13-00763848,60611.0,42.0,18.0,8.0
13-00763752,60611.0,42.0,18.0,8.0
13-00762528,60611.0,42.0,18.0,8.0
13-00762578,60611.0,42.0,18.0,8.0
13-00762527,60611.0,42.0,18.0,8.0
13-00762526,60611.0,42.0,18.0,8.0
13-00748269,60611.0,42.0,18.0,8.0
13-00748379,60611.0,42.0,18.0,8.0
13-00748377,60611.0,42.0,18.0,8.0
13-00748000,60611.0,42.0,18.0,8.0
13-00747993,60611.0,42.0,18.0,8.0
13-00747985,60611.0,42.0,18.0,8.0
13-00743004,60611.0,42.0,18.0,8.0
13-00720960,60611.0,42.0,18.0,8.0
13-00706210,60611.0,42.0,18.0,8.0
13-00706203,60611.0,42.0,18.0,8.0
13-00706269,60611.0,42.0,18.0,8.0
13-00706297,60611.0,42.0,18.0,8.0
13-00706426,60611.0,42.0,18.0,8.0
13-00706322,60611.0,42.0,18.0,8.0
13-00706342,60611.0,42.0,18.0,8.0
13-00706383,60611.0,42.0,18.0,8.0
13-00706404,60611.0,42.0,18.0,8.0
13-00701947,60611.0,42.0,18.0,8.0
13-00701942,60611.0,42.0,18.0,8.0
13-00701939,60611.0,42.0,18.0,8.0
13-00701948,60611.0,42.0,18.0,8.0
13-00701983,60611.0,42.0,18.0,8.0
13-00701990,60611.0,42.0,18.0,8.0
13-00690086,60611.0,42.0,18.0,8.0
13-00691268,60611.0,42.0,18.0,8.0
13-00689492,60611.0,42.0,18.0,8.0
13-00690013,60611.0,42.0,18.0,8.0
13-00679547,60611.0,42.0,18.0,8.0
13-00673822,60611.0,42.0,18.0,8.0
13-00668988,60611.0,42.0,18.0,8.0
13-00668993,60611.0,42.0,18.0,8.0
13-00671110,60611.0,42.0,18.0,8.0
13-00643160,60611.0,42.0,18.0,8.0
13-00638456,60611.0,42.0,18.0,8.0
13-00630401,60611.0,42.0,18.0,8.0
13-00627318,60611.0,42.0,18.0,8.0
13-00604192,60611.0,42.0,18.0,8.0
13-00604190,60611.0,42.0,18.0,8.0
13-00604184,60611.0,42.0,18.0,8.0
13-00600298,60611.0,42.0,18.0,8.0
13-00595803,60611.0,42.0,18.0,8.0
13-00595747,60611.0,42.0,18.0,8.0
13-00595829,60611.0,42.0,18.0,8.0
13-00595884,60611.0,42.0,18.0,8.0
13-00595863,60611.0,42.0,18.0,8.0
13-00595842,60611.0,42.0,18.0,8.0
13-00595900,60611.0,42.0,18.0,8.0
13-00595923,60611.0,42.0,18.0,8.0
13-00590908,60611.0,42.0,18.0,8.0
13-00588061,60611.0,42.0,18.0,8.0
13-00587957,60611.0,42.0,18.0,8.0
13-00588047,60611.0,42.0,18.0,8.0
13-00588549,60611.0,42.0,18.0,8.0
13-00588745,60611.0,42.0,18.0,8.0
13-00588763,60611.0,42.0,18.0,8.0
13-00588818,60611.0,42.0,18.0,8.0
13-00587950,60611.0,42.0,18.0,8.0
13-00583434,60611.0,42.0,18.0,8.0
13-00587940,60611.0,42.0,18.0,8.0
13-00577354,60611.0,42.0,18.0,8.0
13-00577384,60611.0,42.0,18.0,8.0
13-00577410,60611.0,42.0,18.0,8.0
13-00577373,60611.0,42.0,18.0,8.0
13-00566936,60611.0,42.0,18.0,8.0
13-00570808,60611.0,42.0,18.0,8.0
13-00561024,60611.0,42.0,18.0,8.0
13-00565299,60611.0,42.0,18.0,8.0
13-00565127,60611.0,42.0,18.0,8.0
13-00559419,60611.0,42.0,18.0,8.0
13-00536165,60611.0,42.0,18.0,8.0
13-00536721,60611.0,42.0,18.0,8.0
13-00536725,60611.0,42.0,18.0,8.0
13-00539326,60611.0,42.0,18.0,8.0
13-00530708,60611.0,42.0,18.0,8.0
13-00528374,60611.0,42.0,18.0,8.0
13-00528898,60611.0,42.0,18.0,8.0
13-00528902,60611.0,42.0,18.0,8.0
13-00528120,60611.0,42.0,18.0,8.0
13-00528111,60611.0,42.0,18.0,8.0
13-00528130,60611.0,42.0,18.0,8.0
13-00528143,60611.0,42.0,18.0,8.0
13-00528160,60611.0,42.0,18.0,8.0
13-00521150,60611.0,42.0,18.0,8.0
13-00516364,60611.0,42.0,18.0,8.0
13-00512871,60611.0,42.0,18.0,8.0
13-00506689,60611.0,42.0,18.0,8.0
13-00497830,60611.0,42.0,18.0,8.0
13-00497971,60611.0,42.0,18.0,8.0
13-00493867,60611.0,42.0,18.0,8.0
13-00502005,60611.0,42.0,18.0,8.0
13-00486542,60611.0,42.0,18.0,8.0
13-00486426,60611.0,42.0,18.0,8.0
13-00486372,60611.0,42.0,18.0,8.0
13-00486356,60611.0,42.0,18.0,8.0
13-00480569,60611.0,42.0,18.0,8.0
13-00455183,60611.0,42.0,18.0,8.0
13-00456814,60611.0,42.0,18.0,8.0
13-00456860,60611.0,42.0,18.0,8.0
13-00455022,60611.0,42.0,18.0,8.0
13-00446413,60611.0,42.0,18.0,8.0
13-00443763,60611.0,42.0,18.0,8.0
13-00434844,60611.0,42.0,18.0,8.0
13-00441378,60611.0,42.0,18.0,8.0
13-00428457,60611.0,42.0,18.0,8.0
13-00428505,60611.0,42.0,18.0,8.0
13-00428657,60611.0,42.0,18.0,8.0
13-00428576,60611.0,42.0,18.0,8.0
13-00428646,60611.0,42.0,18.0,8.0
13-00428572,60611.0,42.0,18.0,8.0
13-00428622,60611.0,42.0,18.0,8.0
13-00428584,60611.0,42.0,18.0,8.0
13-00428606,60611.0,42.0,18.0,8.0
13-00428667,60611.0,42.0,18.0,8.0
13-00428809,60611.0,42.0,18.0,8.0
13-00428306,60611.0,42.0,18.0,8.0
13-00428311,60611.0,42.0,18.0,8.0
13-00428319,60611.0,42.0,18.0,8.0
13-00423386,60611.0,42.0,18.0,8.0
13-00420431,60611.0,42.0,18.0,8.0
13-00419664,60611.0,42.0,18.0,8.0
13-00419330,60611.0,42.0,18.0,8.0
13-00413711,60611.0,42.0,18.0,8.0
13-00413704,60611.0,42.0,18.0,8.0
13-00413446,60611.0,42.0,18.0,8.0
13-00399556,60611.0,42.0,18.0,8.0
13-00399550,60611.0,42.0,18.0,8.0
13-00397495,60611.0,42.0,18.0,8.0
13-00397453,60611.0,42.0,18.0,8.0
13-00397446,60611.0,42.0,18.0,8.0
13-00397552,60611.0,42.0,18.0,8.0
13-00397602,60611.0,42.0,18.0,8.0
13-00397583,60611.0,42.0,18.0,8.0
13-00394703,60611.0,42.0,18.0,8.0
13-00390198,60611.0,42.0,18.0,8.0
13-00385644,60611.0,42.0,18.0,8.0
13-00383466,60611.0,42.0,18.0,8.0
13-00383710,60611.0,42.0,18.0,8.0
13-00383722,60611.0,42.0,18.0,8.0
13-00378816,60611.0,42.0,18.0,8.0
13-00378788,60611.0,42.0,18.0,8.0
13-00378894,60611.0,42.0,18.0,8.0
13-00372164,60611.0,42.0,18.0,8.0
13-00375461,60611.0,42.0,18.0,8.0
13-00375447,60611.0,42.0,18.0,8.0
13-00372995,60611.0,42.0,18.0,8.0
13-00372991,60611.0,42.0,18.0,8.0
13-00367353,60611.0,42.0,18.0,8.0
13-00369520,60611.0,42.0,18.0,8.0
13-00362157,60611.0,42.0,18.0,8.0
13-00359731,60611.0,42.0,18.0,8.0
13-00362254,60611.0,42.0,18.0,8.0
13-00362194,60611.0,42.0,18.0,8.0
13-00353502,60611.0,42.0,18.0,8.0
13-00348018,60611.0,42.0,18.0,8.0
13-00348026,60611.0,42.0,18.0,8.0
13-00348024,60611.0,42.0,18.0,8.0
13-00348038,60611.0,42.0,18.0,8.0
13-00348034,60611.0,42.0,18.0,8.0
13-00348029,60611.0,42.0,18.0,8.0
13-00348043,60611.0,42.0,18.0,8.0
13-00348054,60611.0,42.0,18.0,8.0
13-00348048,60611.0,42.0,18.0,8.0
13-00349521,60611.0,42.0,18.0,8.0
13-00344004,60611.0,42.0,18.0,8.0
13-00343994,60611.0,42.0,18.0,8.0
13-00344012,60611.0,42.0,18.0,8.0
13-00344905,60611.0,42.0,18.0,8.0
13-00344846,60611.0,42.0,18.0,8.0
13-00345295,60611.0,42.0,18.0,8.0
13-00345287,60611.0,42.0,18.0,8.0
13-00344899,60611.0,42.0,18.0,8.0
13-00336338,60611.0,42.0,18.0,8.0
13-00328207,60611.0,42.0,18.0,8.0
13-00323416,60611.0,42.0,18.0,8.0
13-00326673,60611.0,42.0,18.0,8.0
13-00319896,60611.0,42.0,18.0,8.0
13-00319909,60611.0,42.0,18.0,8.0
13-00312833,60611.0,42.0,18.0,8.0
13-00312924,60611.0,42.0,18.0,8.0
13-00308533,60611.0,42.0,18.0,8.0
13-00308953,60611.0,42.0,18.0,8.0
13-00300953,60611.0,42.0,18.0,8.0
13-00301898,60611.0,42.0,18.0,8.0
13-00300947,60611.0,42.0,18.0,8.0
13-00300940,60611.0,42.0,18.0,8.0
13-00300978,60611.0,42.0,18.0,8.0
13-00300959,60611.0,42.0,18.0,8.0
13-00300973,60611.0,42.0,18.0,8.0
13-00301941,60611.0,42.0,18.0,8.0
13-00302364,60611.0,42.0,18.0,8.0
13-00289976,60611.0,42.0,18.0,8.0
13-00279902,60611.0,42.0,18.0,8.0
13-00279900,60611.0,42.0,18.0,8.0
13-00279905,60611.0,42.0,18.0,8.0
13-00279922,60611.0,42.0,18.0,8.0
13-00281464,60611.0,42.0,18.0,8.0
13-00281454,60611.0,42.0,18.0,8.0
13-00281482,60611.0,42.0,18.0,8.0
13-00277037,60611.0,42.0,18.0,8.0
13-00276880,60611.0,42.0,18.0,8.0
13-00276984,60611.0,42.0,18.0,8.0
13-00277390,60611.0,42.0,18.0,8.0
13-00276125,60611.0,42.0,18.0,8.0
13-00260299,60611.0,42.0,18.0,8.0
13-00260375,60611.0,42.0,18.0,8.0
13-00260351,60611.0,42.0,18.0,8.0
13-00260104,60611.0,42.0,18.0,8.0
13-00254935,60611.0,42.0,18.0,8.0
13-00255665,60611.0,42.0,18.0,8.0
13-00256531,60611.0,42.0,18.0,8.0
13-00249619,60611.0,42.0,18.0,8.0
13-00249744,60611.0,42.0,18.0,8.0
13-00249721,60611.0,42.0,18.0,8.0
13-00249855,60611.0,42.0,18.0,8.0
13-00249928,60611.0,42.0,18.0,8.0
13-00238655,60611.0,42.0,18.0,8.0
13-00238650,60611.0,42.0,18.0,8.0
13-00238654,60611.0,42.0,18.0,8.0
13-00238659,60611.0,42.0,18.0,8.0
13-00236796,60611.0,42.0,18.0,8.0
13-00236799,60611.0,42.0,18.0,8.0
13-00236790,60611.0,42.0,18.0,8.0
13-00233746,60611.0,42.0,18.0,8.0
13-00233771,60611.0,42.0,18.0,8.0
13-00233767,60611.0,42.0,18.0,8.0
13-00235090,60611.0,42.0,18.0,8.0
13-00235130,60611.0,42.0,18.0,8.0
13-00235083,60611.0,42.0,18.0,8.0
13-00235123,60611.0,42.0,18.0,8.0
13-00235120,60611.0,42.0,18.0,8.0
13-00235101,60611.0,42.0,18.0,8.0
13-00235260,60611.0,42.0,18.0,8.0
13-00235149,60611.0,42.0,18.0,8.0
13-00235284,60611.0,42.0,18.0,8.0
13-00235269,60611.0,42.0,18.0,8.0
13-00236045,60611.0,42.0,18.0,8.0
13-00236060,60611.0,42.0,18.0,8.0
13-00236059,60611.0,42.0,18.0,8.0
13-00236048,60611.0,42.0,18.0,8.0
13-00236072,60611.0,42.0,18.0,8.0
13-00236074,60611.0,42.0,18.0,8.0
13-00223879,60611.0,42.0,18.0,8.0
13-00223872,60611.0,42.0,18.0,8.0
13-00223877,60611.0,42.0,18.0,8.0
13-00223871,60611.0,42.0,18.0,8.0
13-00223866,60611.0,42.0,18.0,8.0
13-00223855,60611.0,42.0,18.0,8.0
13-00223850,60611.0,42.0,18.0,8.0
13-00219920,60611.0,42.0,18.0,8.0
13-00216527,60611.0,42.0,18.0,8.0
13-00216232,60611.0,42.0,18.0,8.0
13-00213463,60611.0,42.0,18.0,8.0
13-00213460,60611.0,42.0,18.0,8.0
13-00210663,60611.0,42.0,18.0,8.0
13-00205787,60611.0,42.0,18.0,8.0
13-00203041,60611.0,42.0,18.0,8.0
13-00196229,60611.0,42.0,18.0,8.0
13-00196355,60611.0,42.0,18.0,8.0
13-00196361,60611.0,42.0,18.0,8.0
13-00178550,60611.0,42.0,18.0,8.0
13-00173410,60611.0,42.0,18.0,8.0
13-00173684,60611.0,42.0,18.0,8.0
13-00160447,60611.0,42.0,18.0,8.0
13-00160565,60611.0,42.0,18.0,8.0
13-00159681,60611.0,42.0,18.0,8.0
13-00159414,60611.0,42.0,18.0,8.0
13-00159445,60611.0,42.0,18.0,8.0
13-00159444,60611.0,42.0,18.0,8.0
13-00159417,60611.0,42.0,18.0,8.0
13-00159438,60611.0,42.0,18.0,8.0
13-00159420,60611.0,42.0,18.0,8.0
13-00159667,60611.0,42.0,18.0,8.0
13-00159596,60611.0,42.0,18.0,8.0
13-00159457,60611.0,42.0,18.0,8.0
13-00159449,60611.0,42.0,18.0,8.0
13-00159660,60611.0,42.0,18.0,8.0
13-00159700,60611.0,42.0,18.0,8.0
13-00159712,60611.0,42.0,18.0,8.0
13-00159740,60611.0,42.0,18.0,8.0
13-00148998,60611.0,42.0,18.0,8.0
13-00150016,60611.0,42.0,18.0,8.0
13-00142954,60611.0,42.0,18.0,8.0
13-00133566,60611.0,42.0,18.0,8.0
13-00133577,60611.0,42.0,18.0,8.0
13-00126101,60611.0,42.0,18.0,8.0
13-00126139,60611.0,42.0,18.0,8.0
13-00127434,60611.0,42.0,18.0,8.0
13-00127518,60611.0,42.0,18.0,8.0
13-00127529,60611.0,42.0,18.0,8.0
13-00119839,60611.0,42.0,18.0,8.0
13-00117465,60611.0,42.0,18.0,8.0
13-00116292,60611.0,42.0,18.0,8.0
13-00111340,60611.0,42.0,18.0,8.0
13-00108761,60611.0,42.0,18.0,8.0
13-00109781,60611.0,42.0,18.0,8.0
13-00109791,60611.0,42.0,18.0,8.0
13-00109797,60611.0,42.0,18.0,8.0
13-00109896,60611.0,42.0,18.0,8.0
13-00107366,60611.0,42.0,18.0,8.0
13-00092159,60611.0,42.0,18.0,8.0
13-00092074,60611.0,42.0,18.0,8.0
13-00084480,60611.0,42.0,18.0,8.0
13-00088950,60611.0,42.0,18.0,8.0
13-00085408,60611.0,42.0,18.0,8.0
13-00086212,60611.0,42.0,18.0,8.0
13-00081950,60611.0,42.0,18.0,8.0
13-00082307,60611.0,42.0,18.0,8.0
13-00080108,60611.0,42.0,18.0,8.0
13-00084224,60611.0,42.0,18.0,8.0
13-00077883,60611.0,42.0,18.0,8.0
13-00077802,60611.0,42.0,18.0,8.0
13-00075401,60611.0,42.0,18.0,8.0
13-00068394,60611.0,42.0,18.0,8.0
13-00068891,60611.0,42.0,18.0,8.0
13-00062013,60611.0,42.0,18.0,8.0
13-00060589,60611.0,42.0,18.0,8.0
13-00061697,60611.0,42.0,18.0,8.0
13-00057233,60611.0,42.0,18.0,8.0
13-00057241,60611.0,42.0,18.0,8.0
13-00057249,60611.0,42.0,18.0,8.0
13-00057271,60611.0,42.0,18.0,8.0
13-00057279,60611.0,42.0,18.0,8.0
13-00057328,60611.0,42.0,18.0,8.0
13-00057335,60611.0,42.0,18.0,8.0
13-00057340,60611.0,42.0,18.0,8.0
13-00057380,60611.0,42.0,18.0,8.0
13-00057858,60611.0,42.0,18.0,8.0
13-00057873,60611.0,42.0,18.0,8.0
13-00057897,60611.0,42.0,18.0,8.0
13-00055726,60611.0,42.0,18.0,8.0
13-00056723,60611.0,42.0,18.0,8.0
13-00057838,60611.0,42.0,18.0,8.0
13-00057198,60611.0,42.0,18.0,8.0
13-00050978,60611.0,42.0,18.0,8.0
13-00052679,60611.0,42.0,18.0,8.0
13-00052360,60611.0,42.0,18.0,8.0
13-00052409,60611.0,42.0,18.0,8.0
13-00052896,60611.0,42.0,18.0,8.0
13-00049999,60611.0,42.0,18.0,8.0
13-00052581,60611.0,42.0,18.0,8.0
13-00050150,60611.0,42.0,18.0,8.0
13-00046952,60611.0,42.0,18.0,8.0
13-00047725,60611.0,42.0,18.0,8.0
13-00047738,60611.0,42.0,18.0,8.0
13-00047826,60611.0,42.0,18.0,8.0
13-00046937,60611.0,42.0,18.0,8.0
13-00046939,60611.0,42.0,18.0,8.0
13-00046951,60611.0,42.0,18.0,8.0
13-00047700,60611.0,42.0,18.0,8.0
13-00047709,60611.0,42.0,18.0,8.0
13-00047711,60611.0,42.0,18.0,8.0
13-00047721,60611.0,42.0,18.0,8.0
13-00047723,60611.0,42.0,18.0,8.0
13-00047727,60611.0,42.0,18.0,8.0
13-00047732,60611.0,42.0,18.0,8.0
13-00047733,60611.0,42.0,18.0,8.0
13-00047718,60611.0,42.0,18.0,8.0
13-00047745,60611.0,42.0,18.0,8.0
13-00047033,60611.0,42.0,18.0,8.0
13-00033034,60611.0,42.0,18.0,8.0
13-00033145,60611.0,42.0,18.0,8.0
13-00032346,60611.0,42.0,18.0,8.0
13-00027923,60611.0,42.0,18.0,8.0
13-00031376,60611.0,42.0,18.0,8.0
13-00029911,60611.0,42.0,18.0,8.0
13-00029953,60611.0,42.0,18.0,8.0
13-00023151,60611.0,42.0,18.0,8.0
13-00021324,60611.0,42.0,18.0,8.0
13-00015666,60611.0,42.0,18.0,8.0
13-00011179,60611.0,42.0,18.0,8.0
13-00012999,60611.0,42.0,18.0,8.0
13-00013401,60611.0,42.0,18.0,8.0
12-02055260,60611.0,42.0,18.0,8.0
12-02041769,60611.0,42.0,18.0,8.0
12-02041968,60611.0,42.0,18.0,8.0
12-02039957,60611.0,42.0,18.0,8.0
12-02042559,60611.0,42.0,18.0,8.0
12-02041835,60611.0,42.0,18.0,8.0
12-02037355,60611.0,42.0,18.0,8.0
12-02036135,60611.0,42.0,18.0,8.0
12-02020470,60611.0,42.0,18.0,8.0
12-01986699,60611.0,42.0,18.0,8.0
12-01983976,60611.0,42.0,18.0,8.0
12-01984000,60611.0,42.0,18.0,8.0
12-01972839,60611.0,42.0,18.0,8.0
12-01909648,60611.0,42.0,18.0,8.0
12-01909642,60611.0,42.0,18.0,8.0
12-01909635,60611.0,42.0,18.0,8.0
12-01909622,60611.0,42.0,18.0,8.0
12-01909618,60611.0,42.0,18.0,8.0
12-01909625,60611.0,42.0,18.0,8.0
12-01909631,60611.0,42.0,18.0,8.0
12-01909650,60611.0,42.0,18.0,8.0
12-01909660,60611.0,42.0,18.0,8.0
12-01909653,60611.0,42.0,18.0,8.0
12-01899714,60611.0,42.0,18.0,8.0
12-01886182,60611.0,42.0,18.0,8.0
12-01870419,60611.0,42.0,18.0,8.0
12-01854098,60611.0,42.0,18.0,8.0
12-01854176,60611.0,42.0,18.0,8.0
12-01854142,60611.0,42.0,18.0,8.0
12-01855332,60611.0,42.0,18.0,8.0
12-01855263,60611.0,42.0,18.0,8.0
12-01855327,60611.0,42.0,18.0,8.0
12-01846353,60611.0,42.0,18.0,8.0
12-01829980,60611.0,42.0,18.0,8.0
12-01826756,60611.0,42.0,18.0,8.0
12-01825336,60611.0,42.0,18.0,8.0
12-01810476,60611.0,42.0,18.0,8.0
12-01810483,60611.0,42.0,18.0,8.0
12-01810709,60611.0,42.0,18.0,8.0
12-01792793,60611.0,42.0,18.0,8.0
12-01753541,60611.0,42.0,18.0,8.0
12-01742975,60611.0,42.0,18.0,8.0
12-01743243,60611.0,42.0,18.0,8.0
12-01743225,60611.0,42.0,18.0,8.0
12-01743258,60611.0,42.0,18.0,8.0
12-01744759,60611.0,42.0,18.0,8.0
12-01727841,60611.0,42.0,18.0,8.0
12-01725227,60611.0,42.0,18.0,8.0
12-01717669,60611.0,42.0,18.0,8.0
12-01712372,60611.0,42.0,18.0,8.0
12-01707670,60611.0,42.0,18.0,8.0
12-01706345,60611.0,42.0,18.0,8.0
12-01704086,60611.0,42.0,18.0,8.0
12-01697953,60611.0,42.0,18.0,8.0
12-01697905,60611.0,42.0,18.0,8.0
12-01697898,60611.0,42.0,18.0,8.0
12-01697895,60611.0,42.0,18.0,8.0
12-01697935,60611.0,42.0,18.0,8.0
12-01697911,60611.0,42.0,18.0,8.0
12-01697929,60611.0,42.0,18.0,8.0
12-01697912,60611.0,42.0,18.0,8.0
12-01699195,60611.0,42.0,18.0,8.0
12-01699187,60611.0,42.0,18.0,8.0
12-01696533,60611.0,42.0,18.0,8.0
12-01682741,60611.0,42.0,18.0,8.0
12-01682743,60611.0,42.0,18.0,8.0
12-01678951,60611.0,42.0,18.0,8.0
12-01678944,60611.0,42.0,18.0,8.0
12-01678967,60611.0,42.0,18.0,8.0
12-01678960,60611.0,42.0,18.0,8.0
12-01678964,60611.0,42.0,18.0,8.0
12-01679616,60611.0,42.0,18.0,8.0
12-01679613,60611.0,42.0,18.0,8.0
12-01673859,60611.0,42.0,18.0,8.0
12-01650053,60611.0,42.0,18.0,8.0
12-01646742,60611.0,42.0,18.0,8.0
12-01637417,60611.0,42.0,18.0,8.0
12-01630684,60611.0,42.0,18.0,8.0
12-01630693,60611.0,42.0,18.0,8.0
12-01630688,60611.0,42.0,18.0,8.0
12-01632714,60611.0,42.0,18.0,8.0
12-01625755,60611.0,42.0,18.0,8.0
12-01629318,60611.0,42.0,18.0,8.0
12-01605353,60611.0,42.0,18.0,8.0
12-01603109,60611.0,42.0,18.0,8.0
12-01604519,60611.0,42.0,18.0,8.0
12-01597210,60611.0,42.0,18.0,8.0
12-01581063,60611.0,42.0,18.0,8.0
12-01580637,60611.0,42.0,18.0,8.0
12-01571806,60611.0,42.0,18.0,8.0
12-01538549,60611.0,42.0,18.0,8.0
12-01523386,60611.0,42.0,18.0,8.0
12-01521055,60611.0,42.0,18.0,8.0
12-01521651,60611.0,42.0,18.0,8.0
12-01508503,60611.0,42.0,18.0,8.0
12-01508645,60611.0,42.0,18.0,8.0
12-01508989,60611.0,42.0,18.0,8.0
12-01502336,60611.0,42.0,18.0,8.0
12-01502312,60611.0,42.0,18.0,8.0
12-01503995,60611.0,42.0,18.0,8.0
12-01495003,60611.0,42.0,18.0,8.0
12-01483690,60611.0,42.0,18.0,8.0
12-01470611,60611.0,42.0,18.0,8.0
12-01470600,60611.0,42.0,18.0,8.0
12-01457507,60611.0,42.0,18.0,8.0
12-01457496,60611.0,42.0,18.0,8.0
12-01439613,60611.0,42.0,18.0,8.0
12-01422505,60611.0,42.0,18.0,8.0
12-01385399,60611.0,42.0,18.0,8.0
12-01375237,60611.0,42.0,18.0,8.0
12-01375274,60611.0,42.0,18.0,8.0
12-01376159,60611.0,42.0,18.0,8.0
12-01376197,60611.0,42.0,18.0,8.0
12-01368331,60611.0,42.0,18.0,8.0
12-01368212,60611.0,42.0,18.0,8.0
12-01368296,60611.0,42.0,18.0,8.0
12-01368396,60611.0,42.0,18.0,8.0
12-01368966,60611.0,42.0,18.0,8.0
12-01360531,60611.0,42.0,18.0,8.0
12-01360957,60611.0,42.0,18.0,8.0
12-01360715,60611.0,42.0,18.0,8.0
12-01360946,60611.0,42.0,18.0,8.0
12-01360965,60611.0,42.0,18.0,8.0
12-01333881,60611.0,42.0,18.0,8.0
12-01329762,60611.0,42.0,18.0,8.0
12-01332095,60611.0,42.0,18.0,8.0
12-01315239,60611.0,42.0,18.0,8.0
12-01315613,60611.0,42.0,18.0,8.0
12-01302689,60611.0,42.0,18.0,8.0
12-01294033,60611.0,42.0,18.0,8.0
12-01238987,60611.0,42.0,18.0,8.0
12-01239015,60611.0,42.0,18.0,8.0
12-01239064,60611.0,42.0,18.0,8.0
12-01243847,60611.0,42.0,18.0,8.0
12-01225588,60611.0,42.0,18.0,8.0
12-01225849,60611.0,42.0,18.0,8.0
12-01206729,60611.0,42.0,18.0,8.0
12-01169304,60611.0,42.0,18.0,8.0
12-01162583,60611.0,42.0,18.0,8.0
12-01158404,60611.0,42.0,18.0,8.0
12-01156752,60611.0,42.0,18.0,8.0
12-01159797,60611.0,42.0,18.0,8.0
12-01107104,60611.0,42.0,18.0,8.0
12-01103615,60611.0,42.0,18.0,8.0
12-01105083,60611.0,42.0,18.0,8.0
12-01098372,60611.0,42.0,18.0,8.0
12-01097667,60611.0,42.0,18.0,8.0
12-01097704,60611.0,42.0,18.0,8.0
12-01097711,60611.0,42.0,18.0,8.0
12-01098334,60611.0,42.0,18.0,8.0
12-01099873,60611.0,42.0,18.0,8.0
12-01100013,60611.0,42.0,18.0,8.0
12-01100046,60611.0,42.0,18.0,8.0
12-01093829,60611.0,42.0,18.0,8.0
12-01091799,60611.0,42.0,18.0,8.0
12-01091056,60611.0,42.0,18.0,8.0
12-01092226,60611.0,42.0,18.0,8.0
12-01091248,60611.0,42.0,18.0,8.0
12-01090630,60611.0,42.0,18.0,8.0
12-01085059,60611.0,42.0,18.0,8.0
12-01083076,60611.0,42.0,18.0,8.0
12-01079442,60611.0,42.0,18.0,8.0
12-01071706,60611.0,42.0,18.0,8.0
12-01063518,60611.0,42.0,18.0,8.0
12-01063541,60611.0,42.0,18.0,8.0
12-01023023,60611.0,42.0,18.0,8.0
12-01001201,60611.0,42.0,18.0,8.0
12-00999571,60611.0,42.0,18.0,8.0
12-00973889,60611.0,42.0,18.0,8.0
12-00971071,60611.0,42.0,18.0,8.0
12-00971555,60611.0,42.0,18.0,8.0
12-00973220,60611.0,42.0,18.0,8.0
12-00973212,60611.0,42.0,18.0,8.0
12-00973192,60611.0,42.0,18.0,8.0
12-00973197,60611.0,42.0,18.0,8.0
12-00973786,60611.0,42.0,18.0,8.0
12-00973847,60611.0,42.0,18.0,8.0
12-00969197,60611.0,42.0,18.0,8.0
12-00964899,60611.0,42.0,18.0,8.0
12-00964885,60611.0,42.0,18.0,8.0
12-00965687,60611.0,42.0,18.0,8.0
12-00968606,60611.0,42.0,18.0,8.0
12-00964456,60611.0,42.0,18.0,8.0
12-00964469,60611.0,42.0,18.0,8.0
12-00964485,60611.0,42.0,18.0,8.0
12-00961539,60611.0,42.0,18.0,8.0
12-00961532,60611.0,42.0,18.0,8.0
12-00945138,60611.0,42.0,18.0,8.0
12-00942727,60611.0,42.0,18.0,8.0
12-00943803,60611.0,42.0,18.0,8.0
12-00937610,60611.0,42.0,18.0,8.0
12-00937877,60611.0,42.0,18.0,8.0
12-00932720,60611.0,42.0,18.0,8.0
12-00932756,60611.0,42.0,18.0,8.0
12-00937886,60611.0,42.0,18.0,8.0
12-00932771,60611.0,42.0,18.0,8.0
12-00931164,60611.0,42.0,18.0,8.0
12-00920897,60611.0,42.0,18.0,8.0
12-00920169,60611.0,42.0,18.0,8.0
12-00908754,60611.0,42.0,18.0,8.0
12-00908779,60611.0,42.0,18.0,8.0
12-00908767,60611.0,42.0,18.0,8.0
12-00908736,60611.0,42.0,18.0,8.0
12-00908725,60611.0,42.0,18.0,8.0
12-00907292,60611.0,42.0,18.0,8.0
12-00907284,60611.0,42.0,18.0,8.0
12-00903797,60611.0,42.0,18.0,8.0
12-00903801,60611.0,42.0,18.0,8.0
12-00903987,60611.0,42.0,18.0,8.0
12-00904007,60611.0,42.0,18.0,8.0
12-00904755,60611.0,42.0,18.0,8.0
12-00904778,60611.0,42.0,18.0,8.0
12-00904769,60611.0,42.0,18.0,8.0
12-00897409,60611.0,42.0,18.0,8.0
12-00901249,60611.0,42.0,18.0,8.0
12-00901039,60611.0,42.0,18.0,8.0
12-00890523,60611.0,42.0,18.0,8.0
12-00883264,60611.0,42.0,18.0,8.0
12-00885137,60611.0,42.0,18.0,8.0
12-00886687,60611.0,42.0,18.0,8.0
12-00887837,60611.0,42.0,18.0,8.0
12-00887840,60611.0,42.0,18.0,8.0
12-00874879,60611.0,42.0,18.0,8.0
12-00872690,60611.0,42.0,18.0,8.0
12-00872687,60611.0,42.0,18.0,8.0
12-00872684,60611.0,42.0,18.0,8.0
12-00868705,60611.0,42.0,18.0,8.0
12-00868689,60611.0,42.0,18.0,8.0
12-00868785,60611.0,42.0,18.0,8.0
12-00868772,60611.0,42.0,18.0,8.0
12-00860346,60611.0,42.0,18.0,8.0
12-00851304,60611.0,42.0,18.0,8.0
12-00816459,60611.0,42.0,18.0,8.0
12-00785610,60611.0,42.0,18.0,8.0
12-00762254,60611.0,42.0,18.0,8.0
12-00751342,60611.0,42.0,18.0,8.0
12-00755507,60611.0,42.0,18.0,8.0
12-00748248,60611.0,42.0,18.0,8.0
12-00748061,60611.0,42.0,18.0,8.0
12-00748133,60611.0,42.0,18.0,8.0
12-00739864,60611.0,42.0,18.0,8.0
12-00739844,60611.0,42.0,18.0,8.0
12-00739876,60611.0,42.0,18.0,8.0
12-00739869,60611.0,42.0,18.0,8.0
12-00739867,60611.0,42.0,18.0,8.0
12-00729146,60611.0,42.0,18.0,8.0
12-00725327,60611.0,42.0,18.0,8.0
12-00716029,60611.0,42.0,18.0,8.0
12-00716372,60611.0,42.0,18.0,8.0
12-00713876,60611.0,42.0,18.0,8.0
12-00688341,60611.0,42.0,18.0,8.0
12-00685708,60611.0,42.0,18.0,8.0
12-00668683,60611.0,42.0,18.0,8.0
12-00668689,60611.0,42.0,18.0,8.0
12-00668712,60611.0,42.0,18.0,8.0
12-00668702,60611.0,42.0,18.0,8.0
12-00670491,60611.0,42.0,18.0,8.0
12-00666361,60611.0,42.0,18.0,8.0
12-00666359,60611.0,42.0,18.0,8.0
12-00666056,60611.0,42.0,18.0,8.0
12-00658705,60611.0,42.0,18.0,8.0
12-00658818,60611.0,42.0,18.0,8.0
12-00663746,60611.0,42.0,18.0,8.0
12-00659351,60611.0,42.0,18.0,8.0
12-00659329,60611.0,42.0,18.0,8.0
12-00647076,60611.0,42.0,18.0,8.0
12-00644688,60611.0,42.0,18.0,8.0
12-00638119,60611.0,42.0,18.0,8.0
12-00630687,60611.0,42.0,18.0,8.0
12-00623922,60611.0,42.0,18.0,8.0
12-00618500,60611.0,42.0,18.0,8.0
12-00612551,60611.0,42.0,18.0,8.0
12-00588025,60611.0,42.0,18.0,8.0
12-00582347,60611.0,42.0,18.0,8.0
12-00583038,60611.0,42.0,18.0,8.0
12-00574561,60611.0,42.0,18.0,8.0
12-00559347,60611.0,42.0,18.0,8.0
12-00547504,60611.0,42.0,18.0,8.0
12-00545683,60611.0,42.0,18.0,8.0
12-00534369,60611.0,42.0,18.0,8.0
12-00534392,60611.0,42.0,18.0,8.0
12-00497529,60611.0,42.0,18.0,8.0
12-00319566,60611.0,42.0,18.0,8.0
12-00331694,60611.0,42.0,18.0,8.0
12-00331607,60611.0,42.0,18.0,8.0
12-00277940,60611.0,42.0,18.0,8.0
12-00253948,60611.0,42.0,18.0,8.0
12-00197005,60611.0,42.0,18.0,8.0
12-00192252,60611.0,42.0,18.0,8.0
12-00193031,60611.0,42.0,18.0,8.0
12-00193026,60611.0,42.0,18.0,8.0
12-00193173,60611.0,42.0,18.0,8.0
12-00193169,60611.0,42.0,18.0,8.0
12-00191473,60611.0,42.0,18.0,8.0
12-00162260,60611.0,42.0,18.0,8.0
12-00162009,60611.0,42.0,18.0,8.0
12-00145724,60611.0,42.0,18.0,8.0
12-00139131,60611.0,42.0,18.0,8.0
12-00139132,60611.0,42.0,18.0,8.0
12-00129578,60611.0,42.0,18.0,8.0
12-00129617,60611.0,42.0,18.0,8.0
12-00115897,60611.0,42.0,18.0,8.0
12-00076892,60611.0,42.0,18.0,8.0
12-00069865,60611.0,42.0,18.0,8.0
12-00069952,60611.0,42.0,18.0,8.0
12-00054812,60611.0,42.0,18.0,8.0
12-00054799,60611.0,42.0,18.0,8.0
12-00034593,60611.0,42.0,18.0,8.0
12-00034645,60611.0,42.0,18.0,8.0
12-00029049,60611.0,42.0,18.0,8.0
12-00012198,60611.0,42.0,18.0,8.0
12-00003011,60611.0,42.0,18.0,8.0
12-00003013,60611.0,42.0,18.0,8.0
12-00003014,60611.0,42.0,18.0,8.0
11-04328176,60611.0,42.0,18.0,8.0
11-04305496,60611.0,42.0,18.0,8.0
11-04288430,60611.0,42.0,18.0,8.0
11-04283710,60611.0,42.0,18.0,8.0
11-04283670,60611.0,42.0,18.0,8.0
11-04283730,60611.0,42.0,18.0,8.0
11-04277191,60611.0,42.0,18.0,8.0
11-04277168,60611.0,42.0,18.0,8.0
11-04277199,60611.0,42.0,18.0,8.0
11-04277227,60611.0,42.0,18.0,8.0
11-04277216,60611.0,42.0,18.0,8.0
11-04277252,60611.0,42.0,18.0,8.0
11-04277241,60611.0,42.0,18.0,8.0
11-04274796,60611.0,42.0,18.0,8.0
11-04252772,60611.0,42.0,18.0,8.0
11-04249057,60611.0,42.0,18.0,8.0
11-04246591,60611.0,42.0,18.0,8.0
11-04246609,60611.0,42.0,18.0,8.0
11-04246631,60611.0,42.0,18.0,8.0
11-04246625,60611.0,42.0,18.0,8.0
11-04246658,60611.0,42.0,18.0,8.0
11-04249012,60611.0,42.0,18.0,8.0
11-04247628,60611.0,42.0,18.0,8.0
11-04247428,60611.0,42.0,18.0,8.0
11-04247454,60611.0,42.0,18.0,8.0
11-04247448,60611.0,42.0,18.0,8.0
11-04246278,60611.0,42.0,18.0,8.0
11-04246228,60611.0,42.0,18.0,8.0
11-04246255,60611.0,42.0,18.0,8.0
11-04246242,60611.0,42.0,18.0,8.0
11-04246237,60611.0,42.0,18.0,8.0
11-04246457,60611.0,42.0,18.0,8.0
11-04246463,60611.0,42.0,18.0,8.0
11-04241594,60611.0,42.0,18.0,8.0
11-04241550,60611.0,42.0,18.0,8.0
11-04241560,60611.0,42.0,18.0,8.0
11-04221019,60611.0,42.0,18.0,8.0
11-04215170,60611.0,42.0,18.0,8.0
11-04215154,60611.0,42.0,18.0,8.0
11-04221868,60611.0,42.0,18.0,8.0
11-04174510,60611.0,42.0,18.0,8.0
11-04150394,60611.0,42.0,18.0,8.0
11-04150383,60611.0,42.0,18.0,8.0
11-04150355,60611.0,42.0,18.0,8.0
11-04150371,60611.0,42.0,18.0,8.0
11-04150370,60611.0,42.0,18.0,8.0
11-04150362,60611.0,42.0,18.0,8.0
11-04150623,60611.0,42.0,18.0,8.0
11-04150430,60611.0,42.0,18.0,8.0
11-04150585,60611.0,42.0,18.0,8.0
11-04150579,60611.0,42.0,18.0,8.0
11-04150616,60611.0,42.0,18.0,8.0
11-04150606,60611.0,42.0,18.0,8.0
11-04150602,60611.0,42.0,18.0,8.0
11-04150596,60611.0,42.0,18.0,8.0
11-04150592,60611.0,42.0,18.0,8.0
11-04150613,60611.0,42.0,18.0,8.0
11-04142778,60611.0,42.0,18.0,8.0
11-04140929,60611.0,42.0,18.0,8.0
11-04140920,60611.0,42.0,18.0,8.0
11-04140915,60611.0,42.0,18.0,8.0
11-04140908,60611.0,42.0,18.0,8.0
11-04135847,60611.0,42.0,18.0,8.0
11-04135080,60611.0,42.0,18.0,8.0
11-04135839,60611.0,42.0,18.0,8.0
11-04135835,60611.0,42.0,18.0,8.0
11-04135827,60611.0,42.0,18.0,8.0
11-04135805,60611.0,42.0,18.0,8.0
11-04135854,60611.0,42.0,18.0,8.0
11-04135861,60611.0,42.0,18.0,8.0
11-04135968,60611.0,42.0,18.0,8.0
11-04135889,60611.0,42.0,18.0,8.0
11-04135915,60611.0,42.0,18.0,8.0
11-04135900,60611.0,42.0,18.0,8.0
11-04135929,60611.0,42.0,18.0,8.0
11-04135953,60611.0,42.0,18.0,8.0
11-04128496,60611.0,42.0,18.0,8.0
11-04128456,60611.0,42.0,18.0,8.0
11-04128478,60611.0,42.0,18.0,8.0
11-04128539,60611.0,42.0,18.0,8.0
11-04128525,60611.0,42.0,18.0,8.0
11-04128513,60611.0,42.0,18.0,8.0
11-04128639,60611.0,42.0,18.0,8.0
11-04128570,60611.0,42.0,18.0,8.0
11-04128565,60611.0,42.0,18.0,8.0
11-04128613,60611.0,42.0,18.0,8.0
11-04128620,60611.0,42.0,18.0,8.0
11-04128959,60611.0,42.0,18.0,8.0
11-04128987,60611.0,42.0,18.0,8.0
11-04128971,60611.0,42.0,18.0,8.0
11-04128975,60611.0,42.0,18.0,8.0
11-04128323,60611.0,42.0,18.0,8.0
11-04128316,60611.0,42.0,18.0,8.0
11-04113012,60611.0,42.0,18.0,8.0
11-04113016,60611.0,42.0,18.0,8.0
11-04113220,60611.0,42.0,18.0,8.0
11-04113216,60611.0,42.0,18.0,8.0
11-04113211,60611.0,42.0,18.0,8.0
11-04113201,60611.0,42.0,18.0,8.0
11-04117614,60611.0,42.0,18.0,8.0
11-04104985,60611.0,42.0,18.0,8.0
11-04104981,60611.0,42.0,18.0,8.0
11-04100414,60611.0,42.0,18.0,8.0
11-04079962,60611.0,42.0,18.0,8.0
11-04079106,60611.0,42.0,18.0,8.0
11-04082560,60611.0,42.0,18.0,8.0
11-04071329,60611.0,42.0,18.0,8.0
11-04071413,60611.0,42.0,18.0,8.0
11-04071403,60611.0,42.0,18.0,8.0
11-04056138,60611.0,42.0,18.0,8.0
11-04059176,60611.0,42.0,18.0,8.0
11-04059169,60611.0,42.0,18.0,8.0
11-04059180,60611.0,42.0,18.0,8.0
11-04043316,60611.0,42.0,18.0,8.0
11-04043375,60611.0,42.0,18.0,8.0
11-04043418,60611.0,42.0,18.0,8.0
11-04044206,60611.0,42.0,18.0,8.0
11-04032397,60611.0,42.0,18.0,8.0
11-04032394,60611.0,42.0,18.0,8.0
11-04032550,60611.0,42.0,18.0,8.0
11-04026164,60611.0,42.0,18.0,8.0
11-04026256,60611.0,42.0,18.0,8.0
11-04026228,60611.0,42.0,18.0,8.0
11-03985355,60611.0,42.0,18.0,8.0
11-03985369,60611.0,42.0,18.0,8.0
11-03985388,60611.0,42.0,18.0,8.0
11-03986444,60611.0,42.0,18.0,8.0
11-03986611,60611.0,42.0,18.0,8.0
11-03975997,60611.0,42.0,18.0,8.0
11-03969383,60611.0,42.0,18.0,8.0
11-03962143,60611.0,42.0,18.0,8.0
11-03945279,60611.0,42.0,18.0,8.0
11-03945438,60611.0,42.0,18.0,8.0
11-03945483,60611.0,42.0,18.0,8.0
11-03945515,60611.0,42.0,18.0,8.0
11-03945549,60611.0,42.0,18.0,8.0
11-03945528,60611.0,42.0,18.0,8.0
11-03945695,60611.0,42.0,18.0,8.0
11-03945652,60611.0,42.0,18.0,8.0
11-03951522,60611.0,42.0,18.0,8.0
11-03951476,60611.0,42.0,18.0,8.0
11-03951553,60611.0,42.0,18.0,8.0
11-03917387,60611.0,42.0,18.0,8.0
11-03917408,60611.0,42.0,18.0,8.0
11-03918042,60611.0,42.0,18.0,8.0
11-03917833,60611.0,42.0,18.0,8.0
11-03917876,60611.0,42.0,18.0,8.0
11-03918026,60611.0,42.0,18.0,8.0
11-03918002,60611.0,42.0,18.0,8.0
11-03918084,60611.0,42.0,18.0,8.0
11-03918055,60611.0,42.0,18.0,8.0
11-03911215,60611.0,42.0,18.0,8.0
11-03878551,60611.0,42.0,18.0,8.0
11-03889627,60611.0,42.0,18.0,8.0
11-03889615,60611.0,42.0,18.0,8.0
11-03889786,60611.0,42.0,18.0,8.0
11-03889778,60611.0,42.0,18.0,8.0
11-03889702,60611.0,42.0,18.0,8.0
11-03889761,60611.0,42.0,18.0,8.0
11-03889750,60611.0,42.0,18.0,8.0
11-03889873,60611.0,42.0,18.0,8.0
11-03889847,60611.0,42.0,18.0,8.0
11-03889801,60611.0,42.0,18.0,8.0
11-03830818,60611.0,42.0,18.0,8.0
11-03824612,60611.0,42.0,18.0,8.0
11-03824594,60611.0,42.0,18.0,8.0
11-03815040,60611.0,42.0,18.0,8.0
11-03815926,60611.0,42.0,18.0,8.0
11-03815897,60611.0,42.0,18.0,8.0
11-03815992,60611.0,42.0,18.0,8.0
11-03815947,60611.0,42.0,18.0,8.0
11-03816173,60611.0,42.0,18.0,8.0
11-03814473,60611.0,42.0,18.0,8.0
11-03797923,60611.0,42.0,18.0,8.0
11-03798121,60611.0,42.0,18.0,8.0
11-03798026,60611.0,42.0,18.0,8.0
11-03798202,60611.0,42.0,18.0,8.0
11-03798359,60611.0,42.0,18.0,8.0
11-03798269,60611.0,42.0,18.0,8.0
11-03798218,60611.0,42.0,18.0,8.0
11-03798234,60611.0,42.0,18.0,8.0
11-03798308,60611.0,42.0,18.0,8.0
11-03798282,60611.0,42.0,18.0,8.0
11-03798404,60611.0,42.0,18.0,8.0
11-03798379,60611.0,42.0,18.0,8.0
11-03796712,60611.0,42.0,18.0,8.0
11-03789832,60611.0,42.0,18.0,8.0
11-03790849,60611.0,42.0,18.0,8.0
11-03772222,60611.0,42.0,18.0,8.0
11-03774618,60611.0,42.0,18.0,8.0
11-03774565,60611.0,42.0,18.0,8.0
11-03779272,60611.0,42.0,18.0,8.0
11-03779290,60611.0,42.0,18.0,8.0
11-03779311,60611.0,42.0,18.0,8.0
11-03778892,60611.0,42.0,18.0,8.0
11-03779010,60611.0,42.0,18.0,8.0
11-03778927,60611.0,42.0,18.0,8.0
11-03779029,60611.0,42.0,18.0,8.0
11-03779042,60611.0,42.0,18.0,8.0
11-03765315,60611.0,42.0,18.0,8.0
11-03765374,60611.0,42.0,18.0,8.0
11-03765361,60611.0,42.0,18.0,8.0
11-03765732,60611.0,42.0,18.0,8.0
11-03750326,60611.0,42.0,18.0,8.0
11-03750308,60611.0,42.0,18.0,8.0
11-03750345,60611.0,42.0,18.0,8.0
11-03750362,60611.0,42.0,18.0,8.0
11-03742347,60611.0,42.0,18.0,8.0
11-03740377,60611.0,42.0,18.0,8.0
11-03741774,60611.0,42.0,18.0,8.0
11-03720297,60611.0,42.0,18.0,8.0
11-03713187,60611.0,42.0,18.0,8.0
11-03713165,60611.0,42.0,18.0,8.0
11-03713134,60611.0,42.0,18.0,8.0
11-03713126,60611.0,42.0,18.0,8.0
11-03710106,60611.0,42.0,18.0,8.0
11-03707233,60611.0,42.0,18.0,8.0
11-03701496,60611.0,42.0,18.0,8.0
11-03691858,60611.0,42.0,18.0,8.0
11-03691831,60611.0,42.0,18.0,8.0
11-03691816,60611.0,42.0,18.0,8.0
11-03691804,60611.0,42.0,18.0,8.0
11-03691663,60611.0,42.0,18.0,8.0
11-03691868,60611.0,42.0,18.0,8.0
11-03682401,60611.0,42.0,18.0,8.0
11-03681536,60611.0,42.0,18.0,8.0
11-03681783,60611.0,42.0,18.0,8.0
11-03681544,60611.0,42.0,18.0,8.0
11-03681827,60611.0,42.0,18.0,8.0
11-03681798,60611.0,42.0,18.0,8.0
11-03671349,60611.0,42.0,18.0,8.0
11-03671338,60611.0,42.0,18.0,8.0
11-03671287,60611.0,42.0,18.0,8.0
11-03671336,60611.0,42.0,18.0,8.0
11-03671304,60611.0,42.0,18.0,8.0
11-03683077,60611.0,42.0,18.0,8.0
11-03646130,60611.0,42.0,18.0,8.0
11-03646308,60611.0,42.0,18.0,8.0
11-03636932,60611.0,42.0,18.0,8.0
11-03636919,60611.0,42.0,18.0,8.0
11-03633727,60611.0,42.0,18.0,8.0
11-03628934,60611.0,42.0,18.0,8.0
11-03616762,60611.0,42.0,18.0,8.0
11-03615323,60611.0,42.0,18.0,8.0
11-03611443,60611.0,42.0,18.0,8.0
11-03615337,60611.0,42.0,18.0,8.0
11-03615332,60611.0,42.0,18.0,8.0
11-03615330,60611.0,42.0,18.0,8.0
11-03602080,60611.0,42.0,18.0,8.0
11-03602048,60611.0,42.0,18.0,8.0
11-03602072,60611.0,42.0,18.0,8.0
11-03602066,60611.0,42.0,18.0,8.0
11-03602593,60611.0,42.0,18.0,8.0
11-03602611,60611.0,42.0,18.0,8.0
11-03602626,60611.0,42.0,18.0,8.0
11-03603947,60611.0,42.0,18.0,8.0
11-03593625,60611.0,42.0,18.0,8.0
11-03568698,60611.0,42.0,18.0,8.0
11-03568974,60611.0,42.0,18.0,8.0
11-03568714,60611.0,42.0,18.0,8.0
11-03569129,60611.0,42.0,18.0,8.0
11-03562862,60611.0,42.0,18.0,8.0
11-03567475,60611.0,42.0,18.0,8.0
11-03567597,60611.0,42.0,18.0,8.0
11-03550738,60611.0,42.0,18.0,8.0
11-03536569,60611.0,42.0,18.0,8.0
11-03540026,60611.0,42.0,18.0,8.0
11-03550079,60611.0,42.0,18.0,8.0
11-03550032,60611.0,42.0,18.0,8.0
11-03549994,60611.0,42.0,18.0,8.0
11-03550247,60611.0,42.0,18.0,8.0
11-03550118,60611.0,42.0,18.0,8.0
11-03550195,60611.0,42.0,18.0,8.0
11-03550312,60611.0,42.0,18.0,8.0
11-03550288,60611.0,42.0,18.0,8.0
11-03550407,60611.0,42.0,18.0,8.0
11-03550758,60611.0,42.0,18.0,8.0
11-03550745,60611.0,42.0,18.0,8.0
11-03550702,60611.0,42.0,18.0,8.0
11-03550724,60611.0,42.0,18.0,8.0
11-03539779,60611.0,42.0,18.0,8.0
11-03533443,60611.0,42.0,18.0,8.0
11-03527289,60611.0,42.0,18.0,8.0
11-03534764,60611.0,42.0,18.0,8.0
11-03528828,60611.0,42.0,18.0,8.0
11-03528820,60611.0,42.0,18.0,8.0
11-03529007,60611.0,42.0,18.0,8.0
11-03528993,60611.0,42.0,18.0,8.0
11-03528986,60611.0,42.0,18.0,8.0
11-03529017,60611.0,42.0,18.0,8.0
11-03509906,60611.0,42.0,18.0,8.0
11-03502903,60611.0,42.0,18.0,8.0
11-03503002,60611.0,42.0,18.0,8.0
11-03510867,60611.0,42.0,18.0,8.0
11-03510856,60611.0,42.0,18.0,8.0
11-03510843,60611.0,42.0,18.0,8.0
11-03510828,60611.0,42.0,18.0,8.0
11-03502798,60611.0,42.0,18.0,8.0
11-03489084,60611.0,42.0,18.0,8.0
11-03489252,60611.0,42.0,18.0,8.0
11-03489224,60611.0,42.0,18.0,8.0
11-03492916,60611.0,42.0,18.0,8.0
11-03482210,60611.0,42.0,18.0,8.0
11-03482069,60611.0,42.0,18.0,8.0
11-03482186,60611.0,42.0,18.0,8.0
11-03482179,60611.0,42.0,18.0,8.0
11-03482197,60611.0,42.0,18.0,8.0
11-03482200,60611.0,42.0,18.0,8.0
11-03482212,60611.0,42.0,18.0,8.0
11-03482238,60611.0,42.0,18.0,8.0
11-03482225,60611.0,42.0,18.0,8.0
11-03462470,60611.0,42.0,18.0,8.0
11-03458698,60611.0,42.0,18.0,8.0
11-03452247,60611.0,42.0,18.0,8.0
11-03452215,60611.0,42.0,18.0,8.0
11-03450044,60611.0,42.0,18.0,8.0
11-03449645,60611.0,42.0,18.0,8.0
11-03449662,60611.0,42.0,18.0,8.0
11-03452272,60611.0,42.0,18.0,8.0
11-03441066,60611.0,42.0,18.0,8.0
11-03425653,60611.0,42.0,18.0,8.0
11-03425642,60611.0,42.0,18.0,8.0
11-03404308,60611.0,42.0,18.0,8.0
11-03399531,60611.0,42.0,18.0,8.0
11-03395593,60611.0,42.0,18.0,8.0
11-03390619,60611.0,42.0,18.0,8.0
11-03383171,60611.0,42.0,18.0,8.0
11-03373472,60611.0,42.0,18.0,8.0
11-03374067,60611.0,42.0,18.0,8.0
11-03375777,60611.0,42.0,18.0,8.0
11-03351932,60611.0,42.0,18.0,8.0
11-03351916,60611.0,42.0,18.0,8.0
11-03341526,60611.0,42.0,18.0,8.0
11-03341101,60611.0,42.0,18.0,8.0
11-03341353,60611.0,42.0,18.0,8.0
11-03341473,60611.0,42.0,18.0,8.0
11-03341484,60611.0,42.0,18.0,8.0
11-03341504,60611.0,42.0,18.0,8.0
11-03341742,60611.0,42.0,18.0,8.0
11-03341719,60611.0,42.0,18.0,8.0
11-03330188,60611.0,42.0,18.0,8.0
11-03330737,60611.0,42.0,18.0,8.0
11-03316386,60611.0,42.0,18.0,8.0
11-03327556,60611.0,42.0,18.0,8.0
11-03310655,60611.0,42.0,18.0,8.0
11-03318929,60611.0,42.0,18.0,8.0
11-03318921,60611.0,42.0,18.0,8.0
11-03318955,60611.0,42.0,18.0,8.0
11-03311582,60611.0,42.0,18.0,8.0
11-03304002,60611.0,42.0,18.0,8.0
11-03295161,60611.0,42.0,18.0,8.0
11-03284695,60611.0,42.0,18.0,8.0
11-03275658,60611.0,42.0,18.0,8.0
11-03277103,60611.0,42.0,18.0,8.0
11-03277088,60611.0,42.0,18.0,8.0
11-03277116,60611.0,42.0,18.0,8.0
11-03277122,60611.0,42.0,18.0,8.0
11-03277126,60611.0,42.0,18.0,8.0
11-03251065,60611.0,42.0,18.0,8.0
11-03202249,60611.0,42.0,18.0,8.0
11-03218642,60611.0,42.0,18.0,8.0
11-03218388,60611.0,42.0,18.0,8.0
11-03218376,60611.0,42.0,18.0,8.0
11-03218369,60611.0,42.0,18.0,8.0
11-03218550,60611.0,42.0,18.0,8.0
11-03219540,60611.0,42.0,18.0,8.0
11-03218696,60611.0,42.0,18.0,8.0
11-03218771,60611.0,42.0,18.0,8.0
11-03218690,60611.0,42.0,18.0,8.0
11-03218895,60611.0,42.0,18.0,8.0
11-03218889,60611.0,42.0,18.0,8.0
11-03218828,60611.0,42.0,18.0,8.0
11-03218841,60611.0,42.0,18.0,8.0
11-03219531,60611.0,42.0,18.0,8.0
11-03219525,60611.0,42.0,18.0,8.0
11-03219518,60611.0,42.0,18.0,8.0
11-03219504,60611.0,42.0,18.0,8.0
11-03219470,60611.0,42.0,18.0,8.0
11-03219613,60611.0,42.0,18.0,8.0
11-03219695,60611.0,42.0,18.0,8.0
11-03219626,60611.0,42.0,18.0,8.0
11-03219686,60611.0,42.0,18.0,8.0
11-03219641,60611.0,42.0,18.0,8.0
11-03219676,60611.0,42.0,18.0,8.0
11-03219725,60611.0,42.0,18.0,8.0
11-03219706,60611.0,42.0,18.0,8.0
11-03219736,60611.0,42.0,18.0,8.0
11-03184895,60611.0,42.0,18.0,8.0
11-03038049,60611.0,42.0,18.0,8.0
11-02985535,60611.0,42.0,18.0,8.0
11-02986717,60611.0,42.0,18.0,8.0
11-02985904,60611.0,42.0,18.0,8.0
11-02985865,60611.0,42.0,18.0,8.0
11-02985842,60611.0,42.0,18.0,8.0
11-02985635,60611.0,42.0,18.0,8.0
11-02801058,60611.0,42.0,18.0,8.0
11-02745833,60611.0,42.0,18.0,8.0
11-02745829,60611.0,42.0,18.0,8.0
11-02743148,60611.0,42.0,18.0,8.0
11-02619797,60611.0,42.0,18.0,8.0
11-02570686,60611.0,42.0,18.0,8.0
11-02570668,60611.0,42.0,18.0,8.0
11-02570634,60611.0,42.0,18.0,8.0
11-02570660,60611.0,42.0,18.0,8.0
11-02570650,60611.0,42.0,18.0,8.0
11-02561259,60611.0,42.0,18.0,8.0
11-02571361,60611.0,42.0,18.0,8.0
11-02532362,60611.0,42.0,18.0,8.0
11-02430142,60611.0,42.0,18.0,8.0
11-02561201,60611.0,42.0,18.0,8.0
11-02412233,60611.0,42.0,18.0,8.0
11-02562381,60611.0,42.0,18.0,8.0
11-02234563,60611.0,42.0,18.0,8.0
11-02202038,60611.0,42.0,18.0,8.0
11-02083379,60611.0,42.0,18.0,8.0
11-01953037,60611.0,42.0,18.0,8.0
11-01906749,60611.0,42.0,18.0,8.0
11-01866657,60611.0,42.0,18.0,8.0
11-01871206,60611.0,42.0,18.0,8.0
11-01835701,60611.0,42.0,18.0,8.0
11-01871220,60611.0,42.0,18.0,8.0
11-01868912,60611.0,42.0,18.0,8.0
11-01867301,60611.0,42.0,18.0,8.0
11-01868855,60611.0,42.0,18.0,8.0
11-01868813,60611.0,42.0,18.0,8.0
11-01868792,60611.0,42.0,18.0,8.0
11-01868832,60611.0,42.0,18.0,8.0
11-01870653,60611.0,42.0,18.0,8.0
11-01869864,60611.0,42.0,18.0,8.0
11-01870812,60611.0,42.0,18.0,8.0
11-01868938,60611.0,42.0,18.0,8.0
11-01869138,60611.0,42.0,18.0,8.0
11-01869101,60611.0,42.0,18.0,8.0
11-01868984,60611.0,42.0,18.0,8.0
11-01869012,60611.0,42.0,18.0,8.0
11-01870196,60611.0,42.0,18.0,8.0
11-01870171,60611.0,42.0,18.0,8.0
11-01869881,60611.0,42.0,18.0,8.0
11-01871198,60611.0,42.0,18.0,8.0
11-01870833,60611.0,42.0,18.0,8.0
11-01871211,60611.0,42.0,18.0,8.0
11-01870132,60611.0,42.0,18.0,8.0
11-01870104,60611.0,42.0,18.0,8.0
11-01870784,60611.0,42.0,18.0,8.0
11-01870693,60611.0,42.0,18.0,8.0
11-01871015,60611.0,42.0,18.0,8.0
11-01871186,60611.0,42.0,18.0,8.0
11-01870884,60611.0,42.0,18.0,8.0
11-01870967,60611.0,42.0,18.0,8.0
11-01871235,60611.0,42.0,18.0,8.0
11-01871227,60611.0,42.0,18.0,8.0
11-01738452,60611.0,42.0,18.0,8.0
11-01798705,60611.0,42.0,18.0,8.0
11-01692207,60611.0,42.0,18.0,8.0
11-01689529,60611.0,42.0,18.0,8.0
11-01689488,60611.0,42.0,18.0,8.0
11-01689416,60611.0,42.0,18.0,8.0
11-01689545,60611.0,42.0,18.0,8.0
11-01689540,60611.0,42.0,18.0,8.0
11-01689534,60611.0,42.0,18.0,8.0
11-01689566,60611.0,42.0,18.0,8.0
11-01667157,60611.0,42.0,18.0,8.0
11-01667708,60611.0,42.0,18.0,8.0
11-01654684,60611.0,42.0,18.0,8.0
11-01654657,60611.0,42.0,18.0,8.0
11-01654622,60611.0,42.0,18.0,8.0
11-01654440,60611.0,42.0,18.0,8.0
11-01594342,60611.0,42.0,18.0,8.0
11-01557305,60611.0,42.0,18.0,8.0
11-01393045,60611.0,42.0,18.0,8.0
11-01392994,60611.0,42.0,18.0,8.0
11-01393005,60611.0,42.0,18.0,8.0
11-01393012,60611.0,42.0,18.0,8.0
11-01393096,60611.0,42.0,18.0,8.0
11-01360361,60611.0,42.0,18.0,8.0
11-01340350,60611.0,42.0,18.0,8.0
11-01326729,60611.0,42.0,18.0,8.0
11-01326703,60611.0,42.0,18.0,8.0
11-01326665,60611.0,42.0,18.0,8.0
11-01326983,60611.0,42.0,18.0,8.0
11-01326768,60611.0,42.0,18.0,8.0
11-01326827,60611.0,42.0,18.0,8.0
11-01326805,60611.0,42.0,18.0,8.0
11-01327308,60611.0,42.0,18.0,8.0
11-01327100,60611.0,42.0,18.0,8.0
11-01327099,60611.0,42.0,18.0,8.0
11-01327098,60611.0,42.0,18.0,8.0
11-01327288,60611.0,42.0,18.0,8.0
11-01327148,60611.0,42.0,18.0,8.0
11-01327180,60611.0,42.0,18.0,8.0
11-01327166,60611.0,42.0,18.0,8.0
11-01328112,60611.0,42.0,18.0,8.0
11-01327727,60611.0,42.0,18.0,8.0
11-01328087,60611.0,42.0,18.0,8.0
11-01327941,60611.0,42.0,18.0,8.0
11-01328075,60611.0,42.0,18.0,8.0
11-01328055,60611.0,42.0,18.0,8.0
11-01328132,60611.0,42.0,18.0,8.0
11-01238209,60611.0,42.0,18.0,8.0
11-01242092,60611.0,42.0,18.0,8.0
11-01222658,60611.0,42.0,18.0,8.0
11-01207555,60611.0,42.0,18.0,8.0
11-01207530,60611.0,42.0,18.0,8.0
11-01211097,60611.0,42.0,18.0,8.0
11-01211137,60611.0,42.0,18.0,8.0
11-01211125,60611.0,42.0,18.0,8.0
11-01148777,60611.0,42.0,18.0,8.0
11-01148746,60611.0,42.0,18.0,8.0
11-01148854,60611.0,42.0,18.0,8.0
11-01148845,60611.0,42.0,18.0,8.0
11-01148804,60611.0,42.0,18.0,8.0
11-01148882,60611.0,42.0,18.0,8.0
11-01148861,60611.0,42.0,18.0,8.0
11-01148875,60611.0,42.0,18.0,8.0
11-01151501,60611.0,42.0,18.0,8.0
11-01151479,60611.0,42.0,18.0,8.0
11-01179859,60611.0,42.0,18.0,8.0
11-01123358,60611.0,42.0,18.0,8.0
11-01123273,60611.0,42.0,18.0,8.0
11-01124698,60611.0,42.0,18.0,8.0
11-01127011,60611.0,42.0,18.0,8.0
11-01033872,60611.0,42.0,18.0,8.0
11-01034576,60611.0,42.0,18.0,8.0
11-01034530,60611.0,42.0,18.0,8.0
11-01034640,60611.0,42.0,18.0,8.0
11-01035198,60611.0,42.0,18.0,8.0
11-01035303,60611.0,42.0,18.0,8.0
11-01035722,60611.0,42.0,18.0,8.0
11-01035973,60611.0,42.0,18.0,8.0
11-01039043,60611.0,42.0,18.0,8.0
11-01040774,60611.0,42.0,18.0,8.0
11-01040817,60611.0,42.0,18.0,8.0
11-01041058,60611.0,42.0,18.0,8.0
11-01041345,60611.0,42.0,18.0,8.0
11-01041383,60611.0,42.0,18.0,8.0
11-01040001,60611.0,42.0,18.0,8.0
11-01122798,60611.0,42.0,18.0,8.0
11-01116090,60611.0,42.0,18.0,8.0
11-00850148,60611.0,42.0,18.0,8.0
11-00849935,60611.0,42.0,18.0,8.0
11-00850111,60611.0,42.0,18.0,8.0
11-00829535,60611.0,42.0,18.0,8.0
11-00799720,60611.0,42.0,18.0,8.0
11-00776828,60611.0,42.0,18.0,8.0
11-00799584,60611.0,42.0,18.0,8.0
11-00799436,60611.0,42.0,18.0,8.0
11-00799690,60611.0,42.0,18.0,8.0
11-00799676,60611.0,42.0,18.0,8.0
11-00799624,60611.0,42.0,18.0,8.0
11-00799662,60611.0,42.0,18.0,8.0
11-00799643,60611.0,42.0,18.0,8.0
11-00776910,60611.0,42.0,18.0,8.0
11-00776775,60611.0,42.0,18.0,8.0
11-00776900,60611.0,42.0,18.0,8.0
11-00776885,60611.0,42.0,18.0,8.0
11-00776865,60611.0,42.0,18.0,8.0
11-00776919,60611.0,42.0,18.0,8.0
11-00777036,60611.0,42.0,18.0,8.0
11-00776937,60611.0,42.0,18.0,8.0
11-00776929,60611.0,42.0,18.0,8.0
11-00777064,60611.0,42.0,18.0,8.0
11-00777200,60611.0,42.0,18.0,8.0
11-00777122,60611.0,42.0,18.0,8.0
11-00777098,60611.0,42.0,18.0,8.0
11-00752904,60611.0,42.0,18.0,8.0
11-00765765,60611.0,42.0,18.0,8.0
11-00727410,60611.0,42.0,18.0,8.0
11-00695192,60611.0,42.0,18.0,8.0
11-00696909,60611.0,42.0,18.0,8.0
11-00750506,60611.0,42.0,18.0,8.0
11-00750556,60611.0,42.0,18.0,8.0
11-00750539,60611.0,42.0,18.0,8.0
11-00658660,60611.0,42.0,18.0,8.0
11-00658669,60611.0,42.0,18.0,8.0
11-00656614,60611.0,42.0,18.0,8.0
11-00650853,60611.0,42.0,18.0,8.0
11-00614269,60611.0,42.0,18.0,8.0
11-00612593,60611.0,42.0,18.0,8.0
11-00545846,60611.0,42.0,18.0,8.0
11-00545857,60611.0,42.0,18.0,8.0
11-00528235,60611.0,42.0,18.0,8.0
11-00512311,60611.0,42.0,18.0,8.0
11-00514026,60611.0,42.0,18.0,8.0
11-00480975,60611.0,42.0,18.0,8.0
11-00471288,60611.0,42.0,18.0,8.0
11-00459277,60611.0,42.0,18.0,8.0
11-00459564,60611.0,42.0,18.0,8.0
11-00465567,60611.0,42.0,18.0,8.0
11-00444564,60611.0,42.0,18.0,8.0
11-00433629,60611.0,42.0,18.0,8.0
11-00415570,60611.0,42.0,18.0,8.0
11-00415539,60611.0,42.0,18.0,8.0
11-00405556,60611.0,42.0,18.0,8.0
11-00395562,60611.0,42.0,18.0,8.0
11-00395556,60611.0,42.0,18.0,8.0
11-00393512,60611.0,42.0,18.0,8.0
11-00374805,60611.0,42.0,18.0,8.0
11-00375036,60611.0,42.0,18.0,8.0
11-00356676,60611.0,42.0,18.0,8.0
11-00343803,60611.0,42.0,18.0,8.0
11-00338821,60611.0,42.0,18.0,8.0
11-00334152,60611.0,42.0,18.0,8.0
11-00323661,60611.0,42.0,18.0,8.0
11-00303182,60611.0,42.0,18.0,8.0
11-00298856,60611.0,42.0,18.0,8.0
11-00296444,60611.0,42.0,18.0,8.0
11-00292699,60611.0,42.0,18.0,8.0
11-00273855,60611.0,42.0,18.0,8.0
11-00273503,60611.0,42.0,18.0,8.0
11-00248951,60611.0,42.0,18.0,8.0
11-00248945,60611.0,42.0,18.0,8.0
11-00248963,60611.0,42.0,18.0,8.0
11-00183732,60611.0,42.0,18.0,8.0
11-00168810,60611.0,42.0,18.0,8.0
11-00168898,60611.0,42.0,18.0,8.0
11-00153419,60611.0,42.0,18.0,8.0
11-00153441,60611.0,42.0,18.0,8.0
11-00153470,60611.0,42.0,18.0,8.0
11-00153488,60611.0,42.0,18.0,8.0
11-00145060,60611.0,42.0,18.0,8.0
11-00139837,60611.0,42.0,18.0,8.0
11-00139867,60611.0,42.0,18.0,8.0
11-00139902,60611.0,42.0,18.0,8.0
11-00139457,60611.0,42.0,18.0,8.0
11-00137102,60611.0,42.0,18.0,8.0
11-00129745,60611.0,42.0,18.0,8.0
11-00127583,60611.0,42.0,18.0,8.0
11-00127614,60611.0,42.0,18.0,8.0
11-00106643,60611.0,42.0,18.0,8.0
11-00092829,60611.0,42.0,18.0,8.0
11-00092773,60611.0,42.0,18.0,8.0
11-00092789,60611.0,42.0,18.0,8.0
11-00092776,60611.0,42.0,18.0,8.0
11-00092780,60611.0,42.0,18.0,8.0
11-00077257,60611.0,42.0,18.0,8.0
11-00077288,60611.0,42.0,18.0,8.0
11-00077295,60611.0,42.0,18.0,8.0
11-00073830,60611.0,42.0,18.0,8.0
11-00048037,60611.0,42.0,18.0,8.0
11-00048042,60611.0,42.0,18.0,8.0
11-00048043,60611.0,42.0,18.0,8.0
11-00048053,60611.0,42.0,18.0,8.0
11-00028888,60611.0,42.0,18.0,8.0
11-00019694,60611.0,42.0,18.0,8.0
11-00027428,60611.0,42.0,18.0,8.0
11-00027443,60611.0,42.0,18.0,8.0
11-00027462,60611.0,42.0,18.0,8.0
11-00027469,60611.0,42.0,18.0,8.0
11-00008181,60611.0,42.0,18.0,8.0
11-00004788,60611.0,42.0,18.0,8.0
10-02075967,60611.0,42.0,18.0,8.0
10-02070156,60611.0,42.0,18.0,8.0
