15-04905998,60619.0,6.0,3.0,69.0
15-04680955,60619.0,8.0,6.0,44.0
15-04670283,60619.0,6.0,6.0,44.0
15-04670331,60619.0,6.0,6.0,44.0
15-04542407,60619.0,6.0,6.0,44.0
15-04472246,60619.0,5.0,3.0,43.0
15-04406684,60619.0,8.0,4.0,45.0
15-04352965,60619.0,7.0,3.0,43.0
15-04323214,60619.0,8.0,4.0,48.0
15-04306472,60619.0,8.0,3.0,43.0
15-04298659,60619.0,6.0,6.0,44.0
15-04298651,60619.0,6.0,6.0,44.0
15-04298824,60619.0,6.0,6.0,44.0
15-04235389,60619.0,8.0,6.0,69.0
15-04225423,60619.0,6.0,6.0,44.0
15-04082057,60619.0,9.0,6.0,49.0
15-04082536,60619.0,7.0,3.0,43.0
15-04082252,60619.0,8.0,3.0,43.0
15-04101778,60619.0,6.0,3.0,69.0
15-04082219,60619.0,8.0,3.0,43.0
15-04082531,60619.0,8.0,3.0,43.0
15-04046773,60619.0,8.0,3.0,43.0
15-04010164,60619.0,8.0,4.0,47.0
15-04014610,60619.0,6.0,6.0,44.0
15-04027374,60619.0,6.0,6.0,69.0
15-03989911,60619.0,5.0,3.0,69.0
15-03874121,60619.0,5.0,3.0,69.0
15-03818249,60619.0,9.0,6.0,44.0
15-03753019,60619.0,8.0,4.0,45.0
15-03727617,60619.0,5.0,3.0,69.0
15-03684870,60619.0,8.0,4.0,44.0
15-03654552,60619.0,9.0,6.0,49.0
15-03657438,60619.0,5.0,3.0,69.0
15-03657248,60619.0,8.0,6.0,69.0
15-03613222,60619.0,9.0,6.0,49.0
15-03590325,60619.0,6.0,6.0,69.0
15-03590271,60619.0,6.0,6.0,69.0
15-03564793,60619.0,6.0,6.0,69.0
15-03574807,60619.0,9.0,6.0,49.0
15-03565255,60619.0,9.0,6.0,49.0
15-03539256,60619.0,9.0,6.0,49.0
15-03550084,60619.0,9.0,6.0,44.0
15-03546556,60619.0,6.0,6.0,69.0
15-03546285,60619.0,8.0,6.0,44.0
15-03500192,60619.0,9.0,6.0,44.0
15-03296960,60619.0,8.0,6.0,44.0
15-03130943,60619.0,8.0,6.0,44.0
15-03096776,60619.0,6.0,3.0,69.0
15-02941266,60619.0,8.0,4.0,47.0
15-02941257,60619.0,8.0,4.0,47.0
15-02903155,60619.0,8.0,4.0,47.0
15-02824929,60619.0,8.0,4.0,47.0
15-02823808,60619.0,8.0,4.0,47.0
15-02824915,60619.0,8.0,4.0,47.0
15-02824909,60619.0,8.0,4.0,47.0
15-02772966,60619.0,8.0,3.0,43.0
15-02733380,60619.0,8.0,3.0,43.0
15-02723152,60619.0,8.0,4.0,48.0
15-02723311,60619.0,8.0,4.0,48.0
15-02665899,60619.0,6.0,6.0,44.0
15-02585065,60619.0,8.0,3.0,43.0
15-02571436,60619.0,8.0,4.0,48.0
15-02522535,60619.0,8.0,3.0,43.0
15-02522530,60619.0,8.0,3.0,43.0
15-02413126,60619.0,8.0,6.0,44.0
15-02174807,60619.0,6.0,3.0,69.0
15-02110717,60619.0,6.0,3.0,69.0
15-02067899,60619.0,6.0,6.0,44.0
15-02053534,60619.0,8.0,6.0,44.0
15-01949554,60619.0,8.0,4.0,45.0
15-01959347,60619.0,6.0,6.0,44.0
15-01952712,60619.0,5.0,3.0,69.0
15-01900628,60619.0,8.0,4.0,45.0
15-01880926,60619.0,9.0,6.0,44.0
15-01880917,60619.0,9.0,6.0,44.0
15-01860096,60619.0,8.0,4.0,47.0
15-01860102,60619.0,8.0,4.0,47.0
15-01812675,60619.0,8.0,4.0,47.0
15-01812664,60619.0,8.0,4.0,51.0
15-01812671,60619.0,8.0,5.0,51.0
15-01812718,60619.0,8.0,4.0,51.0
15-01813445,60619.0,8.0,4.0,51.0
15-01661350,60619.0,6.0,3.0,69.0
15-01672272,60619.0,6.0,6.0,44.0
15-01630632,60619.0,6.0,6.0,44.0
15-01499605,60619.0,6.0,6.0,44.0
15-01457489,60619.0,5.0,3.0,69.0
15-01448615,60619.0,6.0,6.0,69.0
15-01458317,60619.0,5.0,3.0,69.0
15-01416548,60619.0,5.0,3.0,43.0
15-01387802,60619.0,5.0,3.0,69.0
15-01360861,60619.0,6.0,6.0,44.0
15-01360843,60619.0,6.0,6.0,44.0
15-01360637,60619.0,6.0,6.0,44.0
15-01343301,60619.0,8.0,5.0,50.0
15-01318116,60619.0,6.0,6.0,44.0
15-01318131,60619.0,6.0,6.0,44.0
15-01205698,60619.0,6.0,6.0,44.0
15-01212723,60619.0,8.0,4.0,48.0
15-01205632,60619.0,6.0,6.0,44.0
15-01208288,60619.0,8.0,4.0,48.0
15-01138760,60619.0,6.0,6.0,69.0
15-01138676,60619.0,6.0,6.0,69.0
15-00938150,60619.0,6.0,6.0,44.0
15-00917153,60619.0,6.0,6.0,44.0
15-00878173,60619.0,6.0,6.0,69.0
15-00878192,60619.0,6.0,6.0,69.0
15-00865441,60619.0,9.0,6.0,44.0
15-00807380,60619.0,6.0,5.0,49.0
15-00703634,60619.0,6.0,3.0,69.0
15-00650677,60619.0,6.0,6.0,44.0
15-00650704,60619.0,8.0,6.0,44.0
15-00635135,60619.0,5.0,3.0,43.0
15-00615769,60619.0,5.0,3.0,43.0
15-00616133,60619.0,5.0,3.0,43.0
15-00554082,60619.0,5.0,3.0,43.0
15-00528988,60619.0,8.0,4.0,47.0
15-00523261,60619.0,6.0,3.0,69.0
15-00522180,60619.0,5.0,3.0,43.0
15-00528415,60619.0,6.0,6.0,69.0
15-00497702,60619.0,6.0,6.0,69.0
15-00454790,60619.0,8.0,4.0,47.0
15-00452503,60619.0,8.0,4.0,45.0
15-00427026,60619.0,8.0,4.0,45.0
15-00427019,60619.0,6.0,6.0,69.0
15-00427031,60619.0,8.0,4.0,45.0
15-00427029,60619.0,8.0,4.0,45.0
15-00427033,60619.0,8.0,4.0,45.0
15-00321413,60619.0,8.0,5.0,50.0
15-00293141,60619.0,6.0,6.0,69.0
15-00278045,60619.0,5.0,3.0,43.0
15-00216128,60619.0,6.0,6.0,69.0
15-00202887,60619.0,6.0,6.0,69.0
15-00186483,60619.0,21.0,6.0,49.0
15-00176542,60619.0,6.0,6.0,69.0
15-00161497,60619.0,6.0,6.0,44.0
15-00064566,60619.0,5.0,4.0,43.0
15-00064539,60619.0,5.0,4.0,43.0
15-00026604,60619.0,8.0,6.0,44.0
15-00004726,60619.0,8.0,6.0,44.0
15-00004722,60619.0,8.0,6.0,44.0
14-02215225,60619.0,8.0,6.0,44.0
14-02215233,60619.0,8.0,6.0,44.0
14-02189444,60619.0,8.0,6.0,44.0
14-02174847,60619.0,8.0,4.0,47.0
14-02164285,60619.0,8.0,6.0,44.0
14-02166795,60619.0,8.0,6.0,44.0
14-02160967,60619.0,8.0,6.0,44.0
14-02152262,60619.0,8.0,6.0,44.0
14-02085743,60619.0,6.0,6.0,49.0
14-02073805,60619.0,6.0,6.0,44.0
14-02027953,60619.0,8.0,6.0,44.0
14-02020637,60619.0,8.0,6.0,44.0
14-02014605,60619.0,8.0,4.0,47.0
14-01984289,60619.0,8.0,4.0,47.0
14-01962485,60619.0,6.0,3.0,69.0
14-01909213,60619.0,8.0,6.0,44.0
14-01888531,60619.0,6.0,6.0,44.0
14-01870736,60619.0,5.0,4.0,43.0
14-01875099,60619.0,8.0,6.0,44.0
14-01872090,60619.0,5.0,4.0,43.0
14-01866118,60619.0,5.0,4.0,43.0
14-01866411,60619.0,8.0,6.0,44.0
14-01867159,60619.0,8.0,6.0,69.0
14-01852901,60619.0,6.0,6.0,44.0
14-01855897,60619.0,5.0,4.0,43.0
14-01826914,60619.0,8.0,4.0,47.0
14-01826825,60619.0,8.0,4.0,47.0
14-01824156,60619.0,8.0,4.0,47.0
14-01723461,60619.0,8.0,4.0,47.0
14-01712433,60619.0,8.0,4.0,48.0
14-01703377,60619.0,6.0,6.0,44.0
14-01703371,60619.0,6.0,6.0,44.0
14-01672164,60619.0,6.0,6.0,69.0
14-01636816,60619.0,5.0,3.0,69.0
14-01620149,60619.0,8.0,4.0,48.0
14-01620134,60619.0,8.0,4.0,45.0
14-01599930,60619.0,5.0,3.0,43.0
14-01599922,60619.0,5.0,3.0,43.0
14-01599911,60619.0,5.0,3.0,43.0
14-01599903,60619.0,5.0,3.0,43.0
14-01595844,60619.0,5.0,3.0,43.0
14-01541689,60619.0,5.0,3.0,43.0
14-01525938,60619.0,9.0,6.0,44.0
14-01512859,60619.0,8.0,4.0,47.0
14-01509614,60619.0,6.0,3.0,69.0
14-01497947,60619.0,6.0,6.0,44.0
14-01488009,60619.0,8.0,4.0,47.0
14-01485739,60619.0,5.0,3.0,43.0
14-01485813,60619.0,5.0,3.0,43.0
14-01485747,60619.0,5.0,3.0,43.0
14-01475575,60619.0,9.0,6.0,44.0
14-01468769,60619.0,8.0,4.0,45.0
14-01470358,60619.0,6.0,3.0,69.0
14-01461237,60619.0,5.0,3.0,43.0
14-01461142,60619.0,5.0,3.0,43.0
14-01460660,60619.0,5.0,3.0,69.0
14-01461219,60619.0,5.0,3.0,43.0
14-01462492,60619.0,8.0,4.0,45.0
14-01461795,60619.0,6.0,6.0,44.0
14-01465344,60619.0,5.0,3.0,43.0
14-01466820,60619.0,5.0,3.0,43.0
14-01464522,60619.0,5.0,3.0,69.0
14-01459860,60619.0,5.0,3.0,69.0
14-01461169,60619.0,5.0,3.0,69.0
14-01466859,60619.0,5.0,3.0,43.0
14-01461649,60619.0,6.0,6.0,44.0
14-01455359,60619.0,5.0,3.0,69.0
14-01454808,60619.0,5.0,3.0,43.0
14-01453831,60619.0,5.0,3.0,43.0
14-01453891,60619.0,5.0,3.0,43.0
14-01454920,60619.0,5.0,3.0,43.0
14-01436728,60619.0,8.0,4.0,45.0
14-01436041,60619.0,6.0,6.0,44.0
14-01409529,60619.0,8.0,4.0,45.0
14-01402819,60619.0,8.0,4.0,45.0
14-01400342,60619.0,8.0,6.0,69.0
14-01393615,60619.0,8.0,4.0,48.0
14-01391750,60619.0,8.0,4.0,45.0
14-01386855,60619.0,8.0,4.0,48.0
14-01385943,60619.0,6.0,6.0,44.0
14-01386020,60619.0,6.0,6.0,69.0
14-01386613,60619.0,8.0,4.0,48.0
14-01367546,60619.0,8.0,4.0,45.0
14-01363641,60619.0,8.0,4.0,48.0
14-01365024,60619.0,9.0,6.0,44.0
14-01332922,60619.0,6.0,6.0,49.0
14-01312027,60619.0,6.0,6.0,44.0
14-01310765,60619.0,6.0,6.0,49.0
14-01299596,60619.0,8.0,4.0,48.0
14-01270401,60619.0,5.0,3.0,69.0
14-01262465,60619.0,5.0,3.0,43.0
14-01258493,60619.0,5.0,3.0,43.0
14-01249742,60619.0,6.0,6.0,44.0
14-01227690,60619.0,5.0,3.0,69.0
14-01225691,60619.0,5.0,3.0,69.0
14-01225707,60619.0,5.0,3.0,69.0
14-01223200,60619.0,9.0,6.0,44.0
14-01223165,60619.0,9.0,6.0,44.0
14-01216349,60619.0,5.0,3.0,69.0
14-01209778,60619.0,6.0,6.0,44.0
14-01216665,60619.0,5.0,3.0,69.0
14-01187431,60619.0,6.0,6.0,44.0
14-01171422,60619.0,6.0,6.0,49.0
14-01161435,60619.0,8.0,4.0,48.0
14-01161399,60619.0,8.0,4.0,45.0
14-01161383,60619.0,8.0,4.0,45.0
14-01147945,60619.0,8.0,4.0,48.0
14-01147972,60619.0,9.0,6.0,44.0
14-01147328,60619.0,21.0,6.0,44.0
14-01147935,60619.0,8.0,4.0,45.0
14-01146902,60619.0,21.0,6.0,44.0
14-01146911,60619.0,6.0,6.0,44.0
14-01121086,60619.0,8.0,4.0,45.0
14-01089603,60619.0,6.0,6.0,69.0
14-01074517,60619.0,8.0,4.0,48.0
14-01073782,60619.0,9.0,6.0,44.0
14-01077044,60619.0,8.0,4.0,47.0
14-01059787,60619.0,9.0,6.0,44.0
14-01053718,60619.0,6.0,6.0,44.0
14-01051065,60619.0,8.0,4.0,48.0
14-00987715,60619.0,8.0,4.0,45.0
14-00989478,60619.0,5.0,3.0,43.0
14-00989464,60619.0,5.0,3.0,43.0
14-00978325,60619.0,6.0,6.0,69.0
14-00980644,60619.0,6.0,6.0,69.0
14-00978325,60619.0,6.0,6.0,69.0
14-00970602,60619.0,5.0,3.0,43.0
14-00965209,60619.0,8.0,4.0,47.0
14-00965201,60619.0,8.0,6.0,44.0
14-00939621,60619.0,6.0,6.0,44.0
14-00939622,60619.0,6.0,6.0,44.0
14-00910217,60619.0,8.0,4.0,47.0
14-00898429,60619.0,5.0,3.0,43.0
14-00898427,60619.0,5.0,3.0,43.0
14-00901875,60619.0,6.0,6.0,69.0
14-00885175,60619.0,6.0,6.0,44.0
14-00882231,60619.0,6.0,6.0,69.0
14-00875014,60619.0,5.0,3.0,69.0
14-00875217,60619.0,6.0,6.0,69.0
14-00867543,60619.0,5.0,3.0,69.0
14-00857310,60619.0,5.0,3.0,69.0
14-00813455,60619.0,6.0,6.0,69.0
14-00807387,60619.0,6.0,6.0,69.0
14-00784295,60619.0,6.0,6.0,69.0
14-00773660,60619.0,6.0,6.0,69.0
14-00760823,60619.0,8.0,6.0,44.0
14-00761026,60619.0,8.0,4.0,45.0
14-00764649,60619.0,6.0,6.0,69.0
14-00751666,60619.0,6.0,3.0,69.0
14-00663835,60619.0,5.0,3.0,43.0
14-00658595,60619.0,21.0,6.0,49.0
14-00649787,60619.0,8.0,4.0,45.0
14-00635199,60619.0,6.0,6.0,69.0
14-00623754,60619.0,21.0,6.0,49.0
14-00611337,60619.0,8.0,4.0,45.0
14-00596023,60619.0,6.0,6.0,69.0
14-00588023,60619.0,8.0,4.0,45.0
14-00588006,60619.0,8.0,4.0,45.0
14-00577307,60619.0,8.0,6.0,69.0
14-00577314,60619.0,8.0,6.0,69.0
14-00570722,60619.0,8.0,4.0,45.0
14-00571112,60619.0,8.0,4.0,48.0
14-00558448,60619.0,8.0,6.0,69.0
14-00537872,60619.0,6.0,6.0,44.0
14-00537841,60619.0,6.0,6.0,49.0
14-00537859,60619.0,6.0,6.0,44.0
14-00538179,60619.0,6.0,6.0,44.0
14-00507316,60619.0,6.0,6.0,69.0
14-00476433,60619.0,8.0,6.0,44.0
14-00476418,60619.0,8.0,6.0,44.0
14-00476424,60619.0,8.0,6.0,44.0
14-00459126,60619.0,5.0,3.0,69.0
14-00438069,60619.0,8.0,6.0,69.0
14-00438063,60619.0,8.0,6.0,69.0
14-00438057,60619.0,8.0,6.0,69.0
14-00438077,60619.0,8.0,6.0,44.0
14-00438083,60619.0,8.0,6.0,44.0
14-00411465,60619.0,5.0,3.0,43.0
14-00403349,60619.0,5.0,3.0,69.0
14-00397232,60619.0,5.0,3.0,69.0
14-00389149,60619.0,8.0,4.0,47.0
14-00389274,60619.0,8.0,4.0,47.0
14-00387478,60619.0,8.0,6.0,44.0
14-00351611,60619.0,6.0,3.0,69.0
14-00303144,60619.0,8.0,4.0,47.0
14-00298245,60619.0,8.0,4.0,47.0
14-00289122,60619.0,8.0,6.0,44.0
14-00282138,60619.0,8.0,6.0,44.0
14-00275057,60619.0,5.0,3.0,69.0
14-00280160,60619.0,8.0,6.0,44.0
14-00273113,60619.0,8.0,6.0,44.0
14-00211941,60619.0,8.0,6.0,47.0
14-00211185,60619.0,6.0,6.0,44.0
14-00166476,60619.0,5.0,3.0,69.0
14-00008639,60619.0,6.0,6.0,44.0
13-01907604,60619.0,6.0,6.0,49.0
13-01901704,60619.0,6.0,6.0,44.0
13-01901705,60619.0,6.0,6.0,44.0
13-01901711,60619.0,6.0,6.0,44.0
13-01901691,60619.0,6.0,6.0,44.0
13-01901674,60619.0,6.0,6.0,44.0
13-01901694,60619.0,6.0,6.0,44.0
13-01901708,60619.0,6.0,6.0,44.0
13-01901698,60619.0,6.0,6.0,44.0
13-01901684,60619.0,6.0,6.0,44.0
13-01870637,60619.0,6.0,6.0,69.0
13-01865030,60619.0,6.0,6.0,69.0
13-01864488,60619.0,6.0,6.0,69.0
13-01864511,60619.0,6.0,6.0,69.0
13-01847153,60619.0,6.0,6.0,69.0
13-01825122,60619.0,5.0,3.0,69.0
13-01803879,60619.0,6.0,6.0,69.0
13-01803870,60619.0,6.0,6.0,69.0
13-01803995,60619.0,6.0,3.0,69.0
13-01804370,60619.0,5.0,3.0,43.0
13-01802663,60619.0,6.0,3.0,69.0
13-01802132,60619.0,6.0,3.0,69.0
13-01799693,60619.0,6.0,6.0,49.0
13-01794817,60619.0,6.0,6.0,44.0
13-01794210,60619.0,5.0,3.0,43.0
13-01792202,60619.0,6.0,6.0,44.0
13-01792216,60619.0,6.0,6.0,44.0
13-01792260,60619.0,6.0,6.0,69.0
13-01791820,60619.0,6.0,3.0,69.0
13-01792697,60619.0,8.0,4.0,47.0
13-01792707,60619.0,8.0,4.0,47.0
13-01787515,60619.0,6.0,6.0,69.0
13-01737543,60619.0,6.0,3.0,69.0
13-01728769,60619.0,9.0,6.0,44.0
13-01719460,60619.0,5.0,3.0,69.0
13-01716549,60619.0,8.0,4.0,47.0
13-01701879,60619.0,5.0,3.0,69.0
13-01702549,60619.0,6.0,6.0,44.0
13-01701618,60619.0,6.0,6.0,44.0
13-01701556,60619.0,6.0,6.0,44.0
13-01696498,60619.0,8.0,4.0,47.0
13-01695116,60619.0,6.0,6.0,69.0
13-01696230,60619.0,6.0,6.0,69.0
13-01691406,60619.0,8.0,6.0,69.0
13-01678984,60619.0,5.0,3.0,43.0
13-01671245,60619.0,8.0,6.0,69.0
13-01671239,60619.0,8.0,6.0,69.0
13-01671214,60619.0,8.0,6.0,69.0
13-01670785,60619.0,8.0,6.0,69.0
13-01670796,60619.0,6.0,3.0,69.0
13-01670794,60619.0,6.0,3.0,69.0
13-01670791,60619.0,6.0,6.0,69.0
13-01645594,60619.0,8.0,4.0,47.0
13-01640430,60619.0,8.0,6.0,69.0
13-01640442,60619.0,6.0,3.0,69.0
13-01636394,60619.0,8.0,4.0,47.0
13-01635681,60619.0,8.0,4.0,47.0
13-01619689,60619.0,8.0,4.0,47.0
13-01619898,60619.0,6.0,6.0,69.0
13-01616718,60619.0,8.0,4.0,47.0
13-01616757,60619.0,8.0,4.0,47.0
13-01608332,60619.0,6.0,3.0,69.0
13-01608816,60619.0,8.0,5.0,50.0
13-01608534,60619.0,6.0,3.0,69.0
13-01608328,60619.0,6.0,3.0,69.0
13-01606721,60619.0,6.0,3.0,69.0
13-01606724,60619.0,6.0,3.0,69.0
13-01606953,60619.0,6.0,3.0,69.0
13-01606956,60619.0,6.0,6.0,44.0
13-01587075,60619.0,6.0,6.0,69.0
13-01587590,60619.0,8.0,6.0,69.0
13-01583984,60619.0,6.0,3.0,69.0
13-01578764,60619.0,6.0,6.0,44.0
13-01571283,60619.0,6.0,6.0,69.0
13-01574397,60619.0,6.0,6.0,44.0
13-01560656,60619.0,6.0,6.0,69.0
13-01552400,60619.0,6.0,6.0,69.0
13-01552380,60619.0,6.0,6.0,69.0
13-01556564,60619.0,6.0,6.0,44.0
13-01545695,60619.0,8.0,4.0,47.0
13-01545690,60619.0,8.0,4.0,47.0
13-01536118,60619.0,6.0,6.0,44.0
13-01532184,60619.0,8.0,4.0,47.0
13-01516731,60619.0,6.0,6.0,69.0
13-01505633,60619.0,6.0,6.0,44.0
13-01472259,60619.0,8.0,4.0,48.0
13-01462886,60619.0,8.0,4.0,47.0
13-01460608,60619.0,6.0,6.0,49.0
13-01460609,60619.0,21.0,6.0,49.0
13-01411034,60619.0,6.0,6.0,44.0
13-01383893,60619.0,6.0,6.0,44.0
13-01383899,60619.0,6.0,6.0,44.0
13-01375568,60619.0,8.0,4.0,45.0
13-01363036,60619.0,6.0,6.0,69.0
13-01359310,60619.0,6.0,6.0,44.0
13-01352359,60619.0,6.0,6.0,44.0
13-01340380,60619.0,5.0,3.0,69.0
13-01340469,60619.0,5.0,3.0,69.0
13-01340383,60619.0,5.0,3.0,69.0
13-01312101,60619.0,6.0,6.0,44.0
13-01312083,60619.0,8.0,4.0,47.0
13-01313460,60619.0,8.0,4.0,45.0
13-01305362,60619.0,9.0,6.0,44.0
13-01298615,60619.0,8.0,4.0,45.0
13-01273870,60619.0,9.0,6.0,44.0
13-01273853,60619.0,9.0,6.0,44.0
13-01277200,60619.0,8.0,4.0,47.0
13-01278498,60619.0,8.0,4.0,47.0
13-01273886,60619.0,8.0,4.0,47.0
13-01269264,60619.0,8.0,4.0,47.0
13-01245368,60619.0,9.0,6.0,44.0
13-01240626,60619.0,6.0,6.0,69.0
13-01222053,60619.0,8.0,4.0,48.0
13-01186497,60619.0,9.0,6.0,44.0
13-01179427,60619.0,6.0,3.0,69.0
13-01179423,60619.0,5.0,3.0,69.0
13-01182452,60619.0,9.0,6.0,44.0
13-01182563,60619.0,9.0,6.0,44.0
13-01179417,60619.0,5.0,3.0,69.0
13-01179401,60619.0,5.0,3.0,69.0
13-01179460,60619.0,5.0,3.0,69.0
13-01177153,60619.0,8.0,4.0,45.0
13-01177133,60619.0,8.0,4.0,45.0
13-01166314,60619.0,5.0,3.0,69.0
13-01166291,60619.0,5.0,3.0,69.0
13-01166281,60619.0,5.0,3.0,69.0
13-01166274,60619.0,5.0,3.0,69.0
13-01166280,60619.0,5.0,3.0,69.0
13-01166294,60619.0,5.0,3.0,69.0
13-01166319,60619.0,5.0,3.0,69.0
13-01165839,60619.0,5.0,3.0,69.0
13-01165796,60619.0,5.0,3.0,69.0
13-01165903,60619.0,5.0,3.0,69.0
13-01165911,60619.0,5.0,3.0,69.0
13-01166078,60619.0,8.0,4.0,45.0
13-01166068,60619.0,8.0,4.0,45.0
13-01158109,60619.0,5.0,3.0,69.0
13-01158067,60619.0,5.0,3.0,69.0
13-01158094,60619.0,5.0,3.0,69.0
13-01157954,60619.0,5.0,3.0,69.0
13-01158255,60619.0,5.0,3.0,69.0
13-01158171,60619.0,5.0,3.0,69.0
13-01158191,60619.0,5.0,3.0,69.0
13-01158215,60619.0,5.0,3.0,69.0
13-01158239,60619.0,5.0,3.0,69.0
13-01158278,60619.0,5.0,3.0,69.0
13-01158450,60619.0,5.0,3.0,69.0
13-01158299,60619.0,5.0,3.0,69.0
13-01158385,60619.0,5.0,3.0,69.0
13-01158467,60619.0,5.0,3.0,69.0
13-01158501,60619.0,8.0,3.0,69.0
13-01136214,60619.0,6.0,6.0,49.0
13-01112531,60619.0,8.0,4.0,45.0
13-01110581,60619.0,8.0,4.0,45.0
13-01108687,60619.0,6.0,6.0,49.0
13-01091127,60619.0,8.0,4.0,47.0
13-01082948,60619.0,6.0,6.0,44.0
13-01083543,60619.0,9.0,6.0,44.0
13-01084063,60619.0,8.0,4.0,48.0
13-01079782,60619.0,6.0,6.0,44.0
13-01067897,60619.0,6.0,6.0,44.0
13-01057441,60619.0,8.0,4.0,47.0
13-01041205,60619.0,8.0,4.0,45.0
13-01041601,60619.0,6.0,6.0,44.0
13-01039782,60619.0,6.0,6.0,49.0
13-01034172,60619.0,6.0,6.0,44.0
13-01026547,60619.0,6.0,6.0,44.0
13-01013406,60619.0,6.0,6.0,44.0
13-01013413,60619.0,6.0,6.0,44.0
13-01013489,60619.0,6.0,6.0,44.0
13-01013489,60619.0,6.0,6.0,44.0
13-00996684,60619.0,6.0,6.0,44.0
13-00976455,60619.0,6.0,6.0,44.0
13-00975521,60619.0,6.0,6.0,44.0
13-00966510,60619.0,6.0,6.0,44.0
13-00948772,60619.0,6.0,3.0,69.0
13-00930199,60619.0,6.0,6.0,49.0
13-00928845,60619.0,5.0,3.0,43.0
13-00914202,60619.0,8.0,6.0,69.0
13-00903980,60619.0,8.0,5.0,50.0
13-00899567,60619.0,6.0,6.0,44.0
13-00899649,60619.0,6.0,6.0,44.0
13-00899585,60619.0,6.0,6.0,44.0
13-00899691,60619.0,6.0,6.0,44.0
13-00899685,60619.0,6.0,6.0,44.0
13-00899668,60619.0,6.0,6.0,44.0
13-00899659,60619.0,6.0,6.0,44.0
13-00899684,60619.0,6.0,6.0,44.0
13-00899669,60619.0,6.0,6.0,44.0
13-00895359,60619.0,6.0,6.0,44.0
13-00887955,60619.0,6.0,6.0,49.0
13-00858728,60619.0,6.0,6.0,44.0
13-00867999,60619.0,5.0,3.0,69.0
13-00855548,60619.0,6.0,6.0,44.0
13-00845116,60619.0,21.0,6.0,44.0
13-00838605,60619.0,5.0,3.0,69.0
13-00820333,60619.0,6.0,6.0,49.0
13-00820442,60619.0,8.0,4.0,45.0
13-00820759,60619.0,8.0,6.0,69.0
13-00812612,60619.0,8.0,4.0,45.0
13-00811683,60619.0,6.0,6.0,44.0
13-00805467,60619.0,8.0,6.0,69.0
13-00804484,60619.0,8.0,6.0,69.0
13-00797011,60619.0,5.0,3.0,69.0
13-00785136,60619.0,8.0,4.0,45.0
13-00787244,60619.0,5.0,3.0,43.0
13-00779306,60619.0,6.0,6.0,69.0
13-00778023,60619.0,6.0,6.0,49.0
13-00779295,60619.0,6.0,6.0,49.0
13-00778010,60619.0,6.0,6.0,49.0
13-00777999,60619.0,6.0,6.0,44.0
13-00767784,60619.0,6.0,6.0,49.0
13-00771168,60619.0,6.0,3.0,69.0
13-00767741,60619.0,6.0,6.0,49.0
13-00767871,60619.0,6.0,6.0,44.0
13-00763395,60619.0,5.0,3.0,43.0
13-00763591,60619.0,5.0,3.0,43.0
13-00763975,60619.0,9.0,6.0,44.0
13-00762828,60619.0,6.0,6.0,69.0
13-00762198,60619.0,8.0,6.0,69.0
13-00762192,60619.0,8.0,6.0,69.0
13-00760091,60619.0,8.0,6.0,69.0
13-00760720,60619.0,8.0,6.0,69.0
13-00753289,60619.0,6.0,6.0,49.0
13-00749749,60619.0,6.0,6.0,69.0
13-00749690,60619.0,6.0,6.0,69.0
13-00749106,60619.0,6.0,6.0,44.0
13-00747080,60619.0,5.0,3.0,69.0
13-00745407,60619.0,6.0,6.0,69.0
13-00745377,60619.0,6.0,6.0,69.0
13-00715947,60619.0,6.0,6.0,49.0
13-00717901,60619.0,9.0,5.0,49.0
13-00717886,60619.0,6.0,3.0,69.0
13-00714267,60619.0,8.0,4.0,48.0
13-00714494,60619.0,5.0,3.0,69.0
13-00714483,60619.0,5.0,3.0,69.0
13-00714471,60619.0,5.0,3.0,69.0
13-00710970,60619.0,6.0,6.0,44.0
13-00711604,60619.0,6.0,5.0,49.0
13-00711597,60619.0,6.0,6.0,49.0
13-00711342,60619.0,8.0,4.0,45.0
13-00709643,60619.0,6.0,6.0,49.0
13-00711391,60619.0,6.0,6.0,49.0
13-00711392,60619.0,6.0,5.0,49.0
13-00709642,60619.0,6.0,5.0,49.0
13-00704514,60619.0,6.0,6.0,69.0
13-00700290,60619.0,6.0,6.0,49.0
13-00681373,60619.0,6.0,6.0,49.0
13-00669536,60619.0,6.0,3.0,69.0
13-00674895,60619.0,6.0,6.0,44.0
13-00662717,60619.0,8.0,4.0,45.0
13-00662704,60619.0,6.0,3.0,69.0
13-00661278,60619.0,6.0,3.0,69.0
13-00650552,60619.0,8.0,4.0,45.0
13-00641209,60619.0,8.0,6.0,44.0
13-00639092,60619.0,6.0,6.0,44.0
13-00635765,60619.0,6.0,3.0,69.0
13-00628148,60619.0,6.0,3.0,69.0
13-00624113,60619.0,8.0,4.0,45.0
13-00614854,60619.0,8.0,4.0,45.0
13-00605452,60619.0,6.0,3.0,69.0
13-00597744,60619.0,8.0,4.0,45.0
13-00595945,60619.0,8.0,4.0,45.0
13-00595974,60619.0,8.0,4.0,45.0
13-00595999,60619.0,8.0,4.0,45.0
13-00582018,60619.0,8.0,4.0,45.0
13-00563522,60619.0,5.0,3.0,43.0
13-00561449,60619.0,6.0,6.0,44.0
13-00563184,60619.0,8.0,6.0,44.0
13-00563180,60619.0,8.0,6.0,44.0
13-00563202,60619.0,8.0,6.0,44.0
13-00547955,60619.0,5.0,3.0,69.0
13-00549796,60619.0,8.0,5.0,50.0
13-00541514,60619.0,6.0,6.0,44.0
13-00541495,60619.0,6.0,6.0,44.0
13-00541844,60619.0,6.0,6.0,69.0
13-00540097,60619.0,6.0,6.0,44.0
13-00540097,60619.0,6.0,6.0,44.0
13-00532775,60619.0,8.0,6.0,44.0
13-00532714,60619.0,8.0,6.0,44.0
13-00519587,60619.0,6.0,6.0,44.0
13-00519501,60619.0,6.0,6.0,44.0
13-00509589,60619.0,6.0,3.0,69.0
13-00512898,60619.0,8.0,4.0,45.0
13-00512906,60619.0,8.0,6.0,44.0
13-00510048,60619.0,6.0,6.0,69.0
13-00504515,60619.0,6.0,6.0,44.0
13-00499335,60619.0,8.0,6.0,44.0
13-00499437,60619.0,8.0,6.0,44.0
13-00490132,60619.0,5.0,3.0,69.0
13-00473716,60619.0,5.0,3.0,69.0
13-00475560,60619.0,6.0,6.0,44.0
13-00475990,60619.0,8.0,6.0,44.0
13-00475857,60619.0,8.0,6.0,44.0
13-00475772,60619.0,6.0,6.0,44.0
13-00474120,60619.0,6.0,6.0,44.0
13-00475996,60619.0,8.0,6.0,44.0
13-00468922,60619.0,6.0,6.0,69.0
13-00463408,60619.0,8.0,6.0,44.0
13-00463050,60619.0,8.0,6.0,44.0
13-00463143,60619.0,6.0,6.0,69.0
13-00428530,60619.0,8.0,6.0,44.0
13-00428524,60619.0,8.0,6.0,44.0
13-00428514,60619.0,8.0,6.0,69.0
13-00428519,60619.0,8.0,6.0,69.0
13-00428536,60619.0,8.0,6.0,44.0
13-00428072,60619.0,8.0,6.0,69.0
13-00428085,60619.0,8.0,6.0,69.0
13-00428076,60619.0,8.0,6.0,69.0
13-00432207,60619.0,8.0,4.0,48.0
13-00428594,60619.0,8.0,4.0,48.0
13-00420497,60619.0,6.0,6.0,44.0
13-00417973,60619.0,6.0,6.0,44.0
13-00410936,60619.0,8.0,6.0,69.0
13-00407585,60619.0,8.0,6.0,69.0
13-00410938,60619.0,8.0,6.0,69.0
13-00411318,60619.0,8.0,6.0,69.0
13-00410551,60619.0,6.0,6.0,44.0
13-00398597,60619.0,8.0,6.0,69.0
13-00391614,60619.0,8.0,6.0,69.0
13-00390278,60619.0,8.0,6.0,69.0
13-00385211,60619.0,8.0,6.0,69.0
13-00386797,60619.0,8.0,6.0,69.0
13-00381073,60619.0,8.0,6.0,69.0
13-00361584,60619.0,8.0,6.0,44.0
13-00349914,60619.0,8.0,6.0,44.0
13-00349911,60619.0,8.0,6.0,44.0
13-00350007,60619.0,8.0,6.0,44.0
13-00344086,60619.0,8.0,6.0,44.0
13-00336640,60619.0,8.0,6.0,44.0
13-00336651,60619.0,8.0,6.0,44.0
13-00330472,60619.0,6.0,6.0,69.0
13-00322748,60619.0,6.0,6.0,44.0
13-00322718,60619.0,6.0,6.0,44.0
13-00318463,60619.0,8.0,6.0,44.0
13-00298142,60619.0,5.0,3.0,43.0
13-00285580,60619.0,6.0,6.0,69.0
13-00278362,60619.0,6.0,6.0,44.0
13-00272345,60619.0,6.0,6.0,44.0
13-00266242,60619.0,6.0,6.0,44.0
13-00254600,60619.0,6.0,3.0,69.0
13-00249414,60619.0,6.0,6.0,44.0
13-00241897,60619.0,8.0,6.0,44.0
13-00216696,60619.0,6.0,3.0,69.0
13-00198277,60619.0,8.0,6.0,44.0
13-00198183,60619.0,8.0,6.0,44.0
13-00186753,60619.0,6.0,6.0,69.0
13-00186307,60619.0,6.0,6.0,44.0
13-00186297,60619.0,6.0,6.0,44.0
13-00186126,60619.0,8.0,6.0,44.0
13-00186120,60619.0,8.0,6.0,44.0
13-00186111,60619.0,6.0,6.0,44.0
13-00186112,60619.0,6.0,6.0,69.0
13-00186119,60619.0,8.0,6.0,44.0
13-00186117,60619.0,6.0,6.0,44.0
13-00186130,60619.0,8.0,6.0,44.0
13-00186128,60619.0,8.0,6.0,44.0
13-00186127,60619.0,8.0,6.0,44.0
13-00186132,60619.0,6.0,6.0,44.0
13-00186186,60619.0,6.0,6.0,44.0
13-00186142,60619.0,6.0,6.0,44.0
13-00186293,60619.0,6.0,6.0,69.0
13-00186295,60619.0,6.0,6.0,69.0
13-00186290,60619.0,6.0,6.0,69.0
13-00186286,60619.0,6.0,6.0,69.0
13-00186285,60619.0,6.0,6.0,44.0
13-00179900,60619.0,6.0,6.0,44.0
13-00179897,60619.0,6.0,6.0,44.0
13-00177120,60619.0,21.0,6.0,49.0
13-00164628,60619.0,5.0,3.0,43.0
13-00164625,60619.0,5.0,3.0,43.0
13-00157465,60619.0,8.0,4.0,43.0
13-00126483,60619.0,6.0,6.0,44.0
13-00124302,60619.0,6.0,3.0,69.0
13-00091816,60619.0,6.0,3.0,69.0
13-00091827,60619.0,6.0,3.0,69.0
13-00091835,60619.0,6.0,3.0,69.0
13-00075523,60619.0,6.0,6.0,44.0
13-00075524,60619.0,6.0,6.0,44.0
13-00056440,60619.0,6.0,6.0,44.0
13-00056692,60619.0,6.0,6.0,44.0
13-00055182,60619.0,6.0,3.0,69.0
13-00038016,60619.0,6.0,3.0,69.0
13-00033048,60619.0,5.0,3.0,43.0
13-00023623,60619.0,8.0,5.0,50.0
13-00015686,60619.0,5.0,3.0,43.0
12-02042761,60619.0,6.0,6.0,44.0
12-02027467,60619.0,5.0,3.0,43.0
12-02016564,60619.0,8.0,4.0,45.0
12-02016276,60619.0,6.0,6.0,44.0
12-02015149,60619.0,6.0,6.0,44.0
12-02015678,60619.0,6.0,6.0,44.0
12-01974319,60619.0,6.0,6.0,44.0
12-01965788,60619.0,6.0,6.0,44.0
12-01965728,60619.0,6.0,6.0,44.0
12-01965750,60619.0,6.0,6.0,44.0
12-01964021,60619.0,8.0,6.0,69.0
12-01962201,60619.0,5.0,4.0,43.0
12-01953157,60619.0,6.0,6.0,44.0
12-01929296,60619.0,21.0,6.0,44.0
12-01918656,60619.0,6.0,6.0,44.0
12-01918666,60619.0,6.0,6.0,69.0
12-01918662,60619.0,6.0,6.0,69.0
12-01918692,60619.0,6.0,6.0,69.0
12-01918786,60619.0,6.0,6.0,44.0
12-01918800,60619.0,6.0,6.0,44.0
12-01918812,60619.0,6.0,6.0,44.0
12-01921263,60619.0,6.0,3.0,69.0
12-01918207,60619.0,8.0,6.0,44.0
12-01918203,60619.0,6.0,6.0,44.0
12-01918202,60619.0,6.0,6.0,44.0
12-01918197,60619.0,6.0,6.0,44.0
12-01918213,60619.0,6.0,6.0,69.0
12-01918239,60619.0,6.0,6.0,69.0
12-01918220,60619.0,6.0,6.0,69.0
12-01918214,60619.0,6.0,6.0,69.0
12-01918236,60619.0,6.0,6.0,69.0
12-01918226,60619.0,6.0,6.0,69.0
12-01918235,60619.0,8.0,6.0,44.0
12-01918228,60619.0,8.0,6.0,44.0
12-01918249,60619.0,6.0,6.0,69.0
12-01918252,60619.0,6.0,6.0,44.0
12-01906862,60619.0,6.0,6.0,44.0
12-01905827,60619.0,6.0,6.0,44.0
12-01904298,60619.0,6.0,6.0,44.0
12-01904807,60619.0,6.0,6.0,44.0
12-01887657,60619.0,6.0,6.0,44.0
12-01878904,60619.0,6.0,6.0,44.0
12-01854434,60619.0,6.0,3.0,69.0
12-01854438,60619.0,6.0,3.0,69.0
12-01840818,60619.0,8.0,6.0,44.0
12-01836639,60619.0,8.0,4.0,43.0
12-01802924,60619.0,5.0,4.0,45.0
12-01794503,60619.0,6.0,6.0,44.0
12-01788191,60619.0,6.0,3.0,69.0
12-01782704,60619.0,5.0,3.0,69.0
12-01760977,60619.0,6.0,3.0,69.0
12-01743499,60619.0,8.0,6.0,44.0
12-01745875,60619.0,6.0,6.0,44.0
12-01725791,60619.0,6.0,6.0,49.0
12-01718290,60619.0,8.0,6.0,44.0
12-01705092,60619.0,6.0,3.0,69.0
12-01695237,60619.0,6.0,6.0,44.0
12-01680418,60619.0,6.0,6.0,69.0
12-01667608,60619.0,6.0,6.0,69.0
12-01661914,60619.0,6.0,6.0,44.0
12-01662002,60619.0,8.0,6.0,44.0
12-01656402,60619.0,6.0,6.0,49.0
12-01644963,60619.0,8.0,6.0,44.0
12-01649864,60619.0,6.0,6.0,69.0
12-01647845,60619.0,8.0,4.0,47.0
12-01625209,60619.0,6.0,6.0,69.0
12-01629476,60619.0,8.0,4.0,45.0
12-01625431,60619.0,8.0,4.0,45.0
12-01621946,60619.0,8.0,4.0,45.0
12-01615886,60619.0,6.0,3.0,69.0
12-01600123,60619.0,8.0,6.0,44.0
12-01600117,60619.0,8.0,6.0,44.0
12-01599492,60619.0,6.0,6.0,44.0
12-01598100,60619.0,6.0,6.0,44.0
12-01593039,60619.0,6.0,6.0,44.0
12-01566184,60619.0,6.0,6.0,44.0
12-01570242,60619.0,6.0,6.0,44.0
12-01567033,60619.0,8.0,6.0,44.0
12-01551253,60619.0,6.0,6.0,69.0
12-01543837,60619.0,6.0,6.0,69.0
12-01521572,60619.0,6.0,6.0,69.0
12-01518136,60619.0,6.0,6.0,69.0
12-01515439,60619.0,6.0,6.0,69.0
12-01514032,60619.0,8.0,6.0,44.0
12-01503921,60619.0,6.0,6.0,44.0
12-01496664,60619.0,8.0,4.0,45.0
12-01497116,60619.0,8.0,6.0,44.0
12-01480492,60619.0,8.0,6.0,44.0
12-01484971,60619.0,6.0,6.0,69.0
12-01484744,60619.0,6.0,6.0,69.0
12-01477787,60619.0,6.0,6.0,69.0
12-01475894,60619.0,6.0,6.0,69.0
12-01476015,60619.0,8.0,4.0,47.0
12-01475716,60619.0,6.0,6.0,69.0
12-01467137,60619.0,6.0,6.0,69.0
12-01457398,60619.0,6.0,6.0,44.0
12-01420651,60619.0,8.0,6.0,44.0
12-01400562,60619.0,6.0,6.0,44.0
12-01390888,60619.0,5.0,3.0,43.0
12-01388639,60619.0,8.0,6.0,44.0
12-01347829,60619.0,6.0,6.0,69.0
12-01340802,60619.0,8.0,6.0,44.0
12-01335381,60619.0,6.0,6.0,44.0
12-01309369,60619.0,6.0,3.0,69.0
12-01309297,60619.0,6.0,3.0,69.0
12-01309360,60619.0,6.0,3.0,69.0
12-01309336,60619.0,6.0,3.0,69.0
12-01309749,60619.0,6.0,3.0,69.0
12-01309837,60619.0,6.0,3.0,69.0
12-01309892,60619.0,6.0,3.0,69.0
12-01309843,60619.0,6.0,3.0,69.0
12-01309908,60619.0,6.0,6.0,69.0
12-01310216,60619.0,5.0,3.0,69.0
12-01310830,60619.0,6.0,3.0,69.0
12-01301489,60619.0,5.0,3.0,43.0
12-01282154,60619.0,5.0,3.0,43.0
12-01282560,60619.0,5.0,3.0,43.0
12-01284964,60619.0,5.0,4.0,43.0
12-01262331,60619.0,6.0,6.0,44.0
12-01263296,60619.0,5.0,3.0,43.0
12-01255720,60619.0,6.0,6.0,44.0
12-01246300,60619.0,5.0,3.0,43.0
12-01240012,60619.0,5.0,4.0,43.0
12-01243761,60619.0,8.0,4.0,48.0
12-01224470,60619.0,6.0,6.0,44.0
12-01224516,60619.0,6.0,6.0,44.0
12-01214557,60619.0,6.0,6.0,44.0
12-01195758,60619.0,6.0,6.0,44.0
12-01190929,60619.0,6.0,6.0,44.0
12-01188579,60619.0,6.0,6.0,44.0
12-01179167,60619.0,6.0,6.0,44.0
12-01179190,60619.0,6.0,6.0,44.0
12-01169595,60619.0,6.0,6.0,69.0
12-01169569,60619.0,6.0,6.0,69.0
12-01160964,60619.0,8.0,4.0,45.0
12-01164853,60619.0,8.0,4.0,45.0
12-01162963,60619.0,5.0,3.0,43.0
12-01132893,60619.0,8.0,4.0,45.0
12-01123610,60619.0,5.0,4.0,43.0
12-01085248,60619.0,9.0,6.0,49.0
12-01073603,60619.0,8.0,6.0,44.0
12-01057931,60619.0,6.0,3.0,69.0
12-01057971,60619.0,6.0,3.0,69.0
12-01058000,60619.0,6.0,3.0,69.0
12-01060196,60619.0,6.0,3.0,69.0
12-01060231,60619.0,6.0,3.0,69.0
12-01060237,60619.0,6.0,3.0,69.0
12-01060245,60619.0,6.0,3.0,69.0
12-01060253,60619.0,6.0,3.0,69.0
12-01060263,60619.0,6.0,3.0,69.0
12-01049448,60619.0,6.0,3.0,69.0
12-01034316,60619.0,6.0,6.0,69.0
12-01034828,60619.0,6.0,6.0,69.0
12-01032841,60619.0,6.0,6.0,69.0
12-00997260,60619.0,6.0,6.0,44.0
12-00997274,60619.0,6.0,6.0,44.0
12-00998671,60619.0,6.0,3.0,69.0
12-01000135,60619.0,9.0,6.0,49.0
12-00992100,60619.0,8.0,4.0,45.0
12-00982212,60619.0,5.0,3.0,43.0
12-00967684,60619.0,6.0,6.0,69.0
12-00956886,60619.0,6.0,6.0,69.0
12-00959082,60619.0,6.0,6.0,44.0
12-00944673,60619.0,6.0,6.0,44.0
12-00943119,60619.0,5.0,3.0,43.0
12-00943122,60619.0,5.0,3.0,43.0
12-00943129,60619.0,5.0,3.0,43.0
12-00943123,60619.0,5.0,3.0,43.0
12-00943134,60619.0,5.0,3.0,43.0
12-00943188,60619.0,5.0,3.0,69.0
12-00932854,60619.0,5.0,3.0,43.0
12-00937354,60619.0,6.0,6.0,69.0
12-00933015,60619.0,5.0,3.0,43.0
12-00935233,60619.0,6.0,3.0,69.0
12-00937360,60619.0,6.0,6.0,69.0
12-00923869,60619.0,5.0,3.0,43.0
12-00914208,60619.0,6.0,6.0,44.0
12-00914678,60619.0,8.0,4.0,45.0
12-00906278,60619.0,5.0,3.0,43.0
12-00896882,60619.0,5.0,3.0,43.0
12-00897208,60619.0,5.0,3.0,43.0
12-00901777,60619.0,6.0,3.0,69.0
12-00893928,60619.0,5.0,3.0,43.0
12-00888023,60619.0,5.0,3.0,43.0
12-00844617,60619.0,6.0,6.0,44.0
12-00844719,60619.0,6.0,6.0,44.0
12-00844695,60619.0,6.0,6.0,44.0
12-00835250,60619.0,6.0,6.0,44.0
12-00833802,60619.0,6.0,6.0,44.0
12-00832649,60619.0,6.0,6.0,44.0
12-00832647,60619.0,6.0,6.0,44.0
12-00832652,60619.0,6.0,6.0,44.0
12-00832651,60619.0,6.0,6.0,44.0
12-00824290,60619.0,6.0,3.0,69.0
12-00822043,60619.0,5.0,3.0,69.0
12-00822026,60619.0,5.0,3.0,69.0
12-00802740,60619.0,6.0,6.0,69.0
12-00801433,60619.0,6.0,6.0,69.0
12-00799594,60619.0,6.0,6.0,69.0
12-00794391,60619.0,8.0,4.0,45.0
12-00794384,60619.0,8.0,4.0,48.0
12-00794651,60619.0,5.0,3.0,69.0
12-00794637,60619.0,8.0,4.0,45.0
12-00786833,60619.0,6.0,6.0,69.0
12-00779141,60619.0,5.0,3.0,69.0
12-00777718,60619.0,8.0,4.0,45.0
12-00761398,60619.0,6.0,3.0,69.0
12-00750712,60619.0,8.0,4.0,45.0
12-00741520,60619.0,6.0,6.0,44.0
12-00723074,60619.0,8.0,6.0,69.0
12-00713780,60619.0,8.0,4.0,45.0
12-00713065,60619.0,5.0,3.0,69.0
12-00702894,60619.0,8.0,6.0,44.0
12-00703114,60619.0,6.0,3.0,69.0
12-00694146,60619.0,6.0,6.0,44.0
12-00694162,60619.0,6.0,6.0,44.0
12-00693710,60619.0,5.0,3.0,43.0
12-00698188,60619.0,8.0,6.0,69.0
12-00692594,60619.0,6.0,3.0,69.0
12-00692590,60619.0,6.0,3.0,69.0
12-00684671,60619.0,8.0,6.0,69.0
12-00643532,60619.0,5.0,3.0,43.0
12-00636017,60619.0,8.0,6.0,69.0
12-00625911,60619.0,6.0,6.0,69.0
12-00615890,60619.0,8.0,6.0,69.0
12-00610559,60619.0,5.0,3.0,43.0
12-00608321,60619.0,8.0,4.0,47.0
12-00585256,60619.0,8.0,6.0,69.0
12-00569017,60619.0,8.0,6.0,44.0
12-00560644,60619.0,8.0,6.0,69.0
12-00540522,60619.0,6.0,6.0,69.0
12-00473708,60619.0,6.0,6.0,44.0
12-00363244,60619.0,8.0,4.0,48.0
12-00363190,60619.0,8.0,4.0,45.0
12-00330770,60619.0,6.0,6.0,44.0
12-00240076,60619.0,8.0,4.0,47.0
12-00207013,60619.0,6.0,6.0,44.0
12-00197054,60619.0,8.0,3.0,69.0
12-00199425,60619.0,6.0,6.0,44.0
12-00178347,60619.0,6.0,6.0,69.0
12-00178545,60619.0,6.0,6.0,69.0
12-00178212,60619.0,6.0,6.0,69.0
12-00172353,60619.0,6.0,6.0,69.0
12-00172802,60619.0,8.0,6.0,69.0
12-00168182,60619.0,6.0,6.0,69.0
12-00166836,60619.0,6.0,6.0,69.0
12-00159867,60619.0,6.0,6.0,69.0
12-00160348,60619.0,5.0,6.0,69.0
12-00158069,60619.0,8.0,6.0,69.0
12-00150188,60619.0,6.0,6.0,69.0
12-00125532,60619.0,6.0,6.0,44.0
12-00097260,60619.0,6.0,6.0,44.0
12-00078588,60619.0,8.0,4.0,48.0
12-00072866,60619.0,9.0,6.0,49.0
11-04310003,60619.0,8.0,4.0,48.0
11-04300762,60619.0,8.0,4.0,45.0
11-04297575,60619.0,6.0,3.0,69.0
11-04275007,60619.0,6.0,6.0,69.0
11-04234500,60619.0,6.0,6.0,69.0
11-04234510,60619.0,8.0,6.0,69.0
11-04229428,60619.0,6.0,6.0,44.0
11-04229465,60619.0,6.0,6.0,44.0
11-04215146,60619.0,6.0,6.0,69.0
11-04215142,60619.0,8.0,6.0,69.0
11-04215149,60619.0,8.0,6.0,69.0
11-04203231,60619.0,8.0,6.0,69.0
11-04171959,60619.0,8.0,4.0,48.0
11-04168391,60619.0,8.0,6.0,44.0
11-04168399,60619.0,8.0,6.0,44.0
11-04151069,60619.0,6.0,6.0,69.0
11-04144237,60619.0,6.0,6.0,44.0
11-04140643,60619.0,8.0,4.0,45.0
11-04131887,60619.0,6.0,6.0,44.0
11-04129608,60619.0,8.0,4.0,45.0
11-04128238,60619.0,6.0,6.0,44.0
11-04123442,60619.0,6.0,6.0,44.0
11-04122358,60619.0,8.0,6.0,44.0
11-04107468,60619.0,6.0,6.0,69.0
11-04107464,60619.0,6.0,6.0,69.0
11-04100479,60619.0,8.0,6.0,44.0
11-04100507,60619.0,8.0,6.0,44.0
11-04100490,60619.0,8.0,6.0,44.0
11-04094981,60619.0,6.0,3.0,69.0
11-04094504,60619.0,5.0,3.0,69.0
11-04080159,60619.0,6.0,6.0,69.0
11-04080151,60619.0,6.0,6.0,69.0
11-04082004,60619.0,6.0,6.0,44.0
11-04069684,60619.0,6.0,6.0,44.0
11-04057143,60619.0,6.0,6.0,44.0
11-04053104,60619.0,6.0,6.0,44.0
11-04050368,60619.0,6.0,6.0,44.0
11-04051396,60619.0,6.0,6.0,44.0
11-04051985,60619.0,6.0,6.0,44.0
11-04054295,60619.0,5.0,3.0,43.0
11-04049688,60619.0,6.0,6.0,49.0
11-04049077,60619.0,6.0,6.0,44.0
11-04054380,60619.0,6.0,6.0,69.0
11-04042387,60619.0,6.0,6.0,44.0
11-04046013,60619.0,8.0,6.0,44.0
11-04028934,60619.0,6.0,6.0,44.0
11-04019702,60619.0,8.0,4.0,45.0
11-04020081,60619.0,8.0,4.0,45.0
11-04012518,60619.0,8.0,4.0,45.0
11-04020068,60619.0,8.0,4.0,45.0
11-04007494,60619.0,6.0,3.0,69.0
11-04004705,60619.0,8.0,4.0,45.0
11-03997243,60619.0,5.0,6.0,69.0
11-03994767,60619.0,8.0,4.0,45.0
11-03987241,60619.0,8.0,4.0,45.0
11-03975128,60619.0,8.0,6.0,69.0
11-03975134,60619.0,8.0,6.0,69.0
11-03975147,60619.0,6.0,6.0,69.0
11-03975150,60619.0,8.0,6.0,69.0
11-03970258,60619.0,9.0,6.0,49.0
11-03953059,60619.0,6.0,6.0,69.0
11-03953237,60619.0,5.0,4.0,45.0
11-03953285,60619.0,6.0,3.0,69.0
11-03956396,60619.0,6.0,6.0,44.0
11-03944693,60619.0,9.0,6.0,44.0
11-03941274,60619.0,6.0,3.0,69.0
11-03941484,60619.0,6.0,3.0,69.0
11-03928677,60619.0,6.0,6.0,69.0
11-03933838,60619.0,9.0,6.0,44.0
11-03916449,60619.0,9.0,6.0,49.0
11-03916487,60619.0,8.0,6.0,44.0
11-03907954,60619.0,8.0,6.0,44.0
11-03900423,60619.0,6.0,6.0,44.0
11-03877445,60619.0,6.0,6.0,69.0
11-03863743,60619.0,6.0,6.0,69.0
11-03860992,60619.0,6.0,6.0,44.0
11-03853528,60619.0,6.0,3.0,69.0
11-03855937,60619.0,6.0,6.0,69.0
11-03846218,60619.0,21.0,6.0,44.0
11-03852074,60619.0,8.0,3.0,69.0
11-03836066,60619.0,5.0,3.0,43.0
11-03838334,60619.0,6.0,6.0,44.0
11-03838321,60619.0,6.0,6.0,44.0
11-03838343,60619.0,6.0,6.0,49.0
11-03819005,60619.0,8.0,6.0,44.0
11-03815485,60619.0,6.0,6.0,69.0
11-03815852,60619.0,6.0,6.0,69.0
11-03807014,60619.0,8.0,6.0,44.0
11-03807543,60619.0,8.0,6.0,44.0
11-03807051,60619.0,6.0,3.0,69.0
11-03805400,60619.0,5.0,3.0,43.0
11-03809297,60619.0,8.0,6.0,44.0
11-03803698,60619.0,8.0,6.0,44.0
11-03801999,60619.0,6.0,6.0,69.0
11-03801250,60619.0,6.0,6.0,69.0
11-03798261,60619.0,6.0,3.0,69.0
11-03796929,60619.0,5.0,3.0,69.0
11-03789939,60619.0,6.0,3.0,69.0
11-03781751,60619.0,6.0,6.0,44.0
11-03785565,60619.0,6.0,3.0,69.0
11-03780592,60619.0,6.0,3.0,69.0
11-03764734,60619.0,8.0,6.0,44.0
11-03770317,60619.0,6.0,6.0,44.0
11-03764568,60619.0,8.0,6.0,44.0
11-03761462,60619.0,5.0,3.0,69.0
11-03759880,60619.0,6.0,6.0,44.0
11-03756533,60619.0,5.0,3.0,43.0
11-03747438,60619.0,5.0,3.0,43.0
11-03747431,60619.0,5.0,3.0,43.0
11-03752341,60619.0,6.0,6.0,44.0
11-03707120,60619.0,5.0,3.0,43.0
11-03689541,60619.0,8.0,4.0,47.0
11-03683820,60619.0,6.0,6.0,69.0
11-03678814,60619.0,8.0,4.0,45.0
11-03679420,60619.0,6.0,6.0,44.0
11-03675931,60619.0,5.0,3.0,43.0
11-03652326,60619.0,9.0,6.0,44.0
11-03633616,60619.0,6.0,6.0,44.0
11-03617561,60619.0,8.0,4.0,45.0
11-03617820,60619.0,8.0,4.0,45.0
11-03604817,60619.0,5.0,3.0,43.0
11-03589186,60619.0,6.0,6.0,44.0
11-03583750,60619.0,6.0,6.0,49.0
11-03587672,60619.0,5.0,4.0,45.0
11-03580444,60619.0,6.0,6.0,44.0
11-03568562,60619.0,6.0,6.0,44.0
11-03565777,60619.0,6.0,6.0,44.0
11-03561396,60619.0,8.0,6.0,69.0
11-03539406,60619.0,6.0,6.0,69.0
11-03535656,60619.0,8.0,4.0,45.0
11-03526847,60619.0,8.0,4.0,45.0
11-03508297,60619.0,6.0,6.0,49.0
11-03501712,60619.0,6.0,6.0,44.0
11-03492374,60619.0,8.0,6.0,44.0
11-03471024,60619.0,6.0,3.0,69.0
11-03473727,60619.0,9.0,6.0,49.0
11-03466508,60619.0,6.0,6.0,69.0
11-03441178,60619.0,6.0,3.0,69.0
11-03424658,60619.0,6.0,6.0,44.0
11-03404632,60619.0,6.0,6.0,69.0
11-03404609,60619.0,6.0,6.0,69.0
11-03404602,60619.0,6.0,6.0,69.0
11-03404537,60619.0,6.0,6.0,69.0
11-03404408,60619.0,6.0,6.0,69.0
11-03404396,60619.0,6.0,6.0,69.0
11-03398550,60619.0,6.0,6.0,69.0
11-03380997,60619.0,6.0,6.0,69.0
11-03386212,60619.0,6.0,3.0,69.0
11-03379101,60619.0,6.0,6.0,69.0
11-03376410,60619.0,6.0,6.0,44.0
11-03381032,60619.0,5.0,3.0,69.0
11-03381054,60619.0,6.0,3.0,69.0
11-03381086,60619.0,6.0,3.0,69.0
11-03381067,60619.0,6.0,3.0,69.0
11-03376362,60619.0,6.0,6.0,44.0
11-03363172,60619.0,6.0,3.0,69.0
11-03367572,60619.0,6.0,6.0,44.0
11-03360376,60619.0,6.0,6.0,69.0
11-03350692,60619.0,8.0,6.0,69.0
11-03360520,60619.0,6.0,6.0,69.0
11-03346972,60619.0,6.0,6.0,44.0
11-03348204,60619.0,6.0,6.0,69.0
11-03340210,60619.0,6.0,6.0,69.0
11-03346910,60619.0,6.0,6.0,69.0
11-03349395,60619.0,6.0,6.0,69.0
11-03349394,60619.0,6.0,6.0,69.0
11-03288180,60619.0,6.0,6.0,44.0
11-03288212,60619.0,6.0,6.0,44.0
11-03288204,60619.0,6.0,6.0,44.0
11-03275054,60619.0,6.0,6.0,44.0
11-03250975,60619.0,5.0,3.0,69.0
11-03237832,60619.0,6.0,3.0,69.0
11-03237857,60619.0,6.0,3.0,69.0
11-03237812,60619.0,6.0,3.0,69.0
11-03227670,60619.0,8.0,4.0,45.0
11-03227675,60619.0,8.0,4.0,45.0
11-03219727,60619.0,5.0,3.0,69.0
11-03220658,60619.0,6.0,6.0,44.0
11-03188046,60619.0,6.0,6.0,44.0
11-03201840,60619.0,8.0,4.0,45.0
11-03148224,60619.0,5.0,3.0,43.0
11-03167506,60619.0,6.0,3.0,69.0
11-03166619,60619.0,6.0,6.0,44.0
11-03117652,60619.0,8.0,4.0,48.0
11-02982975,60619.0,6.0,6.0,44.0
11-02982961,60619.0,6.0,6.0,44.0
11-02983027,60619.0,6.0,6.0,44.0
11-02983018,60619.0,6.0,6.0,44.0
11-02910059,60619.0,6.0,6.0,44.0
11-02910021,60619.0,6.0,6.0,44.0
11-02526019,60619.0,6.0,6.0,44.0
11-02432110,60619.0,6.0,6.0,69.0
11-02336686,60619.0,6.0,6.0,44.0
11-02216079,60619.0,6.0,6.0,44.0
11-02199183,60619.0,6.0,6.0,44.0
11-02123719,60619.0,6.0,3.0,69.0
11-02070467,60619.0,6.0,6.0,69.0
11-02070466,60619.0,6.0,6.0,69.0
11-01902120,60619.0,5.0,4.0,43.0
11-01910165,60619.0,5.0,3.0,43.0
11-01870547,60619.0,21.0,6.0,49.0
11-01870434,60619.0,5.0,3.0,69.0
11-01878290,60619.0,6.0,3.0,69.0
11-01830743,60619.0,6.0,6.0,44.0
11-01663189,60619.0,5.0,3.0,43.0
11-01625003,60619.0,8.0,4.0,48.0
11-01565503,60619.0,8.0,4.0,45.0
11-01538669,60619.0,8.0,4.0,45.0
11-01497183,60619.0,6.0,6.0,69.0
11-01213333,60619.0,6.0,3.0,69.0
11-01213215,60619.0,6.0,3.0,69.0
11-01153324,60619.0,6.0,3.0,69.0
11-00954165,60619.0,8.0,4.0,45.0
11-00950483,60619.0,8.0,4.0,47.0
11-00927718,60619.0,6.0,6.0,69.0
11-00932338,60619.0,6.0,3.0,69.0
11-00848521,60619.0,6.0,6.0,69.0
11-00847449,60619.0,6.0,6.0,69.0
11-00822919,60619.0,8.0,4.0,47.0
11-00827462,60619.0,6.0,6.0,69.0
11-00839114,60619.0,6.0,6.0,69.0
11-00807365,60619.0,8.0,6.0,69.0
11-00805741,60619.0,8.0,4.0,45.0
11-00813762,60619.0,6.0,6.0,69.0
11-00810474,60619.0,8.0,4.0,45.0
11-00802272,60619.0,6.0,6.0,69.0
11-00802176,60619.0,6.0,6.0,69.0
11-00777367,60619.0,6.0,6.0,69.0
11-00776938,60619.0,6.0,6.0,69.0
11-00780620,60619.0,6.0,6.0,69.0
11-00788285,60619.0,8.0,4.0,45.0
11-00784256,60619.0,6.0,6.0,69.0
11-00678329,60619.0,6.0,6.0,69.0
11-00648871,60619.0,8.0,4.0,45.0
11-00638150,60619.0,6.0,3.0,69.0
11-00580838,60619.0,8.0,4.0,48.0
11-00540686,60619.0,8.0,4.0,45.0
11-00493893,60619.0,8.0,4.0,45.0
11-00489243,60619.0,8.0,4.0,48.0
11-00470565,60619.0,6.0,3.0,69.0
11-00447304,60619.0,6.0,6.0,69.0
11-00413461,60619.0,6.0,6.0,69.0
11-00334473,60619.0,6.0,3.0,69.0
11-00285513,60619.0,6.0,3.0,69.0
11-00251106,60619.0,9.0,6.0,49.0
11-00237782,60619.0,8.0,6.0,44.0
11-00194877,60619.0,6.0,3.0,69.0
11-00155584,60619.0,8.0,4.0,45.0
11-00147648,60619.0,8.0,6.0,44.0
11-00144346,60619.0,8.0,4.0,47.0
11-00138598,60619.0,6.0,6.0,49.0
11-00075114,60619.0,6.0,3.0,69.0
11-00022999,60619.0,5.0,3.0,69.0
