15-04852083,60624.0,24.0,11.0,26.0
15-04852011,60624.0,28.0,11.0,27.0
15-04852003,60624.0,28.0,11.0,27.0
15-04824551,60624.0,28.0,11.0,26.0
15-04825553,60624.0,27.0,11.0,23.0
15-04825541,60624.0,37.0,11.0,23.0
15-04824545,60624.0,24.0,11.0,26.0
15-04808774,60624.0,24.0,11.0,26.0
15-04809208,60624.0,28.0,11.0,26.0
15-04809219,60624.0,28.0,11.0,26.0
15-04809216,60624.0,28.0,11.0,26.0
15-04809225,60624.0,28.0,11.0,26.0
15-04695324,60624.0,28.0,11.0,26.0
15-04695307,60624.0,28.0,11.0,26.0
15-04695317,60624.0,28.0,11.0,26.0
15-04713374,60624.0,28.0,11.0,26.0
15-04654844,60624.0,28.0,11.0,26.0
15-04660009,60624.0,28.0,11.0,26.0
15-04655265,60624.0,28.0,11.0,26.0
15-04643285,60624.0,28.0,11.0,26.0
15-04643295,60624.0,28.0,11.0,26.0
15-04655288,60624.0,28.0,11.0,27.0
15-04655277,60624.0,28.0,11.0,26.0
15-04621396,60624.0,28.0,11.0,26.0
15-04566742,60624.0,28.0,11.0,26.0
15-04566227,60624.0,28.0,11.0,26.0
15-04566278,60624.0,28.0,11.0,26.0
15-04566702,60624.0,28.0,11.0,26.0
15-04566307,60624.0,28.0,11.0,27.0
15-04566500,60624.0,24.0,11.0,27.0
15-04577700,60624.0,28.0,11.0,26.0
15-04549888,60624.0,24.0,11.0,27.0
15-04549915,60624.0,24.0,11.0,27.0
15-04548074,60624.0,28.0,11.0,27.0
15-04549755,60624.0,28.0,11.0,26.0
15-04530676,60624.0,28.0,11.0,27.0
15-04533646,60624.0,28.0,11.0,26.0
15-04499712,60624.0,28.0,11.0,26.0
15-04499695,60624.0,28.0,11.0,26.0
15-04504391,60624.0,28.0,11.0,27.0
15-04506894,60624.0,28.0,11.0,27.0
15-04481964,60624.0,28.0,11.0,27.0
15-04482630,60624.0,28.0,11.0,27.0
15-04450362,60624.0,28.0,11.0,26.0
15-04414257,60624.0,28.0,11.0,27.0
15-04404784,60624.0,28.0,11.0,27.0
15-04389603,60624.0,28.0,11.0,27.0
15-04354570,60624.0,27.0,11.0,23.0
15-04362391,60624.0,28.0,11.0,27.0
15-04363043,60624.0,24.0,11.0,26.0
15-04354629,60624.0,27.0,11.0,23.0
15-04327588,60624.0,27.0,11.0,23.0
15-04324006,60624.0,28.0,11.0,26.0
15-04324128,60624.0,28.0,11.0,26.0
15-04334518,60624.0,37.0,11.0,23.0
15-04324150,60624.0,28.0,11.0,26.0
15-04329112,60624.0,37.0,11.0,23.0
15-04323968,60624.0,28.0,11.0,26.0
15-04244105,60624.0,27.0,11.0,23.0
15-04244289,60624.0,27.0,11.0,23.0
15-04243831,60624.0,37.0,11.0,23.0
15-04244398,60624.0,27.0,11.0,23.0
15-04243912,60624.0,37.0,11.0,23.0
15-04244288,60624.0,27.0,11.0,23.0
15-04243966,60624.0,37.0,11.0,23.0
15-04244400,60624.0,27.0,11.0,23.0
15-04215572,60624.0,37.0,11.0,23.0
15-04222267,60624.0,28.0,11.0,25.0
15-04220598,60624.0,28.0,11.0,23.0
15-04215556,60624.0,37.0,11.0,23.0
15-04186522,60624.0,27.0,11.0,23.0
15-04110725,60624.0,37.0,11.0,23.0
15-04110720,60624.0,27.0,11.0,23.0
15-04006426,60624.0,28.0,11.0,23.0
15-03912900,60624.0,28.0,11.0,26.0
15-03890891,60624.0,28.0,11.0,26.0
15-03897703,60624.0,24.0,11.0,27.0
15-03837807,60624.0,28.0,11.0,27.0
15-03837749,60624.0,28.0,11.0,27.0
15-03837987,60624.0,28.0,11.0,27.0
15-03837766,60624.0,28.0,11.0,27.0
15-03837976,60624.0,28.0,11.0,27.0
15-03807526,60624.0,37.0,11.0,23.0
15-03781018,60624.0,28.0,11.0,27.0
15-03752705,60624.0,28.0,11.0,26.0
15-03702531,60624.0,28.0,11.0,26.0
15-03690700,60624.0,28.0,11.0,26.0
15-03612674,60624.0,28.0,11.0,26.0
15-03613951,60624.0,24.0,11.0,26.0
15-03546198,60624.0,27.0,11.0,23.0
15-03549229,60624.0,27.0,11.0,23.0
15-03547057,60624.0,24.0,11.0,27.0
15-03549283,60624.0,27.0,11.0,23.0
15-03546688,60624.0,24.0,11.0,27.0
15-03546260,60624.0,27.0,11.0,23.0
15-03549313,60624.0,27.0,11.0,23.0
15-03468814,60624.0,24.0,11.0,29.0
15-03435075,60624.0,24.0,11.0,29.0
15-03392713,60624.0,28.0,11.0,27.0
15-03392681,60624.0,28.0,11.0,27.0
15-03392646,60624.0,28.0,11.0,27.0
15-03326241,60624.0,28.0,11.0,27.0
15-03320964,60624.0,28.0,11.0,27.0
15-03270656,60624.0,28.0,11.0,23.0
15-03253577,60624.0,28.0,11.0,26.0
15-03253550,60624.0,28.0,11.0,27.0
15-03256283,60624.0,24.0,11.0,29.0
15-03230369,60624.0,27.0,11.0,23.0
15-03231465,60624.0,28.0,11.0,26.0
15-03177521,60624.0,28.0,11.0,26.0
15-03177520,60624.0,28.0,11.0,26.0
15-03154120,60624.0,27.0,11.0,23.0
15-03148779,60624.0,28.0,11.0,27.0
15-03109556,60624.0,24.0,11.0,26.0
15-03109559,60624.0,24.0,11.0,26.0
15-03109552,60624.0,28.0,11.0,26.0
15-03109546,60624.0,28.0,11.0,26.0
15-03092331,60624.0,28.0,11.0,27.0
15-03087903,60624.0,24.0,11.0,29.0
15-03089460,60624.0,24.0,11.0,29.0
15-03088020,60624.0,24.0,11.0,29.0
15-03061263,60624.0,24.0,11.0,29.0
15-03061250,60624.0,24.0,11.0,29.0
15-02989332,60624.0,28.0,11.0,26.0
15-02927931,60624.0,28.0,11.0,26.0
15-02927929,60624.0,28.0,11.0,26.0
15-02897123,60624.0,28.0,11.0,26.0
15-02895031,60624.0,24.0,11.0,29.0
15-02798995,60624.0,28.0,11.0,26.0
15-02769023,60624.0,28.0,11.0,27.0
15-02769033,60624.0,28.0,11.0,26.0
15-02755357,60624.0,28.0,11.0,27.0
15-02746477,60624.0,24.0,11.0,27.0
15-02746279,60624.0,27.0,11.0,23.0
15-02746367,60624.0,28.0,11.0,27.0
15-02746773,60624.0,24.0,11.0,26.0
15-02724324,60624.0,24.0,11.0,26.0
15-02724267,60624.0,24.0,11.0,26.0
15-02724334,60624.0,24.0,11.0,26.0
15-02704239,60624.0,28.0,11.0,27.0
15-02704102,60624.0,28.0,11.0,26.0
15-02659930,60624.0,28.0,11.0,27.0
15-02660302,60624.0,24.0,11.0,29.0
15-02633625,60624.0,27.0,11.0,23.0
15-02633620,60624.0,27.0,11.0,23.0
15-02633632,60624.0,27.0,11.0,23.0
15-02633641,60624.0,27.0,11.0,23.0
15-02613242,60624.0,24.0,11.0,29.0
15-02616900,60624.0,28.0,11.0,27.0
15-02620945,60624.0,28.0,11.0,27.0
15-02466911,60624.0,24.0,11.0,29.0
15-02466701,60624.0,28.0,11.0,26.0
15-02466669,60624.0,37.0,11.0,23.0
15-02470227,60624.0,28.0,11.0,26.0
15-02412452,60624.0,28.0,11.0,26.0
15-02412232,60624.0,28.0,11.0,26.0
15-02400659,60624.0,24.0,11.0,26.0
15-02386799,60624.0,28.0,11.0,26.0
15-02324432,60624.0,28.0,11.0,26.0
15-02324402,60624.0,28.0,11.0,26.0
15-02324410,60624.0,28.0,11.0,26.0
15-02324866,60624.0,28.0,11.0,26.0
15-02332937,60624.0,28.0,11.0,26.0
15-02332804,60624.0,28.0,11.0,26.0
15-02332775,60624.0,24.0,11.0,26.0
15-02332774,60624.0,24.0,11.0,26.0
15-02332743,60624.0,24.0,11.0,29.0
15-02333169,60624.0,24.0,11.0,29.0
15-02332850,60624.0,28.0,11.0,26.0
15-02312314,60624.0,24.0,11.0,26.0
15-02288758,60624.0,28.0,11.0,26.0
15-02252729,60624.0,28.0,11.0,26.0
15-02252539,60624.0,24.0,11.0,29.0
15-02252528,60624.0,24.0,11.0,29.0
15-02252706,60624.0,28.0,11.0,26.0
15-02252545,60624.0,24.0,11.0,29.0
15-02252677,60624.0,28.0,11.0,26.0
15-02252742,60624.0,28.0,11.0,26.0
15-02252734,60624.0,28.0,11.0,26.0
15-02252749,60624.0,28.0,11.0,26.0
15-02173335,60624.0,28.0,11.0,26.0
15-02172084,60624.0,37.0,11.0,23.0
15-02171872,60624.0,37.0,11.0,26.0
15-02172030,60624.0,37.0,11.0,23.0
15-02073565,60624.0,28.0,11.0,27.0
15-02076319,60624.0,24.0,11.0,27.0
15-02073591,60624.0,28.0,11.0,27.0
15-02073740,60624.0,28.0,11.0,27.0
15-02073655,60624.0,28.0,11.0,27.0
15-02073702,60624.0,28.0,11.0,27.0
15-02073815,60624.0,28.0,11.0,27.0
15-02073775,60624.0,28.0,11.0,27.0
15-02015614,60624.0,27.0,11.0,23.0
15-01983221,60624.0,24.0,11.0,26.0
15-01979191,60624.0,24.0,11.0,26.0
15-01980285,60624.0,27.0,11.0,23.0
15-01980368,60624.0,27.0,11.0,23.0
15-01949831,60624.0,27.0,11.0,23.0
15-01934633,60624.0,27.0,11.0,23.0
15-01939388,60624.0,24.0,11.0,26.0
15-01922577,60624.0,27.0,11.0,23.0
15-01922567,60624.0,27.0,11.0,23.0
15-01907041,60624.0,24.0,11.0,26.0
15-01905605,60624.0,27.0,11.0,23.0
15-01897288,60624.0,27.0,11.0,23.0
15-01897303,60624.0,27.0,11.0,23.0
15-01897296,60624.0,27.0,11.0,23.0
15-01879908,60624.0,28.0,11.0,27.0
15-01879864,60624.0,28.0,11.0,26.0
15-01879852,60624.0,28.0,11.0,26.0
15-01879859,60624.0,28.0,11.0,26.0
15-01879887,60624.0,28.0,11.0,26.0
15-01879896,60624.0,28.0,11.0,27.0
15-01810214,60624.0,24.0,11.0,27.0
15-01819605,60624.0,24.0,11.0,27.0
15-01750727,60624.0,24.0,11.0,27.0
15-01718352,60624.0,28.0,11.0,26.0
15-01718595,60624.0,28.0,11.0,26.0
15-01718184,60624.0,28.0,11.0,27.0
15-01603659,60624.0,28.0,11.0,27.0
15-01552598,60624.0,24.0,11.0,26.0
15-01552585,60624.0,24.0,11.0,25.0
15-01552605,60624.0,24.0,11.0,26.0
15-01510193,60624.0,24.0,11.0,26.0
15-01498880,60624.0,24.0,11.0,26.0
15-01484789,60624.0,24.0,11.0,26.0
15-01485874,60624.0,27.0,11.0,23.0
15-01486013,60624.0,27.0,11.0,23.0
15-01455765,60624.0,24.0,11.0,26.0
15-01458347,60624.0,27.0,11.0,23.0
15-01457851,60624.0,24.0,11.0,26.0
15-01449004,60624.0,27.0,11.0,26.0
15-01448976,60624.0,28.0,11.0,27.0
15-01395434,60624.0,27.0,11.0,23.0
15-01395477,60624.0,27.0,11.0,23.0
15-01395585,60624.0,27.0,11.0,23.0
15-01357716,60624.0,27.0,11.0,23.0
15-01369490,60624.0,27.0,11.0,23.0
15-01361949,60624.0,27.0,11.0,23.0
15-01369889,60624.0,27.0,11.0,23.0
15-01369683,60624.0,27.0,11.0,23.0
15-01369529,60624.0,27.0,11.0,23.0
15-01369527,60624.0,27.0,11.0,23.0
15-01369490,60624.0,27.0,11.0,23.0
15-01369468,60624.0,27.0,11.0,23.0
15-01339149,60624.0,24.0,11.0,25.0
15-01334598,60624.0,28.0,11.0,27.0
15-01334602,60624.0,28.0,11.0,27.0
15-01334885,60624.0,28.0,11.0,26.0
15-01334648,60624.0,28.0,11.0,26.0
15-01334715,60624.0,28.0,11.0,27.0
15-01324628,60624.0,27.0,11.0,23.0
15-01262551,60624.0,28.0,11.0,26.0
15-01216845,60624.0,27.0,11.0,23.0
15-01207337,60624.0,28.0,11.0,27.0
15-01206404,60624.0,28.0,11.0,27.0
15-01206450,60624.0,27.0,11.0,23.0
15-01188681,60624.0,28.0,11.0,26.0
15-01188669,60624.0,28.0,11.0,26.0
15-01188693,60624.0,28.0,11.0,26.0
15-01188685,60624.0,28.0,11.0,26.0
15-01188399,60624.0,27.0,11.0,23.0
15-01173166,60624.0,28.0,11.0,27.0
15-01173159,60624.0,27.0,11.0,23.0
15-01137768,60624.0,28.0,11.0,27.0
15-01121594,60624.0,24.0,11.0,27.0
15-01114216,60624.0,28.0,11.0,26.0
15-01114200,60624.0,28.0,11.0,26.0
15-01114195,60624.0,28.0,11.0,26.0
15-01113250,60624.0,27.0,11.0,23.0
15-01098267,60624.0,28.0,11.0,27.0
15-00963482,60624.0,28.0,11.0,23.0
15-00962534,60624.0,27.0,11.0,23.0
15-00944329,60624.0,24.0,11.0,26.0
15-00940040,60624.0,28.0,11.0,27.0
15-00940032,60624.0,28.0,11.0,26.0
15-00911628,60624.0,24.0,11.0,26.0
15-00910156,60624.0,24.0,10.0,29.0
15-00882125,60624.0,24.0,11.0,26.0
15-00878576,60624.0,28.0,11.0,27.0
15-00879147,60624.0,27.0,11.0,23.0
15-00879086,60624.0,27.0,11.0,23.0
15-00882159,60624.0,24.0,11.0,26.0
15-00865121,60624.0,24.0,10.0,29.0
15-00838259,60624.0,28.0,11.0,26.0
15-00838251,60624.0,28.0,11.0,26.0
15-00820321,60624.0,24.0,11.0,26.0
15-00802539,60624.0,28.0,11.0,26.0
15-00765831,60624.0,28.0,11.0,27.0
15-00765819,60624.0,28.0,11.0,27.0
15-00708096,60624.0,28.0,11.0,26.0
15-00708101,60624.0,28.0,11.0,26.0
15-00706967,60624.0,28.0,11.0,26.0
15-00706973,60624.0,28.0,11.0,26.0
15-00708067,60624.0,28.0,11.0,26.0
15-00708064,60624.0,28.0,11.0,26.0
15-00708052,60624.0,28.0,11.0,26.0
15-00708008,60624.0,28.0,11.0,26.0
15-00707870,60624.0,28.0,11.0,26.0
15-00643357,60624.0,27.0,11.0,23.0
15-00643322,60624.0,27.0,11.0,23.0
15-00634548,60624.0,28.0,11.0,27.0
15-00616761,60624.0,24.0,11.0,26.0
15-00618795,60624.0,28.0,11.0,26.0
15-00561204,60624.0,28.0,11.0,27.0
15-00561251,60624.0,24.0,11.0,26.0
15-00536446,60624.0,28.0,11.0,26.0
15-00541358,60624.0,28.0,11.0,27.0
15-00525540,60624.0,24.0,11.0,26.0
15-00528566,60624.0,27.0,11.0,23.0
15-00529903,60624.0,28.0,11.0,26.0
15-00529793,60624.0,28.0,11.0,26.0
15-00510475,60624.0,27.0,11.0,23.0
15-00449981,60624.0,28.0,11.0,26.0
15-00450026,60624.0,24.0,11.0,26.0
15-00450289,60624.0,28.0,11.0,26.0
15-00384543,60624.0,24.0,11.0,29.0
15-00384538,60624.0,24.0,11.0,29.0
15-00384559,60624.0,24.0,11.0,29.0
15-00384796,60624.0,24.0,10.0,29.0
15-00384765,60624.0,24.0,10.0,29.0
15-00384806,60624.0,24.0,10.0,29.0
15-00384821,60624.0,24.0,10.0,29.0
15-00384813,60624.0,24.0,10.0,29.0
15-00392183,60624.0,28.0,11.0,26.0
15-00392603,60624.0,28.0,11.0,26.0
15-00392361,60624.0,28.0,11.0,26.0
15-00393497,60624.0,28.0,11.0,27.0
15-00384222,60624.0,24.0,11.0,29.0
15-00384209,60624.0,24.0,11.0,29.0
15-00327030,60624.0,27.0,11.0,23.0
15-00327028,60624.0,27.0,11.0,26.0
15-00327027,60624.0,28.0,11.0,26.0
15-00327022,60624.0,28.0,11.0,26.0
15-00327019,60624.0,28.0,11.0,26.0
15-00327016,60624.0,24.0,11.0,29.0
15-00327011,60624.0,24.0,10.0,29.0
15-00327033,60624.0,27.0,11.0,23.0
15-00307089,60624.0,28.0,11.0,27.0
15-00313828,60624.0,24.0,11.0,26.0
15-00263353,60624.0,24.0,11.0,26.0
15-00254262,60624.0,24.0,11.0,26.0
15-00254299,60624.0,24.0,11.0,26.0
15-00254248,60624.0,24.0,11.0,26.0
15-00245065,60624.0,24.0,11.0,26.0
15-00245067,60624.0,24.0,11.0,26.0
15-00245069,60624.0,24.0,11.0,26.0
15-00216331,60624.0,28.0,11.0,26.0
15-00212199,60624.0,28.0,11.0,26.0
15-00212208,60624.0,28.0,11.0,26.0
15-00166654,60624.0,28.0,11.0,27.0
15-00154895,60624.0,28.0,11.0,27.0
15-00126659,60624.0,24.0,11.0,27.0
15-00126669,60624.0,24.0,11.0,27.0
15-00100146,60624.0,28.0,11.0,23.0
15-00100170,60624.0,28.0,11.0,26.0
15-00100156,60624.0,28.0,11.0,23.0
15-00103724,60624.0,24.0,11.0,29.0
15-00100184,60624.0,28.0,11.0,26.0
15-00100176,60624.0,28.0,11.0,26.0
15-00100209,60624.0,28.0,11.0,26.0
15-00100194,60624.0,28.0,11.0,26.0
15-00105082,60624.0,28.0,11.0,27.0
15-00100230,60624.0,24.0,11.0,26.0
15-00064353,60624.0,28.0,11.0,26.0
15-00064447,60624.0,28.0,11.0,26.0
15-00064430,60624.0,28.0,11.0,26.0
15-00064809,60624.0,28.0,11.0,26.0
15-00064799,60624.0,28.0,11.0,26.0
15-00033917,60624.0,28.0,11.0,26.0
15-00016403,60624.0,28.0,11.0,26.0
15-00016446,60624.0,28.0,11.0,26.0
15-00016437,60624.0,28.0,11.0,26.0
15-00016429,60624.0,28.0,11.0,26.0
15-00016412,60624.0,28.0,11.0,26.0
15-00016424,60624.0,28.0,11.0,26.0
15-00015374,60624.0,27.0,11.0,26.0
15-00015353,60624.0,28.0,11.0,26.0
14-02211092,60624.0,28.0,11.0,27.0
14-02214075,60624.0,28.0,11.0,27.0
14-02206197,60624.0,28.0,11.0,27.0
14-02208576,60624.0,24.0,11.0,26.0
14-02202100,60624.0,28.0,11.0,26.0
14-02196777,60624.0,28.0,11.0,27.0
14-02196604,60624.0,24.0,11.0,26.0
14-02180900,60624.0,27.0,11.0,23.0
14-02184738,60624.0,24.0,11.0,26.0
14-02181647,60624.0,28.0,11.0,26.0
14-02181638,60624.0,28.0,11.0,26.0
14-02177904,60624.0,28.0,11.0,26.0
14-02177902,60624.0,28.0,11.0,26.0
14-02177909,60624.0,28.0,11.0,26.0
14-02177911,60624.0,28.0,11.0,26.0
14-02165426,60624.0,24.0,11.0,26.0
14-02165335,60624.0,28.0,11.0,26.0
14-02164137,60624.0,27.0,11.0,23.0
14-02164367,60624.0,27.0,11.0,23.0
14-02164331,60624.0,27.0,11.0,23.0
14-02164385,60624.0,27.0,11.0,23.0
14-02164392,60624.0,27.0,11.0,23.0
14-02164401,60624.0,27.0,11.0,23.0
14-02158751,60624.0,24.0,11.0,26.0
14-02158761,60624.0,24.0,11.0,26.0
14-02158720,60624.0,28.0,11.0,26.0
14-02158741,60624.0,24.0,11.0,26.0
14-02158733,60624.0,24.0,11.0,26.0
14-02145809,60624.0,28.0,11.0,26.0
14-02106950,60624.0,27.0,11.0,23.0
14-02093103,60624.0,24.0,11.0,26.0
14-02086700,60624.0,24.0,11.0,26.0
14-02080436,60624.0,24.0,11.0,26.0
14-02080279,60624.0,27.0,11.0,23.0
14-02080294,60624.0,27.0,11.0,23.0
14-02066403,60624.0,24.0,11.0,26.0
14-02066379,60624.0,24.0,11.0,26.0
14-02066392,60624.0,24.0,11.0,26.0
14-02042583,60624.0,24.0,11.0,26.0
14-02036963,60624.0,24.0,11.0,26.0
14-02025496,60624.0,27.0,11.0,23.0
14-02025082,60624.0,28.0,11.0,26.0
14-02025492,60624.0,27.0,11.0,23.0
14-02025480,60624.0,28.0,11.0,26.0
14-02025486,60624.0,28.0,11.0,26.0
14-02025071,60624.0,28.0,11.0,26.0
14-02025006,60624.0,28.0,11.0,26.0
14-02025063,60624.0,28.0,11.0,26.0
14-02025037,60624.0,28.0,11.0,26.0
14-02015688,60624.0,28.0,11.0,27.0
14-02011647,60624.0,27.0,11.0,23.0
14-01999738,60624.0,24.0,11.0,29.0
14-01999756,60624.0,24.0,11.0,29.0
14-01992784,60624.0,27.0,11.0,23.0
14-01980673,60624.0,28.0,11.0,27.0
14-01981432,60624.0,28.0,11.0,26.0
14-01984968,60624.0,28.0,11.0,27.0
14-01979741,60624.0,28.0,11.0,27.0
14-01977223,60624.0,28.0,11.0,27.0
14-01970786,60624.0,28.0,11.0,26.0
14-01970795,60624.0,28.0,11.0,27.0
14-01969800,60624.0,24.0,11.0,29.0
14-01970891,60624.0,28.0,11.0,27.0
14-01970876,60624.0,28.0,11.0,26.0
14-01969319,60624.0,24.0,11.0,29.0
14-01969348,60624.0,24.0,11.0,29.0
14-01968509,60624.0,28.0,11.0,26.0
14-01968489,60624.0,28.0,11.0,27.0
14-01965917,60624.0,28.0,11.0,26.0
14-01959148,60624.0,28.0,11.0,26.0
14-01952748,60624.0,28.0,11.0,27.0
14-01947063,60624.0,28.0,11.0,27.0
14-01947060,60624.0,28.0,11.0,27.0
14-01923881,60624.0,28.0,11.0,27.0
14-01908555,60624.0,24.0,11.0,29.0
14-01896846,60624.0,24.0,11.0,26.0
14-01871408,60624.0,28.0,11.0,26.0
14-01868810,60624.0,28.0,11.0,27.0
14-01875685,60624.0,28.0,11.0,26.0
14-01875690,60624.0,28.0,11.0,26.0
14-01863956,60624.0,28.0,11.0,27.0
14-01849012,60624.0,24.0,11.0,26.0
14-01804245,60624.0,28.0,11.0,26.0
14-01794447,60624.0,27.0,11.0,23.0
14-01782464,60624.0,27.0,11.0,23.0
14-01751985,60624.0,28.0,11.0,27.0
14-01739941,60624.0,24.0,11.0,26.0
14-01720099,60624.0,27.0,11.0,23.0
14-01719701,60624.0,27.0,11.0,23.0
14-01669542,60624.0,27.0,11.0,23.0
14-01658660,60624.0,27.0,11.0,23.0
14-01650797,60624.0,28.0,11.0,26.0
14-01642037,60624.0,27.0,11.0,23.0
14-01627300,60624.0,28.0,11.0,27.0
14-01627308,60624.0,28.0,11.0,27.0
14-01594807,60624.0,27.0,11.0,23.0
14-01594649,60624.0,28.0,11.0,26.0
14-01573827,60624.0,28.0,11.0,23.0
14-01573899,60624.0,28.0,11.0,23.0
14-01574182,60624.0,28.0,11.0,23.0
14-01573971,60624.0,28.0,11.0,23.0
14-01573472,60624.0,28.0,11.0,27.0
14-01574542,60624.0,28.0,11.0,27.0
14-01569772,60624.0,28.0,11.0,23.0
14-01568086,60624.0,28.0,11.0,27.0
14-01568048,60624.0,28.0,11.0,27.0
14-01567972,60624.0,28.0,11.0,23.0
14-01567911,60624.0,27.0,11.0,23.0
14-01568200,60624.0,28.0,11.0,23.0
14-01568480,60624.0,28.0,11.0,23.0
14-01568569,60624.0,28.0,11.0,23.0
14-01572936,60624.0,28.0,11.0,27.0
14-01552977,60624.0,27.0,11.0,23.0
14-01552466,60624.0,27.0,11.0,23.0
14-01538230,60624.0,27.0,11.0,23.0
14-01538225,60624.0,27.0,11.0,23.0
14-01517811,60624.0,28.0,11.0,26.0
14-01486797,60624.0,24.0,11.0,26.0
14-01486755,60624.0,24.0,11.0,29.0
14-01486770,60624.0,24.0,11.0,26.0
14-01486804,60624.0,24.0,11.0,26.0
14-01486828,60624.0,24.0,11.0,29.0
14-01485723,60624.0,28.0,11.0,26.0
14-01479677,60624.0,24.0,11.0,26.0
14-01479842,60624.0,24.0,11.0,26.0
14-01479835,60624.0,24.0,11.0,26.0
14-01479853,60624.0,24.0,11.0,26.0
14-01483628,60624.0,28.0,11.0,23.0
14-01472257,60624.0,24.0,11.0,26.0
14-01461131,60624.0,28.0,11.0,27.0
14-01461113,60624.0,28.0,11.0,27.0
14-01455380,60624.0,28.0,11.0,26.0
14-01434740,60624.0,28.0,11.0,26.0
14-01416830,60624.0,28.0,11.0,26.0
14-01420343,60624.0,24.0,11.0,27.0
14-01419742,60624.0,24.0,11.0,27.0
14-01401543,60624.0,24.0,11.0,25.0
14-01384848,60624.0,28.0,11.0,26.0
14-01384839,60624.0,28.0,11.0,26.0
14-01384845,60624.0,28.0,11.0,26.0
14-01384695,60624.0,28.0,11.0,26.0
14-01384451,60624.0,28.0,11.0,26.0
14-01384715,60624.0,28.0,11.0,26.0
14-01384812,60624.0,28.0,11.0,27.0
14-01385956,60624.0,28.0,11.0,26.0
14-01376816,60624.0,24.0,11.0,27.0
14-01360003,60624.0,24.0,11.0,26.0
14-01359979,60624.0,24.0,11.0,26.0
14-01330415,60624.0,28.0,11.0,27.0
14-01313040,60624.0,24.0,11.0,29.0
14-01314569,60624.0,28.0,11.0,27.0
14-01313033,60624.0,24.0,11.0,29.0
14-01289851,60624.0,24.0,11.0,26.0
14-01207868,60624.0,27.0,11.0,23.0
14-01196661,60624.0,28.0,11.0,26.0
14-01160867,60624.0,24.0,11.0,27.0
14-01129992,60624.0,24.0,11.0,27.0
14-01024129,60624.0,24.0,11.0,27.0
14-01014422,60624.0,24.0,11.0,27.0
14-00983736,60624.0,24.0,11.0,26.0
14-00947483,60624.0,28.0,11.0,26.0
14-00919034,60624.0,24.0,11.0,26.0
14-00906135,60624.0,24.0,11.0,26.0
14-00867358,60624.0,28.0,11.0,27.0
14-00866284,60624.0,24.0,11.0,26.0
14-00860943,60624.0,24.0,10.0,29.0
14-00840490,60624.0,27.0,11.0,23.0
14-00809819,60624.0,24.0,11.0,26.0
14-00794172,60624.0,24.0,11.0,27.0
14-00795439,60624.0,24.0,11.0,27.0
14-00755615,60624.0,28.0,11.0,23.0
14-00752314,60624.0,27.0,11.0,23.0
14-00742842,60624.0,24.0,11.0,27.0
14-00749045,60624.0,28.0,11.0,26.0
14-00735761,60624.0,24.0,11.0,26.0
14-00735734,60624.0,24.0,11.0,26.0
14-00736497,60624.0,27.0,11.0,23.0
14-00716611,60624.0,28.0,11.0,27.0
14-00709615,60624.0,28.0,11.0,26.0
14-00700078,60624.0,24.0,11.0,26.0
14-00700129,60624.0,24.0,11.0,27.0
14-00678984,60624.0,24.0,11.0,26.0
14-00674648,60624.0,28.0,11.0,27.0
14-00672994,60624.0,24.0,11.0,26.0
14-00675518,60624.0,28.0,11.0,23.0
14-00675456,60624.0,28.0,11.0,23.0
14-00668740,60624.0,24.0,11.0,27.0
14-00669280,60624.0,24.0,11.0,27.0
14-00657176,60624.0,28.0,11.0,26.0
14-00657169,60624.0,28.0,11.0,26.0
14-00657285,60624.0,28.0,11.0,26.0
14-00657238,60624.0,28.0,11.0,26.0
14-00657191,60624.0,28.0,11.0,26.0
14-00657355,60624.0,28.0,11.0,26.0
14-00657342,60624.0,28.0,11.0,26.0
14-00648931,60624.0,28.0,11.0,27.0
14-00648422,60624.0,24.0,11.0,26.0
14-00648405,60624.0,24.0,11.0,26.0
14-00639831,60624.0,24.0,11.0,25.0
14-00602100,60624.0,28.0,11.0,27.0
14-00600227,60624.0,28.0,11.0,26.0
14-00600222,60624.0,28.0,11.0,27.0
14-00600756,60624.0,28.0,11.0,26.0
14-00600811,60624.0,28.0,11.0,26.0
14-00600780,60624.0,28.0,11.0,26.0
14-00600779,60624.0,28.0,11.0,26.0
14-00600828,60624.0,28.0,11.0,26.0
14-00600837,60624.0,28.0,11.0,26.0
14-00600817,60624.0,28.0,11.0,26.0
14-00600846,60624.0,28.0,11.0,26.0
14-00600859,60624.0,28.0,11.0,26.0
14-00600888,60624.0,28.0,11.0,27.0
14-00600871,60624.0,27.0,11.0,26.0
14-00600879,60624.0,27.0,11.0,26.0
14-00595351,60624.0,28.0,11.0,27.0
14-00588929,60624.0,24.0,11.0,26.0
14-00580949,60624.0,24.0,11.0,25.0
14-00566123,60624.0,27.0,11.0,23.0
14-00555696,60624.0,24.0,11.0,26.0
14-00555720,60624.0,24.0,11.0,26.0
14-00542419,60624.0,28.0,11.0,26.0
14-00542402,60624.0,28.0,11.0,26.0
14-00535733,60624.0,28.0,11.0,27.0
14-00525024,60624.0,24.0,11.0,26.0
14-00524719,60624.0,24.0,11.0,27.0
14-00526135,60624.0,27.0,11.0,23.0
14-00520314,60624.0,24.0,11.0,27.0
14-00509469,60624.0,24.0,11.0,26.0
14-00507234,60624.0,24.0,11.0,26.0
14-00509440,60624.0,24.0,11.0,26.0
14-00507450,60624.0,24.0,11.0,27.0
14-00500120,60624.0,24.0,11.0,27.0
14-00499242,60624.0,28.0,11.0,27.0
14-00493229,60624.0,24.0,11.0,27.0
14-00488428,60624.0,28.0,11.0,27.0
14-00477562,60624.0,24.0,11.0,29.0
14-00469913,60624.0,24.0,10.0,29.0
14-00457282,60624.0,28.0,11.0,27.0
14-00454630,60624.0,27.0,11.0,23.0
14-00389806,60624.0,24.0,11.0,27.0
14-00384139,60624.0,28.0,11.0,27.0
14-00387252,60624.0,24.0,11.0,29.0
14-00380198,60624.0,28.0,11.0,26.0
14-00376859,60624.0,24.0,11.0,26.0
14-00376836,60624.0,24.0,11.0,26.0
14-00376822,60624.0,24.0,11.0,26.0
14-00376812,60624.0,24.0,11.0,26.0
14-00376790,60624.0,24.0,11.0,26.0
14-00376895,60624.0,24.0,11.0,26.0
14-00367848,60624.0,24.0,11.0,27.0
14-00367694,60624.0,24.0,11.0,27.0
14-00357147,60624.0,28.0,11.0,26.0
14-00357420,60624.0,24.0,11.0,26.0
14-00357475,60624.0,24.0,11.0,26.0
14-00354390,60624.0,24.0,11.0,26.0
14-00350541,60624.0,24.0,11.0,26.0
14-00339053,60624.0,28.0,11.0,27.0
14-00333097,60624.0,24.0,11.0,26.0
14-00328259,60624.0,28.0,11.0,26.0
14-00324195,60624.0,28.0,11.0,26.0
14-00326991,60624.0,24.0,11.0,27.0
14-00318482,60624.0,28.0,11.0,26.0
14-00303059,60624.0,24.0,11.0,26.0
14-00299562,60624.0,24.0,11.0,26.0
14-00294659,60624.0,27.0,11.0,23.0
14-00280287,60624.0,28.0,11.0,26.0
14-00249524,60624.0,28.0,11.0,26.0
14-00237820,60624.0,24.0,11.0,27.0
14-00237821,60624.0,24.0,11.0,27.0
14-00223217,60624.0,24.0,10.0,29.0
14-00224833,60624.0,28.0,11.0,27.0
14-00216395,60624.0,28.0,11.0,27.0
14-00156003,60624.0,28.0,11.0,27.0
14-00155612,60624.0,28.0,11.0,27.0
14-00146143,60624.0,24.0,11.0,26.0
14-00148293,60624.0,24.0,11.0,27.0
14-00150751,60624.0,24.0,11.0,26.0
14-00150740,60624.0,24.0,11.0,27.0
14-00140209,60624.0,24.0,11.0,26.0
14-00140333,60624.0,27.0,11.0,23.0
14-00128077,60624.0,24.0,11.0,26.0
14-00123266,60624.0,28.0,11.0,27.0
14-00113749,60624.0,24.0,11.0,26.0
14-00113716,60624.0,24.0,11.0,26.0
14-00078179,60624.0,24.0,11.0,27.0
14-00070205,60624.0,24.0,11.0,26.0
14-00070197,60624.0,27.0,11.0,23.0
14-00070191,60624.0,24.0,11.0,29.0
14-00070042,60624.0,24.0,11.0,27.0
14-00060438,60624.0,28.0,11.0,26.0
14-00038077,60624.0,24.0,11.0,29.0
14-00029282,60624.0,28.0,11.0,27.0
14-00011715,60624.0,24.0,11.0,29.0
13-01899449,60624.0,24.0,11.0,27.0
13-01900535,60624.0,28.0,11.0,27.0
13-01895541,60624.0,28.0,11.0,27.0
13-01895546,60624.0,28.0,11.0,27.0
13-01895548,60624.0,28.0,11.0,27.0
13-01895640,60624.0,28.0,11.0,27.0
13-01875943,60624.0,24.0,11.0,27.0
13-01872273,60624.0,24.0,11.0,26.0
13-01856334,60624.0,28.0,11.0,27.0
13-01852589,60624.0,28.0,11.0,26.0
13-01832869,60624.0,24.0,11.0,26.0
13-01818019,60624.0,28.0,11.0,26.0
13-01816566,60624.0,24.0,11.0,26.0
13-01798319,60624.0,28.0,11.0,27.0
13-01797432,60624.0,24.0,11.0,27.0
13-01798716,60624.0,28.0,11.0,27.0
13-01799640,60624.0,28.0,11.0,27.0
13-01798710,60624.0,28.0,11.0,27.0
13-01798707,60624.0,28.0,11.0,27.0
13-01798693,60624.0,28.0,11.0,27.0
13-01798690,60624.0,28.0,11.0,27.0
13-01794933,60624.0,24.0,11.0,26.0
13-01789047,60624.0,24.0,11.0,29.0
13-01772185,60624.0,24.0,11.0,29.0
13-01771469,60624.0,24.0,11.0,26.0
13-01766686,60624.0,27.0,11.0,23.0
13-01779442,60624.0,24.0,11.0,29.0
13-01779418,60624.0,24.0,11.0,29.0
13-01764514,60624.0,24.0,11.0,29.0
13-01764522,60624.0,24.0,10.0,29.0
13-01754276,60624.0,24.0,11.0,27.0
13-01756708,60624.0,28.0,11.0,26.0
13-01756729,60624.0,28.0,11.0,26.0
13-01756722,60624.0,28.0,11.0,26.0
13-01756707,60624.0,28.0,11.0,26.0
13-01756699,60624.0,28.0,11.0,26.0
13-01756696,60624.0,28.0,11.0,26.0
13-01743914,60624.0,24.0,11.0,25.0
13-01714832,60624.0,28.0,11.0,27.0
13-01691220,60624.0,24.0,11.0,26.0
13-01683891,60624.0,28.0,11.0,27.0
13-01670564,60624.0,24.0,11.0,26.0
13-01670548,60624.0,24.0,11.0,27.0
13-01650181,60624.0,28.0,11.0,26.0
13-01650178,60624.0,28.0,11.0,26.0
13-01650160,60624.0,28.0,11.0,26.0
13-01650172,60624.0,28.0,11.0,26.0
13-01650166,60624.0,28.0,11.0,26.0
13-01650184,60624.0,28.0,11.0,26.0
13-01650192,60624.0,28.0,11.0,26.0
13-01649979,60624.0,28.0,11.0,27.0
13-01645985,60624.0,28.0,11.0,26.0
13-01639746,60624.0,24.0,11.0,27.0
13-01638639,60624.0,24.0,11.0,27.0
13-01634294,60624.0,24.0,11.0,29.0
13-01632890,60624.0,28.0,11.0,26.0
13-01623667,60624.0,27.0,11.0,23.0
13-01621028,60624.0,28.0,11.0,27.0
13-01609523,60624.0,27.0,11.0,23.0
13-01595574,60624.0,28.0,11.0,26.0
13-01587567,60624.0,28.0,11.0,26.0
13-01565417,60624.0,28.0,11.0,27.0
13-01559423,60624.0,28.0,11.0,23.0
13-01545475,60624.0,28.0,11.0,27.0
13-01544785,60624.0,24.0,11.0,29.0
13-01547706,60624.0,28.0,11.0,23.0
13-01545477,60624.0,28.0,11.0,27.0
13-01518787,60624.0,24.0,11.0,29.0
13-01499417,60624.0,24.0,11.0,27.0
13-01498757,60624.0,24.0,11.0,27.0
13-01498740,60624.0,24.0,11.0,27.0
13-01498773,60624.0,24.0,11.0,27.0
13-01498811,60624.0,24.0,11.0,27.0
13-01498797,60624.0,24.0,11.0,27.0
13-01490307,60624.0,24.0,11.0,27.0
13-01485449,60624.0,27.0,11.0,23.0
13-01470655,60624.0,28.0,11.0,27.0
13-01455862,60624.0,27.0,11.0,23.0
13-01452404,60624.0,28.0,11.0,27.0
13-01438996,60624.0,28.0,11.0,27.0
13-01435639,60624.0,24.0,11.0,27.0
13-01422786,60624.0,24.0,11.0,27.0
13-01422778,60624.0,24.0,11.0,27.0
13-01404943,60624.0,24.0,11.0,26.0
13-01387923,60624.0,28.0,11.0,26.0
13-01387596,60624.0,28.0,11.0,26.0
13-01387571,60624.0,28.0,11.0,26.0
13-01387561,60624.0,28.0,11.0,26.0
13-01387681,60624.0,28.0,11.0,26.0
13-01387600,60624.0,28.0,11.0,26.0
13-01390878,60624.0,24.0,11.0,26.0
13-01375795,60624.0,28.0,11.0,26.0
13-01380919,60624.0,28.0,11.0,27.0
13-01377622,60624.0,28.0,11.0,26.0
13-01375836,60624.0,28.0,11.0,26.0
13-01377932,60624.0,28.0,11.0,26.0
13-01377986,60624.0,28.0,11.0,26.0
13-01378019,60624.0,28.0,11.0,26.0
13-01377981,60624.0,28.0,11.0,26.0
13-01377939,60624.0,28.0,11.0,26.0
13-01377999,60624.0,28.0,11.0,26.0
13-01378043,60624.0,28.0,11.0,27.0
13-01378122,60624.0,28.0,11.0,27.0
13-01378079,60624.0,28.0,11.0,27.0
13-01378106,60624.0,28.0,11.0,27.0
13-01378080,60624.0,28.0,11.0,27.0
13-01358418,60624.0,27.0,11.0,23.0
13-01358269,60624.0,28.0,11.0,23.0
13-01352657,60624.0,27.0,11.0,23.0
13-01352674,60624.0,28.0,11.0,26.0
13-01337210,60624.0,28.0,11.0,23.0
13-01328237,60624.0,28.0,11.0,26.0
13-01328464,60624.0,24.0,11.0,26.0
13-01314494,60624.0,28.0,11.0,26.0
13-01314003,60624.0,28.0,11.0,27.0
13-01321684,60624.0,28.0,11.0,26.0
13-01321741,60624.0,24.0,11.0,26.0
13-01273514,60624.0,28.0,11.0,27.0
13-01246942,60624.0,28.0,11.0,26.0
13-01246862,60624.0,28.0,11.0,26.0
13-01246896,60624.0,28.0,11.0,26.0
13-01246998,60624.0,28.0,11.0,26.0
13-01246995,60624.0,28.0,11.0,26.0
13-01246967,60624.0,28.0,11.0,26.0
13-01246955,60624.0,28.0,11.0,26.0
13-01247009,60624.0,28.0,11.0,26.0
13-01247981,60624.0,28.0,11.0,26.0
13-01244579,60624.0,27.0,11.0,23.0
13-01239314,60624.0,28.0,11.0,26.0
13-01238808,60624.0,28.0,11.0,26.0
13-01239258,60624.0,28.0,11.0,26.0
13-01239370,60624.0,28.0,11.0,26.0
13-01241657,60624.0,27.0,11.0,26.0
13-01241649,60624.0,27.0,11.0,26.0
13-01241624,60624.0,27.0,11.0,26.0
13-01241643,60624.0,27.0,11.0,26.0
13-01241637,60624.0,28.0,11.0,26.0
13-01230588,60624.0,28.0,11.0,26.0
13-01210335,60624.0,24.0,11.0,29.0
13-01193913,60624.0,28.0,11.0,26.0
13-01193922,60624.0,28.0,11.0,26.0
13-01178620,60624.0,28.0,11.0,23.0
13-01183610,60624.0,27.0,11.0,26.0
13-01179177,60624.0,28.0,11.0,26.0
13-01179181,60624.0,28.0,11.0,26.0
13-01179207,60624.0,28.0,11.0,27.0
13-01179200,60624.0,24.0,11.0,27.0
13-01179193,60624.0,28.0,11.0,26.0
13-01179291,60624.0,27.0,11.0,23.0
13-01179249,60624.0,27.0,11.0,23.0
13-01179225,60624.0,27.0,11.0,23.0
13-01179269,60624.0,27.0,11.0,23.0
13-01179285,60624.0,27.0,11.0,23.0
13-01176675,60624.0,24.0,11.0,26.0
13-01177484,60624.0,28.0,11.0,26.0
13-01177504,60624.0,28.0,11.0,26.0
13-01178048,60624.0,24.0,11.0,26.0
13-01178034,60624.0,24.0,11.0,26.0
13-01178016,60624.0,24.0,11.0,26.0
13-01178004,60624.0,28.0,11.0,26.0
13-01178011,60624.0,28.0,11.0,26.0
13-01178071,60624.0,24.0,11.0,26.0
13-01178061,60624.0,24.0,11.0,26.0
13-01178051,60624.0,24.0,11.0,26.0
13-01178074,60624.0,28.0,11.0,26.0
13-01177173,60624.0,28.0,11.0,26.0
13-01177395,60624.0,28.0,11.0,26.0
13-01166251,60624.0,24.0,11.0,26.0
13-01169189,60624.0,27.0,11.0,23.0
13-01180678,60624.0,24.0,11.0,27.0
13-01180667,60624.0,24.0,11.0,26.0
13-01180621,60624.0,24.0,11.0,27.0
13-01180817,60624.0,24.0,11.0,26.0
13-01168918,60624.0,28.0,11.0,27.0
13-01166810,60624.0,28.0,11.0,26.0
13-01166779,60624.0,28.0,11.0,27.0
13-01166873,60624.0,28.0,11.0,26.0
13-01166839,60624.0,28.0,11.0,26.0
13-01166822,60624.0,28.0,11.0,26.0
13-01166867,60624.0,28.0,11.0,26.0
13-01166844,60624.0,28.0,11.0,26.0
13-01166855,60624.0,28.0,11.0,26.0
13-01166944,60624.0,28.0,11.0,23.0
13-01166879,60624.0,28.0,11.0,26.0
13-01166891,60624.0,28.0,11.0,26.0
13-01166916,60624.0,28.0,11.0,26.0
13-01166907,60624.0,28.0,11.0,26.0
13-01166962,60624.0,28.0,11.0,27.0
13-01167018,60624.0,28.0,11.0,27.0
13-01162243,60624.0,24.0,11.0,26.0
13-01161456,60624.0,28.0,11.0,26.0
13-01161673,60624.0,28.0,11.0,26.0
13-01158024,60624.0,24.0,11.0,26.0
13-01158017,60624.0,24.0,11.0,26.0
13-01158042,60624.0,24.0,11.0,26.0
13-01158033,60624.0,24.0,11.0,26.0
13-01158031,60624.0,24.0,11.0,26.0
13-01164170,60624.0,24.0,11.0,26.0
13-01160235,60624.0,24.0,11.0,26.0
13-01161494,60624.0,28.0,11.0,26.0
13-01163262,60624.0,27.0,11.0,23.0
13-01169201,60624.0,24.0,11.0,27.0
13-01168779,60624.0,24.0,11.0,27.0
13-01168874,60624.0,24.0,11.0,27.0
13-01168810,60624.0,24.0,11.0,27.0
13-01168802,60624.0,24.0,11.0,27.0
13-01168852,60624.0,24.0,11.0,27.0
13-01168817,60624.0,24.0,11.0,27.0
13-01168839,60624.0,24.0,11.0,27.0
13-01169266,60624.0,28.0,11.0,27.0
13-01169229,60624.0,24.0,11.0,27.0
13-01169220,60624.0,24.0,11.0,27.0
13-01169258,60624.0,28.0,11.0,27.0
13-01169238,60624.0,24.0,11.0,27.0
13-01160849,60624.0,24.0,11.0,27.0
13-01160814,60624.0,24.0,11.0,27.0
13-01163387,60624.0,27.0,11.0,23.0
13-01160786,60624.0,24.0,11.0,27.0
13-01160735,60624.0,24.0,11.0,27.0
13-01160700,60624.0,24.0,11.0,27.0
13-01160676,60624.0,24.0,11.0,27.0
13-01160764,60624.0,24.0,11.0,27.0
13-01163042,60624.0,27.0,11.0,23.0
13-01162631,60624.0,24.0,11.0,26.0
13-01162624,60624.0,27.0,11.0,23.0
13-01160964,60624.0,24.0,11.0,27.0
13-01160904,60624.0,24.0,11.0,27.0
13-01162916,60624.0,28.0,11.0,26.0
13-01162805,60624.0,28.0,11.0,26.0
13-01162800,60624.0,28.0,11.0,26.0
13-01162783,60624.0,28.0,11.0,26.0
13-01162895,60624.0,24.0,11.0,26.0
13-01162870,60624.0,24.0,11.0,26.0
13-01163029,60624.0,27.0,11.0,23.0
13-01162950,60624.0,28.0,11.0,26.0
13-01163024,60624.0,27.0,11.0,23.0
13-01162982,60624.0,27.0,11.0,23.0
13-01163239,60624.0,28.0,11.0,26.0
13-01163077,60624.0,27.0,11.0,23.0
13-01163233,60624.0,24.0,11.0,26.0
13-01163227,60624.0,27.0,11.0,23.0
13-01163211,60624.0,24.0,11.0,26.0
13-01163200,60624.0,28.0,11.0,26.0
13-01163223,60624.0,24.0,11.0,26.0
13-01163217,60624.0,27.0,11.0,23.0
13-01163246,60624.0,27.0,11.0,23.0
13-01158177,60624.0,28.0,11.0,26.0
13-01158174,60624.0,28.0,11.0,26.0
13-01158135,60624.0,28.0,11.0,26.0
13-01158158,60624.0,28.0,11.0,26.0
13-01158139,60624.0,28.0,11.0,26.0
13-01158152,60624.0,28.0,11.0,26.0
13-01158277,60624.0,27.0,11.0,23.0
13-01160319,60624.0,24.0,11.0,26.0
13-01160496,60624.0,24.0,11.0,29.0
13-01160474,60624.0,24.0,11.0,26.0
13-01160423,60624.0,24.0,11.0,26.0
13-01158301,60624.0,27.0,11.0,23.0
13-01160558,60624.0,24.0,11.0,27.0
13-01158291,60624.0,27.0,11.0,23.0
13-01158324,60624.0,27.0,11.0,23.0
13-01158305,60624.0,27.0,11.0,23.0
13-01158310,60624.0,27.0,11.0,23.0
13-01158340,60624.0,27.0,11.0,23.0
13-01158331,60624.0,27.0,11.0,23.0
13-01167609,60624.0,24.0,11.0,26.0
13-01167648,60624.0,28.0,11.0,26.0
13-01167637,60624.0,28.0,11.0,26.0
13-01167628,60624.0,24.0,11.0,26.0
13-01167624,60624.0,24.0,11.0,26.0
13-01167725,60624.0,24.0,11.0,26.0
13-01167663,60624.0,28.0,11.0,26.0
13-01167650,60624.0,28.0,11.0,26.0
13-01167713,60624.0,24.0,11.0,26.0
13-01167677,60624.0,28.0,11.0,26.0
13-01167705,60624.0,24.0,11.0,26.0
13-01167681,60624.0,28.0,11.0,26.0
13-01167791,60624.0,24.0,11.0,26.0
13-01167760,60624.0,24.0,11.0,26.0
13-01167740,60624.0,24.0,11.0,26.0
13-01168304,60624.0,24.0,11.0,27.0
13-01168322,60624.0,24.0,11.0,27.0
13-01160285,60624.0,24.0,11.0,26.0
13-01160249,60624.0,24.0,11.0,26.0
13-01159271,60624.0,24.0,11.0,27.0
13-01159163,60624.0,24.0,11.0,27.0
13-01159262,60624.0,24.0,11.0,27.0
13-01163298,60624.0,28.0,11.0,26.0
13-01159201,60624.0,24.0,11.0,26.0
13-01159198,60624.0,24.0,11.0,29.0
13-01159181,60624.0,24.0,11.0,27.0
13-01159176,60624.0,24.0,11.0,26.0
13-01159193,60624.0,24.0,11.0,27.0
13-01159189,60624.0,24.0,11.0,26.0
13-01159257,60624.0,24.0,11.0,27.0
13-01159218,60624.0,24.0,11.0,26.0
13-01159210,60624.0,24.0,11.0,26.0
13-01159253,60624.0,24.0,11.0,27.0
13-01159222,60624.0,24.0,11.0,27.0
13-01159235,60624.0,24.0,11.0,27.0
13-01159227,60624.0,24.0,11.0,26.0
13-01159437,60624.0,24.0,11.0,29.0
13-01159282,60624.0,24.0,11.0,27.0
13-01159402,60624.0,24.0,11.0,26.0
13-01159288,60624.0,24.0,11.0,27.0
13-01159313,60624.0,24.0,11.0,27.0
13-01159395,60624.0,28.0,11.0,26.0
13-01159332,60624.0,24.0,11.0,29.0
13-01159321,60624.0,24.0,11.0,27.0
13-01159390,60624.0,28.0,11.0,26.0
13-01159353,60624.0,24.0,11.0,26.0
13-01159379,60624.0,24.0,11.0,26.0
13-01159377,60624.0,24.0,11.0,26.0
13-01159514,60624.0,24.0,10.0,29.0
13-01159704,60624.0,24.0,11.0,26.0
13-01159636,60624.0,24.0,11.0,27.0
13-01159827,60624.0,24.0,11.0,26.0
13-01159767,60624.0,24.0,11.0,26.0
13-01159943,60624.0,24.0,11.0,26.0
13-01159903,60624.0,24.0,11.0,26.0
13-01159933,60624.0,24.0,11.0,26.0
13-01163373,60624.0,27.0,11.0,23.0
13-01163358,60624.0,27.0,11.0,23.0
13-01158205,60624.0,27.0,11.0,23.0
13-01158121,60624.0,27.0,11.0,23.0
13-01158087,60624.0,27.0,11.0,23.0
13-01155198,60624.0,27.0,11.0,23.0
13-01155244,60624.0,28.0,11.0,23.0
13-01155221,60624.0,27.0,11.0,23.0
13-01158066,60624.0,27.0,11.0,23.0
13-01157976,60624.0,27.0,11.0,23.0
13-01157893,60624.0,27.0,11.0,23.0
13-01157803,60624.0,27.0,11.0,23.0
13-01160963,60624.0,28.0,11.0,26.0
13-01160962,60624.0,28.0,11.0,26.0
13-01160273,60624.0,28.0,11.0,26.0
13-01160873,60624.0,28.0,11.0,26.0
13-01160299,60624.0,28.0,11.0,26.0
13-01160858,60624.0,28.0,11.0,26.0
13-01160807,60624.0,24.0,11.0,26.0
13-01160992,60624.0,24.0,11.0,26.0
13-01160975,60624.0,28.0,11.0,26.0
13-01157668,60624.0,27.0,11.0,23.0
13-01155221,60624.0,27.0,11.0,23.0
13-01155127,60624.0,28.0,11.0,23.0
13-01157914,60624.0,27.0,11.0,23.0
13-01158194,60624.0,27.0,11.0,23.0
13-01158150,60624.0,27.0,11.0,23.0
13-01158167,60624.0,27.0,11.0,23.0
13-01155546,60624.0,28.0,11.0,23.0
13-01155127,60624.0,28.0,11.0,23.0
13-01159419,60624.0,28.0,11.0,26.0
13-01158256,60624.0,27.0,11.0,23.0
13-01158208,60624.0,27.0,11.0,23.0
13-01158262,60624.0,27.0,11.0,23.0
13-01147422,60624.0,28.0,11.0,26.0
13-01112798,60624.0,28.0,11.0,27.0
13-01104238,60624.0,28.0,11.0,26.0
13-01095796,60624.0,28.0,11.0,23.0
13-01096154,60624.0,28.0,11.0,26.0
13-01098484,60624.0,27.0,11.0,23.0
13-01086267,60624.0,24.0,10.0,29.0
13-01086290,60624.0,24.0,10.0,29.0
13-01086285,60624.0,24.0,10.0,29.0
13-01087995,60624.0,24.0,10.0,29.0
13-01088730,60624.0,24.0,10.0,29.0
13-01087621,60624.0,24.0,10.0,29.0
13-01087738,60624.0,24.0,10.0,29.0
13-01087810,60624.0,24.0,10.0,29.0
13-01065609,60624.0,24.0,11.0,29.0
13-01030188,60624.0,24.0,11.0,26.0
13-01030703,60624.0,28.0,11.0,26.0
13-01015027,60624.0,28.0,11.0,27.0
13-00998732,60624.0,24.0,10.0,29.0
13-00993364,60624.0,28.0,11.0,27.0
13-00985479,60624.0,28.0,11.0,26.0
13-00985404,60624.0,28.0,11.0,26.0
13-00985459,60624.0,28.0,11.0,26.0
13-00985452,60624.0,28.0,11.0,26.0
13-00985430,60624.0,28.0,11.0,26.0
13-00985422,60624.0,28.0,11.0,26.0
13-00973861,60624.0,28.0,11.0,27.0
13-00973898,60624.0,28.0,11.0,27.0
13-00973869,60624.0,28.0,11.0,26.0
13-00973868,60624.0,27.0,11.0,26.0
13-00973890,60624.0,28.0,11.0,26.0
13-00973887,60624.0,27.0,11.0,26.0
13-00973836,60624.0,28.0,11.0,26.0
13-00966769,60624.0,24.0,11.0,26.0
13-00966680,60624.0,24.0,11.0,26.0
13-00966886,60624.0,24.0,11.0,26.0
13-00963768,60624.0,24.0,11.0,26.0
13-00957837,60624.0,28.0,11.0,27.0
13-00940831,60624.0,28.0,11.0,26.0
13-00943509,60624.0,28.0,11.0,26.0
13-00938657,60624.0,28.0,11.0,26.0
13-00926454,60624.0,28.0,11.0,27.0
13-00917988,60624.0,24.0,11.0,26.0
13-00902021,60624.0,28.0,11.0,26.0
13-00908635,60624.0,28.0,11.0,26.0
13-00898381,60624.0,24.0,11.0,26.0
13-00893603,60624.0,28.0,11.0,26.0
13-00893556,60624.0,28.0,11.0,26.0
13-00893591,60624.0,28.0,11.0,26.0
13-00898522,60624.0,24.0,11.0,29.0
13-00866043,60624.0,28.0,11.0,26.0
13-00866042,60624.0,28.0,11.0,26.0
13-00866050,60624.0,28.0,11.0,26.0
13-00866052,60624.0,28.0,11.0,26.0
13-00844284,60624.0,28.0,11.0,26.0
13-00847247,60624.0,28.0,11.0,26.0
13-00820267,60624.0,28.0,11.0,27.0
13-00821647,60624.0,28.0,11.0,26.0
13-00821651,60624.0,28.0,11.0,26.0
13-00816006,60624.0,28.0,11.0,26.0
13-00821742,60624.0,28.0,11.0,26.0
13-00821840,60624.0,28.0,11.0,26.0
13-00821831,60624.0,28.0,11.0,26.0
13-00821810,60624.0,28.0,11.0,26.0
13-00821780,60624.0,28.0,11.0,26.0
13-00821844,60624.0,28.0,11.0,26.0
13-00821847,60624.0,28.0,11.0,26.0
13-00822004,60624.0,28.0,11.0,26.0
13-00821944,60624.0,28.0,11.0,26.0
13-00821995,60624.0,28.0,11.0,26.0
13-00821950,60624.0,28.0,11.0,26.0
13-00819044,60624.0,28.0,11.0,26.0
13-00819931,60624.0,28.0,11.0,27.0
13-00819845,60624.0,28.0,11.0,27.0
13-00820554,60624.0,28.0,11.0,26.0
13-00820547,60624.0,28.0,11.0,26.0
13-00820540,60624.0,28.0,11.0,26.0
13-00820528,60624.0,28.0,11.0,26.0
13-00820566,60624.0,28.0,11.0,26.0
13-00820587,60624.0,28.0,11.0,26.0
13-00820593,60624.0,28.0,11.0,26.0
13-00820652,60624.0,28.0,11.0,26.0
13-00820769,60624.0,28.0,11.0,26.0
13-00820717,60624.0,28.0,11.0,26.0
13-00820703,60624.0,28.0,11.0,26.0
13-00820760,60624.0,28.0,11.0,26.0
13-00820748,60624.0,28.0,11.0,26.0
13-00820728,60624.0,28.0,11.0,26.0
13-00821634,60624.0,28.0,11.0,26.0
13-00821588,60624.0,28.0,11.0,26.0
13-00821566,60624.0,28.0,11.0,26.0
13-00821556,60624.0,28.0,11.0,26.0
13-00821461,60624.0,28.0,11.0,26.0
13-00821504,60624.0,28.0,11.0,26.0
13-00821497,60624.0,28.0,11.0,26.0
13-00806510,60624.0,27.0,11.0,23.0
13-00806588,60624.0,27.0,11.0,23.0
13-00798237,60624.0,28.0,11.0,26.0
13-00767156,60624.0,28.0,11.0,26.0
13-00761943,60624.0,28.0,11.0,26.0
13-00753080,60624.0,28.0,11.0,26.0
13-00716646,60624.0,24.0,11.0,29.0
13-00716687,60624.0,24.0,11.0,26.0
13-00716637,60624.0,24.0,11.0,29.0
13-00716723,60624.0,28.0,11.0,27.0
13-00716692,60624.0,28.0,11.0,26.0
13-00716715,60624.0,28.0,11.0,27.0
13-00716704,60624.0,24.0,11.0,27.0
13-00716711,60624.0,28.0,11.0,27.0
13-00716710,60624.0,28.0,11.0,27.0
13-00716748,60624.0,28.0,11.0,27.0
13-00716739,60624.0,28.0,11.0,27.0
13-00716732,60624.0,28.0,11.0,27.0
13-00716139,60624.0,24.0,11.0,29.0
13-00716267,60624.0,24.0,11.0,26.0
13-00706651,60624.0,28.0,11.0,26.0
13-00681408,60624.0,27.0,11.0,23.0
13-00670694,60624.0,24.0,11.0,29.0
13-00649426,60624.0,28.0,11.0,26.0
13-00652291,60624.0,28.0,11.0,27.0
13-00645919,60624.0,27.0,11.0,23.0
13-00639814,60624.0,27.0,11.0,23.0
13-00634107,60624.0,27.0,11.0,23.0
13-00634469,60624.0,28.0,11.0,26.0
13-00634369,60624.0,28.0,11.0,26.0
13-00634364,60624.0,28.0,11.0,26.0
13-00634373,60624.0,28.0,11.0,26.0
13-00634479,60624.0,28.0,11.0,26.0
13-00634478,60624.0,28.0,11.0,26.0
13-00634095,60624.0,24.0,11.0,26.0
13-00634067,60624.0,24.0,11.0,26.0
13-00634083,60624.0,24.0,11.0,26.0
13-00634090,60624.0,24.0,11.0,26.0
13-00634153,60624.0,28.0,11.0,26.0
13-00634350,60624.0,28.0,11.0,26.0
13-00634344,60624.0,28.0,11.0,27.0
13-00634611,60624.0,28.0,11.0,26.0
13-00634587,60624.0,28.0,11.0,26.0
13-00623833,60624.0,28.0,11.0,26.0
13-00625700,60624.0,28.0,11.0,26.0
13-00623184,60624.0,28.0,11.0,26.0
13-00617141,60624.0,27.0,11.0,23.0
13-00614643,60624.0,28.0,11.0,27.0
13-00609486,60624.0,28.0,11.0,26.0
13-00609394,60624.0,28.0,11.0,26.0
13-00609387,60624.0,28.0,11.0,26.0
13-00597561,60624.0,28.0,11.0,27.0
13-00599479,60624.0,28.0,11.0,26.0
13-00598605,60624.0,24.0,11.0,29.0
13-00594963,60624.0,28.0,11.0,27.0
13-00594961,60624.0,28.0,11.0,27.0
13-00594880,60624.0,28.0,11.0,26.0
13-00594846,60624.0,28.0,11.0,27.0
13-00594866,60624.0,28.0,11.0,27.0
13-00595110,60624.0,24.0,11.0,26.0
13-00596536,60624.0,24.0,11.0,29.0
13-00583061,60624.0,24.0,11.0,26.0
13-00589127,60624.0,24.0,11.0,27.0
13-00581688,60624.0,24.0,11.0,27.0
13-00581686,60624.0,24.0,11.0,27.0
13-00582229,60624.0,28.0,11.0,27.0
13-00577129,60624.0,28.0,11.0,26.0
13-00561167,60624.0,27.0,11.0,23.0
13-00561196,60624.0,27.0,11.0,23.0
13-00560994,60624.0,27.0,11.0,23.0
13-00560977,60624.0,27.0,11.0,23.0
13-00561211,60624.0,27.0,11.0,23.0
13-00561004,60624.0,27.0,11.0,23.0
13-00561035,60624.0,27.0,11.0,23.0
13-00561028,60624.0,27.0,11.0,23.0
13-00561020,60624.0,27.0,11.0,23.0
13-00563405,60624.0,24.0,11.0,26.0
13-00561012,60624.0,27.0,11.0,23.0
13-00561040,60624.0,27.0,11.0,23.0
13-00561660,60624.0,28.0,11.0,27.0
13-00561638,60624.0,28.0,11.0,27.0
13-00561650,60624.0,28.0,11.0,27.0
13-00561207,60624.0,27.0,11.0,23.0
13-00556524,60624.0,28.0,11.0,26.0
13-00555251,60624.0,28.0,11.0,26.0
13-00555516,60624.0,24.0,11.0,29.0
13-00555531,60624.0,24.0,11.0,26.0
13-00555344,60624.0,24.0,11.0,29.0
13-00555334,60624.0,24.0,11.0,29.0
13-00555329,60624.0,24.0,11.0,29.0
13-00555319,60624.0,24.0,11.0,26.0
13-00555307,60624.0,24.0,11.0,26.0
13-00555303,60624.0,24.0,11.0,26.0
13-00555508,60624.0,24.0,11.0,26.0
13-00555507,60624.0,24.0,11.0,26.0
13-00555523,60624.0,24.0,11.0,27.0
13-00555543,60624.0,24.0,11.0,26.0
13-00555537,60624.0,24.0,11.0,26.0
13-00555534,60624.0,24.0,11.0,26.0
13-00555559,60624.0,24.0,11.0,26.0
13-00555649,60624.0,28.0,11.0,27.0
13-00555687,60624.0,28.0,11.0,27.0
13-00555675,60624.0,28.0,11.0,27.0
13-00550775,60624.0,24.0,11.0,27.0
13-00550806,60624.0,24.0,11.0,27.0
13-00550783,60624.0,24.0,11.0,27.0
13-00550791,60624.0,24.0,11.0,27.0
13-00543155,60624.0,24.0,11.0,26.0
13-00546594,60624.0,24.0,11.0,29.0
13-00543407,60624.0,24.0,11.0,26.0
13-00543401,60624.0,24.0,11.0,27.0
13-00535839,60624.0,24.0,11.0,26.0
13-00535436,60624.0,28.0,11.0,27.0
13-00535835,60624.0,28.0,11.0,26.0
13-00539932,60624.0,24.0,11.0,29.0
13-00539898,60624.0,28.0,11.0,26.0
13-00539903,60624.0,28.0,11.0,26.0
13-00530388,60624.0,28.0,11.0,27.0
13-00530551,60624.0,28.0,11.0,27.0
13-00528309,60624.0,24.0,11.0,29.0
13-00520877,60624.0,28.0,11.0,27.0
13-00525669,60624.0,24.0,11.0,29.0
13-00516387,60624.0,28.0,11.0,27.0
13-00506299,60624.0,28.0,11.0,26.0
13-00481864,60624.0,28.0,11.0,26.0
13-00474121,60624.0,28.0,11.0,26.0
13-00474134,60624.0,28.0,11.0,26.0
13-00466262,60624.0,24.0,11.0,26.0
13-00457706,60624.0,28.0,11.0,27.0
13-00457743,60624.0,28.0,11.0,27.0
13-00455868,60624.0,27.0,11.0,26.0
13-00427903,60624.0,24.0,11.0,26.0
13-00431762,60624.0,28.0,11.0,26.0
13-00427108,60624.0,24.0,11.0,26.0
13-00420549,60624.0,28.0,11.0,27.0
13-00420361,60624.0,28.0,11.0,26.0
13-00420077,60624.0,28.0,11.0,27.0
13-00420111,60624.0,24.0,11.0,26.0
13-00420091,60624.0,28.0,11.0,27.0
13-00420141,60624.0,24.0,11.0,26.0
13-00420117,60624.0,24.0,11.0,26.0
13-00420165,60624.0,24.0,11.0,27.0
13-00420206,60624.0,24.0,11.0,27.0
13-00420194,60624.0,24.0,11.0,27.0
13-00420198,60624.0,24.0,11.0,27.0
13-00417014,60624.0,28.0,11.0,26.0
13-00417653,60624.0,24.0,11.0,27.0
13-00406053,60624.0,28.0,11.0,27.0
13-00414139,60624.0,24.0,11.0,29.0
13-00401210,60624.0,28.0,11.0,26.0
13-00382447,60624.0,28.0,11.0,27.0
13-00384292,60624.0,28.0,11.0,26.0
13-00383768,60624.0,28.0,11.0,26.0
13-00372936,60624.0,28.0,11.0,26.0
13-00368000,60624.0,24.0,11.0,26.0
13-00360360,60624.0,24.0,11.0,26.0
13-00353817,60624.0,24.0,11.0,26.0
13-00355071,60624.0,24.0,11.0,26.0
13-00353806,60624.0,24.0,11.0,26.0
13-00350264,60624.0,28.0,11.0,26.0
13-00337009,60624.0,27.0,11.0,23.0
13-00322157,60624.0,27.0,11.0,23.0
13-00313193,60624.0,28.0,11.0,27.0
13-00312358,60624.0,24.0,11.0,26.0
13-00303956,60624.0,28.0,11.0,27.0
13-00303983,60624.0,28.0,11.0,27.0
13-00288111,60624.0,27.0,11.0,23.0
13-00287372,60624.0,28.0,11.0,26.0
13-00287362,60624.0,28.0,11.0,26.0
13-00287121,60624.0,28.0,11.0,26.0
13-00287115,60624.0,28.0,11.0,26.0
13-00287095,60624.0,28.0,11.0,26.0
13-00287083,60624.0,27.0,11.0,26.0
13-00287292,60624.0,28.0,11.0,26.0
13-00287167,60624.0,28.0,11.0,26.0
13-00287161,60624.0,28.0,11.0,26.0
13-00287124,60624.0,28.0,11.0,26.0
13-00287255,60624.0,28.0,11.0,27.0
13-00287179,60624.0,28.0,11.0,26.0
13-00287200,60624.0,28.0,11.0,26.0
13-00281824,60624.0,24.0,11.0,27.0
13-00275677,60624.0,28.0,11.0,27.0
13-00266040,60624.0,28.0,11.0,26.0
13-00259663,60624.0,28.0,11.0,26.0
13-00255943,60624.0,28.0,11.0,27.0
13-00229740,60624.0,28.0,11.0,27.0
13-00216612,60624.0,28.0,11.0,27.0
13-00213822,60624.0,24.0,11.0,27.0
13-00208457,60624.0,28.0,11.0,27.0
13-00208410,60624.0,28.0,11.0,27.0
13-00208451,60624.0,28.0,11.0,27.0
13-00208441,60624.0,24.0,11.0,29.0
13-00205639,60624.0,24.0,11.0,29.0
13-00205610,60624.0,28.0,11.0,26.0
13-00200484,60624.0,24.0,11.0,29.0
13-00190946,60624.0,28.0,11.0,27.0
13-00190796,60624.0,28.0,11.0,27.0
13-00190790,60624.0,28.0,11.0,27.0
13-00175151,60624.0,24.0,11.0,29.0
13-00172448,60624.0,24.0,11.0,26.0
13-00164532,60624.0,27.0,11.0,23.0
13-00162619,60624.0,28.0,11.0,27.0
13-00146323,60624.0,28.0,11.0,27.0
13-00135485,60624.0,28.0,11.0,26.0
13-00121149,60624.0,28.0,11.0,26.0
13-00121258,60624.0,24.0,11.0,27.0
13-00099717,60624.0,28.0,11.0,27.0
13-00098494,60624.0,28.0,11.0,27.0
13-00090666,60624.0,24.0,11.0,29.0
13-00090668,60624.0,24.0,11.0,27.0
13-00090677,60624.0,24.0,11.0,27.0
13-00090736,60624.0,24.0,11.0,27.0
13-00090754,60624.0,24.0,11.0,27.0
13-00090759,60624.0,24.0,11.0,27.0
13-00090764,60624.0,24.0,11.0,27.0
13-00090769,60624.0,24.0,11.0,27.0
13-00090801,60624.0,24.0,11.0,27.0
13-00092788,60624.0,24.0,11.0,27.0
13-00092796,60624.0,24.0,11.0,27.0
13-00092804,60624.0,24.0,11.0,27.0
13-00092812,60624.0,24.0,11.0,27.0
13-00087584,60624.0,24.0,11.0,29.0
13-00087602,60624.0,24.0,11.0,27.0
13-00087631,60624.0,24.0,11.0,29.0
13-00087716,60624.0,24.0,11.0,27.0
13-00087729,60624.0,24.0,11.0,27.0
13-00087808,60624.0,24.0,11.0,27.0
13-00071831,60624.0,24.0,11.0,26.0
13-00052528,60624.0,28.0,11.0,26.0
13-00043892,60624.0,28.0,11.0,26.0
13-00043143,60624.0,28.0,11.0,26.0
13-00032325,60624.0,28.0,11.0,27.0
13-00027535,60624.0,28.0,11.0,26.0
13-00026603,60624.0,27.0,11.0,23.0
13-00010201,60624.0,24.0,11.0,29.0
13-00012997,60624.0,28.0,11.0,26.0
12-02022256,60624.0,28.0,11.0,26.0
12-02012792,60624.0,24.0,11.0,25.0
12-02012789,60624.0,24.0,11.0,26.0
12-02012860,60624.0,28.0,11.0,26.0
12-02012892,60624.0,28.0,11.0,26.0
12-02012952,60624.0,24.0,11.0,26.0
12-02012965,60624.0,24.0,11.0,25.0
12-02012959,60624.0,24.0,11.0,26.0
12-02007440,60624.0,28.0,11.0,26.0
12-01997622,60624.0,24.0,11.0,26.0
12-01976407,60624.0,24.0,11.0,26.0
12-01975362,60624.0,28.0,11.0,23.0
12-01949133,60624.0,28.0,11.0,26.0
12-01945601,60624.0,28.0,11.0,27.0
12-01944681,60624.0,28.0,11.0,26.0
12-01927416,60624.0,28.0,11.0,26.0
12-01911331,60624.0,28.0,11.0,27.0
12-01902309,60624.0,27.0,11.0,23.0
12-01902324,60624.0,27.0,11.0,23.0
12-01902335,60624.0,27.0,11.0,23.0
12-01898808,60624.0,28.0,11.0,26.0
12-01897921,60624.0,28.0,11.0,27.0
12-01886259,60624.0,28.0,11.0,27.0
12-01886830,60624.0,28.0,11.0,26.0
12-01877051,60624.0,28.0,11.0,26.0
12-01876415,60624.0,24.0,11.0,26.0
12-01867381,60624.0,28.0,11.0,26.0
12-01868515,60624.0,28.0,11.0,26.0
12-01860616,60624.0,28.0,11.0,26.0
12-01862444,60624.0,28.0,11.0,27.0
12-01860668,60624.0,24.0,11.0,26.0
12-01857257,60624.0,27.0,11.0,23.0
12-01856947,60624.0,27.0,11.0,23.0
12-01856880,60624.0,27.0,11.0,23.0
12-01853692,60624.0,28.0,11.0,27.0
12-01841944,60624.0,28.0,11.0,26.0
12-01841961,60624.0,28.0,11.0,26.0
12-01840668,60624.0,28.0,11.0,27.0
12-01841947,60624.0,28.0,11.0,26.0
12-01838221,60624.0,28.0,11.0,26.0
12-01827422,60624.0,28.0,11.0,26.0
12-01827802,60624.0,28.0,11.0,27.0
12-01816538,60624.0,28.0,11.0,27.0
12-01816548,60624.0,28.0,11.0,27.0
12-01816462,60624.0,28.0,11.0,27.0
12-01816481,60624.0,28.0,11.0,27.0
12-01812177,60624.0,28.0,11.0,26.0
12-01799534,60624.0,24.0,11.0,29.0
12-01799469,60624.0,24.0,11.0,29.0
12-01790599,60624.0,24.0,11.0,26.0
12-01757343,60624.0,28.0,11.0,27.0
12-01751976,60624.0,27.0,11.0,23.0
12-01733436,60624.0,28.0,11.0,27.0
12-01731232,60624.0,28.0,11.0,27.0
12-01718224,60624.0,28.0,11.0,26.0
12-01705229,60624.0,28.0,11.0,27.0
12-01705240,60624.0,27.0,11.0,23.0
12-01691130,60624.0,28.0,11.0,27.0
12-01692179,60624.0,24.0,11.0,26.0
12-01685220,60624.0,28.0,11.0,27.0
12-01685219,60624.0,28.0,11.0,27.0
12-01673339,60624.0,28.0,11.0,27.0
12-01673476,60624.0,28.0,11.0,23.0
12-01667845,60624.0,28.0,11.0,26.0
12-01666287,60624.0,28.0,11.0,26.0
12-01666214,60624.0,28.0,11.0,26.0
12-01654567,60624.0,28.0,11.0,23.0
12-01645592,60624.0,28.0,11.0,26.0
12-01617762,60624.0,28.0,11.0,27.0
12-01619570,60624.0,28.0,11.0,26.0
12-01610465,60624.0,28.0,11.0,26.0
12-01608793,60624.0,28.0,11.0,26.0
12-01589796,60624.0,28.0,11.0,27.0
12-01577672,60624.0,28.0,11.0,26.0
12-01565516,60624.0,28.0,11.0,26.0
12-01565522,60624.0,28.0,11.0,26.0
12-01565793,60624.0,27.0,11.0,23.0
12-01561019,60624.0,27.0,11.0,23.0
12-01557511,60624.0,24.0,11.0,29.0
12-01549929,60624.0,28.0,11.0,23.0
12-01542754,60624.0,28.0,11.0,26.0
12-01500720,60624.0,28.0,11.0,26.0
12-01490378,60624.0,28.0,11.0,27.0
12-01489064,60624.0,24.0,11.0,26.0
12-01490204,60624.0,28.0,11.0,26.0
12-01490200,60624.0,28.0,11.0,26.0
12-01480882,60624.0,28.0,11.0,26.0
12-01481109,60624.0,28.0,11.0,26.0
12-01481096,60624.0,28.0,11.0,26.0
12-01481130,60624.0,28.0,11.0,26.0
12-01481292,60624.0,28.0,11.0,26.0
12-01481284,60624.0,28.0,11.0,26.0
12-01481277,60624.0,28.0,11.0,26.0
12-01475657,60624.0,28.0,11.0,26.0
12-01465220,60624.0,28.0,11.0,27.0
12-01461228,60624.0,28.0,11.0,27.0
12-01443594,60624.0,28.0,11.0,26.0
12-01443579,60624.0,28.0,11.0,26.0
12-01444177,60624.0,28.0,11.0,23.0
12-01442708,60624.0,28.0,11.0,27.0
12-01434169,60624.0,28.0,11.0,26.0
12-01420803,60624.0,24.0,11.0,29.0
12-01354166,60624.0,24.0,11.0,26.0
12-01351202,60624.0,28.0,11.0,27.0
12-01351182,60624.0,28.0,11.0,26.0
12-01342830,60624.0,28.0,11.0,26.0
12-01271372,60624.0,28.0,11.0,27.0
12-01248078,60624.0,28.0,11.0,27.0
12-01249258,60624.0,24.0,11.0,29.0
12-01249249,60624.0,24.0,11.0,29.0
12-01240234,60624.0,24.0,11.0,26.0
12-01224946,60624.0,27.0,11.0,23.0
12-01212215,60624.0,24.0,11.0,26.0
12-01203516,60624.0,28.0,11.0,27.0
12-01202474,60624.0,28.0,11.0,23.0
12-01206879,60624.0,28.0,11.0,27.0
12-01153139,60624.0,28.0,11.0,26.0
12-01157259,60624.0,28.0,11.0,27.0
12-01156399,60624.0,28.0,11.0,26.0
12-01151299,60624.0,28.0,11.0,26.0
12-01151265,60624.0,28.0,11.0,26.0
12-01151311,60624.0,28.0,11.0,26.0
12-01146701,60624.0,28.0,11.0,26.0
12-01146698,60624.0,28.0,11.0,26.0
12-01146720,60624.0,28.0,11.0,26.0
12-01146708,60624.0,28.0,11.0,26.0
12-01146706,60624.0,28.0,11.0,26.0
12-01146748,60624.0,28.0,11.0,26.0
12-01146726,60624.0,28.0,11.0,26.0
12-01146743,60624.0,28.0,11.0,26.0
12-01146735,60624.0,28.0,11.0,26.0
12-01147486,60624.0,28.0,11.0,26.0
12-01147457,60624.0,28.0,11.0,26.0
12-01147452,60624.0,28.0,11.0,26.0
12-01147424,60624.0,28.0,11.0,26.0
12-01147414,60624.0,28.0,11.0,26.0
12-01147534,60624.0,28.0,11.0,26.0
12-01147518,60624.0,28.0,11.0,26.0
12-01147497,60624.0,28.0,11.0,26.0
12-01147512,60624.0,28.0,11.0,26.0
12-01147507,60624.0,28.0,11.0,26.0
12-01147510,60624.0,28.0,11.0,26.0
12-01147548,60624.0,28.0,11.0,26.0
12-01147554,60624.0,28.0,11.0,26.0
12-01147687,60624.0,28.0,11.0,26.0
12-01147649,60624.0,28.0,11.0,26.0
12-01147655,60624.0,28.0,11.0,26.0
12-01127665,60624.0,28.0,11.0,26.0
12-01129512,60624.0,28.0,11.0,27.0
12-01130688,60624.0,28.0,11.0,27.0
12-01062291,60624.0,28.0,11.0,27.0
12-01045350,60624.0,27.0,11.0,23.0
12-01042048,60624.0,24.0,11.0,29.0
12-01042121,60624.0,24.0,11.0,26.0
12-01042318,60624.0,24.0,10.0,29.0
12-01042364,60624.0,24.0,11.0,29.0
12-01042356,60624.0,24.0,10.0,29.0
12-01042343,60624.0,24.0,10.0,29.0
12-01042873,60624.0,24.0,11.0,29.0
12-01043326,60624.0,24.0,10.0,29.0
12-01044329,60624.0,24.0,11.0,26.0
12-01039275,60624.0,24.0,11.0,26.0
12-01019624,60624.0,28.0,11.0,27.0
12-01003170,60624.0,28.0,11.0,27.0
12-00989581,60624.0,27.0,11.0,23.0
12-00989575,60624.0,27.0,11.0,23.0
12-00989619,60624.0,27.0,11.0,23.0
12-00984985,60624.0,28.0,11.0,26.0
12-00984980,60624.0,28.0,11.0,26.0
12-00978080,60624.0,28.0,11.0,27.0
12-00964258,60624.0,24.0,11.0,26.0
12-00954481,60624.0,28.0,11.0,27.0
12-00936462,60624.0,28.0,11.0,27.0
12-00930182,60624.0,24.0,11.0,26.0
12-00928412,60624.0,27.0,11.0,23.0
12-00917935,60624.0,28.0,11.0,27.0
12-00919675,60624.0,28.0,11.0,27.0
12-00919691,60624.0,28.0,11.0,26.0
12-00919725,60624.0,28.0,11.0,26.0
12-00912129,60624.0,27.0,11.0,23.0
12-00912394,60624.0,27.0,11.0,23.0
12-00914964,60624.0,27.0,11.0,23.0
12-00896591,60624.0,24.0,11.0,26.0
12-00894325,60624.0,28.0,11.0,27.0
12-00859647,60624.0,28.0,11.0,27.0
12-00843164,60624.0,27.0,11.0,23.0
12-00843159,60624.0,27.0,11.0,23.0
12-00843138,60624.0,27.0,11.0,23.0
12-00843178,60624.0,27.0,11.0,23.0
12-00843198,60624.0,27.0,11.0,23.0
12-00843192,60624.0,27.0,11.0,23.0
12-00843183,60624.0,27.0,11.0,23.0
12-00843208,60624.0,27.0,11.0,23.0
12-00843218,60624.0,27.0,11.0,23.0
12-00843667,60624.0,27.0,11.0,23.0
12-00843680,60624.0,27.0,11.0,23.0
12-00840525,60624.0,28.0,11.0,27.0
12-00826627,60624.0,27.0,11.0,23.0
12-00826623,60624.0,27.0,11.0,23.0
12-00824124,60624.0,28.0,11.0,27.0
12-00822168,60624.0,28.0,11.0,23.0
12-00822195,60624.0,28.0,11.0,23.0
12-00822171,60624.0,28.0,11.0,23.0
12-00822188,60624.0,28.0,11.0,23.0
12-00822176,60624.0,28.0,11.0,23.0
12-00822208,60624.0,28.0,11.0,23.0
12-00823014,60624.0,27.0,11.0,23.0
12-00815273,60624.0,28.0,11.0,26.0
12-00808828,60624.0,27.0,11.0,26.0
12-00814484,60624.0,28.0,11.0,27.0
12-00802953,60624.0,27.0,11.0,23.0
12-00803123,60624.0,27.0,11.0,23.0
12-00803132,60624.0,27.0,11.0,23.0
12-00801411,60624.0,27.0,11.0,23.0
12-00801422,60624.0,27.0,11.0,23.0
12-00793698,60624.0,28.0,11.0,27.0
12-00785861,60624.0,28.0,11.0,26.0
12-00780000,60624.0,24.0,11.0,26.0
12-00781194,60624.0,27.0,11.0,23.0
12-00772932,60624.0,28.0,11.0,26.0
12-00767642,60624.0,28.0,11.0,26.0
12-00770258,60624.0,28.0,11.0,26.0
12-00769912,60624.0,28.0,11.0,27.0
12-00756745,60624.0,24.0,11.0,27.0
12-00750729,60624.0,24.0,11.0,27.0
12-00754488,60624.0,28.0,11.0,26.0
12-00752011,60624.0,24.0,11.0,29.0
12-00754364,60624.0,28.0,11.0,26.0
12-00745954,60624.0,28.0,11.0,27.0
12-00735564,60624.0,28.0,11.0,27.0
12-00734309,60624.0,28.0,11.0,26.0
12-00734292,60624.0,28.0,11.0,26.0
12-00734585,60624.0,28.0,11.0,26.0
12-00726294,60624.0,28.0,11.0,26.0
12-00726248,60624.0,28.0,11.0,26.0
12-00726282,60624.0,28.0,11.0,26.0
12-00726268,60624.0,28.0,11.0,26.0
12-00726251,60624.0,28.0,11.0,26.0
12-00721092,60624.0,28.0,11.0,27.0
12-00721688,60624.0,24.0,11.0,29.0
12-00724648,60624.0,24.0,11.0,26.0
12-00718323,60624.0,28.0,11.0,27.0
12-00713204,60624.0,24.0,11.0,26.0
12-00713211,60624.0,24.0,11.0,26.0
12-00713190,60624.0,24.0,11.0,26.0
12-00713193,60624.0,24.0,11.0,26.0
12-00694312,60624.0,27.0,11.0,23.0
12-00693224,60624.0,24.0,11.0,27.0
12-00691067,60624.0,28.0,11.0,26.0
12-00686559,60624.0,24.0,10.0,29.0
12-00682146,60624.0,28.0,11.0,27.0
12-00680565,60624.0,27.0,11.0,23.0
12-00676047,60624.0,28.0,11.0,27.0
12-00679451,60624.0,28.0,11.0,26.0
12-00668845,60624.0,28.0,11.0,27.0
12-00668034,60624.0,28.0,11.0,27.0
12-00663552,60624.0,28.0,11.0,26.0
12-00663547,60624.0,28.0,11.0,26.0
12-00663544,60624.0,28.0,11.0,27.0
12-00662149,60624.0,28.0,11.0,27.0
12-00647500,60624.0,24.0,11.0,27.0
12-00642156,60624.0,28.0,11.0,26.0
12-00642146,60624.0,28.0,11.0,26.0
12-00632908,60624.0,28.0,11.0,26.0
12-00637980,60624.0,28.0,11.0,27.0
12-00633821,60624.0,28.0,11.0,27.0
12-00632907,60624.0,28.0,11.0,26.0
12-00632874,60624.0,28.0,11.0,27.0
12-00611573,60624.0,27.0,11.0,23.0
12-00611346,60624.0,24.0,11.0,26.0
12-00598248,60624.0,28.0,11.0,26.0
12-00598236,60624.0,28.0,11.0,26.0
12-00598284,60624.0,28.0,11.0,26.0
12-00598373,60624.0,28.0,11.0,26.0
12-00600902,60624.0,28.0,11.0,26.0
12-00598269,60624.0,28.0,11.0,26.0
12-00595191,60624.0,28.0,11.0,27.0
12-00593617,60624.0,24.0,11.0,29.0
12-00588480,60624.0,28.0,11.0,26.0
12-00572817,60624.0,28.0,11.0,27.0
12-00565587,60624.0,28.0,11.0,26.0
12-00561088,60624.0,28.0,11.0,26.0
12-00552617,60624.0,24.0,11.0,26.0
12-00553300,60624.0,27.0,11.0,23.0
12-00553849,60624.0,27.0,11.0,23.0
12-00553832,60624.0,27.0,11.0,23.0
12-00553568,60624.0,27.0,11.0,23.0
12-00539359,60624.0,27.0,11.0,23.0
12-00539844,60624.0,24.0,11.0,26.0
12-00538406,60624.0,24.0,10.0,29.0
12-00530654,60624.0,24.0,11.0,26.0
12-00500297,60624.0,27.0,11.0,26.0
12-00394921,60624.0,24.0,11.0,29.0
12-00396925,60624.0,24.0,11.0,26.0
12-00359192,60624.0,28.0,11.0,26.0
12-00349772,60624.0,28.0,11.0,26.0
12-00285237,60624.0,27.0,11.0,23.0
12-00285254,60624.0,27.0,11.0,23.0
12-00230381,60624.0,24.0,11.0,26.0
12-00214848,60624.0,24.0,11.0,26.0
12-00218288,60624.0,24.0,11.0,26.0
12-00206966,60624.0,28.0,11.0,27.0
12-00206961,60624.0,28.0,11.0,26.0
12-00202389,60624.0,27.0,11.0,23.0
12-00201568,60624.0,24.0,11.0,26.0
12-00200797,60624.0,27.0,11.0,23.0
12-00197011,60624.0,24.0,11.0,26.0
12-00197003,60624.0,24.0,11.0,29.0
12-00196998,60624.0,24.0,11.0,26.0
12-00196996,60624.0,24.0,11.0,29.0
12-00196910,60624.0,28.0,11.0,26.0
12-00196867,60624.0,28.0,11.0,26.0
12-00196900,60624.0,24.0,11.0,26.0
12-00196988,60624.0,24.0,11.0,29.0
12-00196924,60624.0,28.0,11.0,26.0
12-00196940,60624.0,28.0,11.0,26.0
12-00196913,60624.0,28.0,11.0,26.0
12-00196936,60624.0,28.0,11.0,26.0
12-00196932,60624.0,28.0,11.0,26.0
12-00197015,60624.0,24.0,11.0,26.0
12-00195001,60624.0,27.0,11.0,23.0
12-00194998,60624.0,27.0,11.0,23.0
12-00193226,60624.0,27.0,11.0,23.0
12-00193047,60624.0,27.0,11.0,23.0
12-00185871,60624.0,28.0,11.0,26.0
12-00178639,60624.0,28.0,11.0,26.0
12-00178658,60624.0,28.0,11.0,26.0
12-00178622,60624.0,28.0,11.0,26.0
12-00183154,60624.0,27.0,11.0,23.0
12-00178585,60624.0,28.0,11.0,27.0
12-00178592,60624.0,28.0,11.0,27.0
12-00178601,60624.0,28.0,11.0,27.0
12-00178614,60624.0,28.0,11.0,26.0
12-00178630,60624.0,28.0,11.0,26.0
12-00178647,60624.0,28.0,11.0,26.0
12-00171274,60624.0,24.0,11.0,29.0
12-00164112,60624.0,28.0,11.0,26.0
12-00164122,60624.0,28.0,11.0,26.0
12-00164126,60624.0,24.0,11.0,29.0
12-00164131,60624.0,24.0,11.0,29.0
12-00164135,60624.0,24.0,11.0,29.0
12-00159101,60624.0,28.0,11.0,27.0
12-00145797,60624.0,27.0,11.0,23.0
12-00146869,60624.0,28.0,11.0,26.0
12-00140668,60624.0,24.0,11.0,29.0
12-00112565,60624.0,28.0,11.0,27.0
12-00114869,60624.0,24.0,11.0,26.0
12-00114612,60624.0,28.0,11.0,23.0
12-00107376,60624.0,24.0,11.0,26.0
12-00105895,60624.0,24.0,11.0,27.0
12-00099019,60624.0,24.0,11.0,26.0
12-00098340,60624.0,24.0,11.0,26.0
12-00086935,60624.0,24.0,11.0,26.0
12-00086944,60624.0,24.0,11.0,26.0
12-00086937,60624.0,24.0,11.0,26.0
12-00080428,60624.0,27.0,11.0,23.0
12-00067611,60624.0,24.0,11.0,26.0
12-00055586,60624.0,24.0,10.0,29.0
12-00055469,60624.0,24.0,11.0,26.0
12-00055480,60624.0,24.0,11.0,26.0
12-00045655,60624.0,24.0,10.0,29.0
12-00034856,60624.0,28.0,11.0,27.0
12-00036397,60624.0,24.0,11.0,29.0
12-00033661,60624.0,24.0,10.0,29.0
12-00026066,60624.0,24.0,11.0,29.0
12-00026073,60624.0,24.0,11.0,29.0
12-00026081,60624.0,24.0,11.0,29.0
12-00026090,60624.0,24.0,10.0,29.0
12-00026095,60624.0,24.0,10.0,29.0
12-00026099,60624.0,24.0,10.0,29.0
12-00026130,60624.0,24.0,11.0,29.0
12-00005971,60624.0,28.0,11.0,23.0
12-00005976,60624.0,27.0,11.0,23.0
12-00006014,60624.0,27.0,11.0,23.0
12-00006008,60624.0,28.0,11.0,27.0
11-04310262,60624.0,28.0,11.0,26.0
11-04313519,60624.0,24.0,11.0,27.0
11-04313996,60624.0,28.0,11.0,27.0
11-04306808,60624.0,24.0,10.0,29.0
11-04305769,60624.0,27.0,11.0,23.0
11-04302530,60624.0,28.0,11.0,26.0
11-04302713,60624.0,24.0,10.0,29.0
11-04302678,60624.0,27.0,11.0,23.0
11-04296167,60624.0,24.0,11.0,26.0
11-04299260,60624.0,24.0,11.0,26.0
11-04284201,60624.0,24.0,11.0,29.0
11-04286370,60624.0,28.0,11.0,26.0
11-04277991,60624.0,27.0,11.0,23.0
11-04278656,60624.0,28.0,11.0,26.0
11-04278041,60624.0,27.0,11.0,23.0
11-04271842,60624.0,27.0,11.0,23.0
11-04263899,60624.0,24.0,11.0,26.0
11-04264314,60624.0,27.0,11.0,23.0
11-04271835,60624.0,27.0,11.0,23.0
11-04265492,60624.0,24.0,10.0,29.0
11-04260987,60624.0,28.0,11.0,26.0
11-04259626,60624.0,28.0,11.0,27.0
11-04258368,60624.0,27.0,11.0,23.0
11-04258354,60624.0,28.0,11.0,23.0
11-04258373,60624.0,28.0,11.0,27.0
11-04258379,60624.0,27.0,11.0,23.0
11-04255970,60624.0,28.0,11.0,26.0
11-04253109,60624.0,27.0,11.0,23.0
11-04241515,60624.0,27.0,11.0,23.0
11-04242377,60624.0,24.0,11.0,29.0
11-04240166,60624.0,27.0,11.0,23.0
11-04241504,60624.0,27.0,11.0,23.0
11-04230458,60624.0,28.0,11.0,27.0
11-04220609,60624.0,27.0,11.0,23.0
11-04220615,60624.0,27.0,11.0,23.0
11-04205880,60624.0,24.0,11.0,27.0
11-04200176,60624.0,28.0,11.0,27.0
11-04197322,60624.0,24.0,11.0,26.0
11-04187350,60624.0,28.0,11.0,26.0
11-04187632,60624.0,28.0,11.0,27.0
11-04170657,60624.0,24.0,11.0,29.0
11-04168285,60624.0,28.0,11.0,26.0
11-04165374,60624.0,24.0,10.0,29.0
11-04165376,60624.0,24.0,10.0,29.0
11-04162375,60624.0,27.0,11.0,23.0
11-04162363,60624.0,28.0,11.0,23.0
11-04162408,60624.0,28.0,11.0,27.0
11-04162436,60624.0,27.0,11.0,23.0
11-04156704,60624.0,28.0,11.0,27.0
11-04156463,60624.0,28.0,11.0,26.0
11-04156450,60624.0,28.0,11.0,26.0
11-04150620,60624.0,28.0,11.0,26.0
11-04150615,60624.0,28.0,11.0,26.0
11-04135784,60624.0,28.0,11.0,26.0
11-04135803,60624.0,28.0,11.0,26.0
11-04138302,60624.0,28.0,11.0,26.0
11-04138294,60624.0,28.0,11.0,26.0
11-04128445,60624.0,24.0,11.0,27.0
11-04128463,60624.0,28.0,11.0,26.0
11-04129388,60624.0,28.0,11.0,26.0
11-04128193,60624.0,27.0,11.0,23.0
11-04128167,60624.0,27.0,11.0,23.0
11-04128328,60624.0,24.0,11.0,26.0
11-04117418,60624.0,24.0,11.0,26.0
11-04115102,60624.0,28.0,11.0,26.0
11-04114570,60624.0,28.0,11.0,27.0
11-04114959,60624.0,24.0,11.0,26.0
11-04115114,60624.0,28.0,11.0,26.0
11-04115021,60624.0,24.0,11.0,29.0
11-04105721,60624.0,28.0,11.0,26.0
11-04105720,60624.0,28.0,11.0,26.0
11-04105723,60624.0,28.0,11.0,27.0
11-04105741,60624.0,28.0,11.0,27.0
11-04093182,60624.0,27.0,11.0,23.0
11-04093174,60624.0,28.0,11.0,27.0
11-04093140,60624.0,28.0,11.0,23.0
11-04093151,60624.0,27.0,11.0,23.0
11-04093497,60624.0,28.0,11.0,26.0
11-04093518,60624.0,28.0,11.0,26.0
11-04094751,60624.0,28.0,11.0,26.0
11-04084515,60624.0,27.0,11.0,23.0
11-04084523,60624.0,27.0,11.0,23.0
11-04069815,60624.0,27.0,11.0,23.0
11-04069774,60624.0,28.0,11.0,23.0
11-04069834,60624.0,27.0,11.0,23.0
11-04069827,60624.0,28.0,11.0,27.0
11-04067308,60624.0,28.0,11.0,27.0
11-04049757,60624.0,27.0,11.0,23.0
11-04049913,60624.0,28.0,11.0,26.0
11-04050633,60624.0,28.0,11.0,26.0
11-04051436,60624.0,28.0,11.0,26.0
11-04040268,60624.0,27.0,11.0,23.0
11-04032201,60624.0,28.0,11.0,26.0
11-04036737,60624.0,28.0,11.0,26.0
11-04033021,60624.0,28.0,11.0,26.0
11-04033012,60624.0,28.0,11.0,27.0
11-04033053,60624.0,28.0,11.0,26.0
11-04032217,60624.0,28.0,11.0,23.0
11-04032182,60624.0,28.0,11.0,26.0
11-04032163,60624.0,24.0,11.0,29.0
11-04031997,60624.0,24.0,11.0,29.0
11-04018124,60624.0,27.0,11.0,23.0
11-04023120,60624.0,27.0,11.0,23.0
11-04016969,60624.0,27.0,11.0,23.0
11-04019687,60624.0,24.0,11.0,29.0
11-04020953,60624.0,24.0,11.0,29.0
11-04010836,60624.0,27.0,11.0,23.0
11-04011162,60624.0,27.0,11.0,23.0
11-04015297,60624.0,27.0,11.0,23.0
11-04015271,60624.0,27.0,11.0,23.0
11-04015268,60624.0,27.0,11.0,23.0
11-04003030,60624.0,28.0,11.0,26.0
11-04003009,60624.0,27.0,11.0,26.0
11-04002030,60624.0,24.0,11.0,27.0
11-04001782,60624.0,28.0,11.0,23.0
11-04002327,60624.0,28.0,11.0,26.0
11-03985366,60624.0,28.0,11.0,23.0
11-03985347,60624.0,27.0,11.0,23.0
11-03985370,60624.0,27.0,11.0,23.0
11-03985393,60624.0,27.0,11.0,23.0
11-03984460,60624.0,24.0,11.0,27.0
11-03970388,60624.0,24.0,11.0,25.0
11-03972526,60624.0,24.0,11.0,29.0
11-03966719,60624.0,27.0,11.0,23.0
11-03957652,60624.0,24.0,11.0,26.0
11-03958086,60624.0,28.0,11.0,27.0
11-03952737,60624.0,28.0,11.0,27.0
11-03952715,60624.0,27.0,11.0,23.0
11-03952703,60624.0,28.0,11.0,23.0
11-03952769,60624.0,27.0,11.0,23.0
11-03949238,60624.0,28.0,11.0,26.0
11-03941759,60624.0,28.0,11.0,27.0
11-03938168,60624.0,28.0,11.0,27.0
11-03930288,60624.0,28.0,11.0,26.0
11-03930306,60624.0,28.0,11.0,26.0
11-03925377,60624.0,27.0,11.0,23.0
11-03909653,60624.0,28.0,11.0,27.0
11-03895701,60624.0,27.0,11.0,23.0
11-03892074,60624.0,28.0,11.0,27.0
11-03877632,60624.0,28.0,11.0,26.0
11-03878609,60624.0,27.0,11.0,23.0
11-03878590,60624.0,28.0,11.0,27.0
11-03878558,60624.0,28.0,11.0,23.0
11-03878571,60624.0,27.0,11.0,23.0
11-03880299,60624.0,27.0,11.0,23.0
11-03869651,60624.0,28.0,11.0,26.0
11-03870091,60624.0,28.0,11.0,26.0
11-03873387,60624.0,24.0,11.0,26.0
11-03870315,60624.0,28.0,11.0,26.0
11-03865213,60624.0,28.0,11.0,27.0
11-03865207,60624.0,28.0,11.0,27.0
11-03865198,60624.0,28.0,11.0,27.0
11-03864934,60624.0,27.0,11.0,23.0
11-03863229,60624.0,28.0,11.0,26.0
11-03865224,60624.0,28.0,11.0,27.0
11-03864905,60624.0,27.0,11.0,23.0
11-03862154,60624.0,28.0,11.0,27.0
11-03862141,60624.0,27.0,11.0,23.0
11-03862133,60624.0,28.0,11.0,23.0
11-03862172,60624.0,27.0,11.0,23.0
11-03859355,60624.0,28.0,11.0,26.0
11-03857342,60624.0,28.0,11.0,26.0
11-03859388,60624.0,28.0,11.0,26.0
11-03859363,60624.0,28.0,11.0,26.0
11-03838848,60624.0,28.0,11.0,26.0
11-03838687,60624.0,28.0,11.0,26.0
11-03838758,60624.0,28.0,11.0,26.0
11-03822204,60624.0,27.0,11.0,23.0
11-03822662,60624.0,27.0,11.0,23.0
11-03824148,60624.0,27.0,11.0,23.0
11-03814420,60624.0,27.0,11.0,23.0
11-03814591,60624.0,28.0,11.0,26.0
11-03814599,60624.0,28.0,11.0,26.0
11-03806860,60624.0,28.0,11.0,26.0
11-03806823,60624.0,28.0,11.0,26.0
11-03806867,60624.0,28.0,11.0,26.0
11-03807015,60624.0,28.0,11.0,26.0
11-03798539,60624.0,28.0,11.0,26.0
11-03800709,60624.0,28.0,11.0,26.0
11-03797200,60624.0,27.0,11.0,23.0
11-03789965,60624.0,24.0,11.0,29.0
11-03789940,60624.0,28.0,11.0,26.0
11-03790033,60624.0,28.0,11.0,26.0
11-03790507,60624.0,28.0,11.0,26.0
11-03790456,60624.0,28.0,11.0,26.0
11-03793847,60624.0,28.0,11.0,26.0
11-03783244,60624.0,28.0,11.0,23.0
11-03784053,60624.0,28.0,11.0,26.0
11-03784069,60624.0,28.0,11.0,26.0
11-03784141,60624.0,28.0,11.0,26.0
11-03784114,60624.0,28.0,11.0,26.0
11-03784089,60624.0,28.0,11.0,26.0
11-03786847,60624.0,28.0,11.0,26.0
11-03774848,60624.0,28.0,11.0,26.0
11-03773080,60624.0,28.0,11.0,27.0
11-03772998,60624.0,24.0,11.0,26.0
11-03774485,60624.0,28.0,11.0,27.0
11-03790020,60624.0,28.0,11.0,26.0
11-03790491,60624.0,28.0,11.0,26.0
11-03790440,60624.0,28.0,11.0,26.0
11-03775287,60624.0,28.0,11.0,26.0
11-03758069,60624.0,28.0,11.0,26.0
11-03758046,60624.0,28.0,11.0,26.0
11-03756124,60624.0,24.0,11.0,26.0
11-03747397,60624.0,28.0,11.0,26.0
11-03748497,60624.0,28.0,11.0,26.0
11-03748481,60624.0,24.0,11.0,27.0
11-03740112,60624.0,28.0,11.0,26.0
11-03740997,60624.0,28.0,11.0,27.0
11-03740982,60624.0,28.0,11.0,26.0
11-03734482,60624.0,28.0,11.0,26.0
11-03745122,60624.0,24.0,11.0,29.0
11-03744714,60624.0,28.0,11.0,26.0
11-03732708,60624.0,24.0,11.0,26.0
11-03732757,60624.0,24.0,11.0,26.0
11-03715817,60624.0,27.0,11.0,26.0
11-03709989,60624.0,28.0,11.0,26.0
11-03706990,60624.0,28.0,11.0,26.0
11-03708287,60624.0,24.0,11.0,27.0
11-03708277,60624.0,24.0,11.0,27.0
11-03708264,60624.0,24.0,11.0,27.0
11-03708234,60624.0,24.0,11.0,27.0
11-03708254,60624.0,24.0,11.0,27.0
11-03708245,60624.0,24.0,11.0,27.0
11-03706849,60624.0,28.0,11.0,26.0
11-03708732,60624.0,24.0,11.0,26.0
11-03690487,60624.0,24.0,11.0,26.0
11-03688297,60624.0,28.0,11.0,27.0
11-03675331,60624.0,28.0,11.0,26.0
11-03661275,60624.0,28.0,11.0,23.0
11-03659853,60624.0,28.0,11.0,26.0
11-03660047,60624.0,28.0,11.0,26.0
11-03656458,60624.0,27.0,11.0,23.0
11-03656436,60624.0,28.0,11.0,23.0
11-03656441,60624.0,27.0,11.0,23.0
11-03657489,60624.0,24.0,11.0,27.0
11-03645857,60624.0,27.0,11.0,23.0
11-03647463,60624.0,24.0,11.0,26.0
11-03647548,60624.0,24.0,11.0,26.0
11-03636961,60624.0,28.0,11.0,26.0
11-03640455,60624.0,28.0,11.0,27.0
11-03637179,60624.0,28.0,11.0,26.0
11-03641926,60624.0,27.0,11.0,23.0
11-03629692,60624.0,24.0,11.0,26.0
11-03629696,60624.0,24.0,11.0,26.0
11-03615243,60624.0,24.0,11.0,26.0
11-03615322,60624.0,24.0,11.0,26.0
11-03590718,60624.0,24.0,11.0,27.0
11-03565175,60624.0,28.0,11.0,26.0
11-03539660,60624.0,24.0,11.0,26.0
11-03539675,60624.0,24.0,11.0,26.0
11-03534702,60624.0,24.0,11.0,26.0
11-03526359,60624.0,28.0,11.0,23.0
11-03522424,60624.0,24.0,11.0,26.0
11-03522493,60624.0,24.0,11.0,26.0
11-03522501,60624.0,24.0,11.0,26.0
11-03505062,60624.0,28.0,11.0,27.0
11-03489488,60624.0,28.0,11.0,26.0
11-03488949,60624.0,28.0,11.0,26.0
11-03489028,60624.0,27.0,11.0,23.0
11-03489006,60624.0,28.0,11.0,27.0
11-03488932,60624.0,28.0,11.0,26.0
11-03488992,60624.0,28.0,11.0,23.0
11-03489057,60624.0,27.0,11.0,23.0
11-03473568,60624.0,28.0,11.0,26.0
11-03475989,60624.0,28.0,11.0,27.0
11-03476007,60624.0,28.0,11.0,26.0
11-03466000,60624.0,24.0,11.0,26.0
11-03466685,60624.0,24.0,11.0,26.0
11-03451746,60624.0,28.0,11.0,26.0
11-03451574,60624.0,28.0,11.0,26.0
11-03452252,60624.0,27.0,11.0,23.0
11-03452244,60624.0,28.0,11.0,27.0
11-03452229,60624.0,27.0,11.0,23.0
11-03427911,60624.0,28.0,11.0,27.0
11-03414356,60624.0,28.0,11.0,27.0
11-03414345,60624.0,28.0,11.0,27.0
11-03414333,60624.0,28.0,11.0,27.0
11-03414313,60624.0,24.0,11.0,29.0
11-03408296,60624.0,24.0,11.0,26.0
11-03399159,60624.0,28.0,11.0,26.0
11-03399571,60624.0,28.0,11.0,26.0
11-03398981,60624.0,28.0,11.0,26.0
11-03401972,60624.0,24.0,11.0,26.0
11-03393282,60624.0,28.0,11.0,26.0
11-03397635,60624.0,28.0,11.0,26.0
11-03397615,60624.0,28.0,11.0,26.0
11-03397649,60624.0,28.0,11.0,27.0
11-03378335,60624.0,28.0,11.0,27.0
11-03367156,60624.0,24.0,11.0,26.0
11-03353462,60624.0,24.0,11.0,26.0
11-03352313,60624.0,27.0,11.0,23.0
11-03352299,60624.0,28.0,11.0,23.0
11-03352343,60624.0,27.0,11.0,23.0
11-03352323,60624.0,27.0,11.0,23.0
11-03340400,60624.0,28.0,11.0,26.0
11-03328661,60624.0,24.0,11.0,26.0
11-03320695,60624.0,28.0,11.0,26.0
11-03312441,60624.0,27.0,11.0,23.0
11-03320679,60624.0,28.0,11.0,26.0
11-03298220,60624.0,28.0,11.0,26.0
11-03291919,60624.0,27.0,11.0,23.0
11-03288954,60624.0,28.0,11.0,26.0
11-03285661,60624.0,24.0,11.0,26.0
11-03285668,60624.0,28.0,11.0,26.0
11-03269349,60624.0,28.0,11.0,26.0
11-03265674,60624.0,24.0,11.0,26.0
11-03258271,60624.0,28.0,11.0,27.0
11-03250884,60624.0,24.0,11.0,26.0
11-03252315,60624.0,28.0,11.0,26.0
11-03248397,60624.0,28.0,11.0,26.0
11-03233236,60624.0,28.0,11.0,26.0
11-03195676,60624.0,28.0,11.0,27.0
11-03187898,60624.0,28.0,11.0,27.0
11-03187870,60624.0,28.0,11.0,27.0
11-03114190,60624.0,24.0,11.0,27.0
11-03037796,60624.0,28.0,11.0,26.0
11-02991470,60624.0,27.0,11.0,23.0
11-02991432,60624.0,28.0,11.0,23.0
11-02991512,60624.0,28.0,11.0,27.0
11-02991598,60624.0,27.0,11.0,23.0
11-02866644,60624.0,28.0,11.0,26.0
11-02753466,60624.0,28.0,11.0,27.0
11-02746080,60624.0,28.0,11.0,23.0
11-02746130,60624.0,28.0,11.0,27.0
11-02746107,60624.0,27.0,11.0,23.0
11-02746154,60624.0,27.0,11.0,23.0
11-02613727,60624.0,28.0,11.0,27.0
11-02574492,60624.0,28.0,11.0,26.0
11-02388716,60624.0,27.0,11.0,23.0
11-02197984,60624.0,27.0,11.0,23.0
11-02197870,60624.0,28.0,11.0,23.0
11-02198846,60624.0,28.0,11.0,27.0
11-02198890,60624.0,27.0,11.0,23.0
11-02157202,60624.0,28.0,11.0,23.0
11-02157205,60624.0,27.0,11.0,23.0
11-02157211,60624.0,27.0,11.0,23.0
11-02157207,60624.0,28.0,11.0,27.0
11-02158230,60624.0,28.0,11.0,26.0
11-02051244,60624.0,27.0,11.0,23.0
11-01950858,60624.0,28.0,11.0,26.0
11-01904995,60624.0,28.0,11.0,26.0
11-01834199,60624.0,24.0,11.0,26.0
11-01835909,60624.0,28.0,11.0,27.0
11-01814306,60624.0,24.0,11.0,29.0
11-01807317,60624.0,28.0,11.0,26.0
11-01688203,60624.0,28.0,11.0,27.0
11-01688186,60624.0,28.0,11.0,27.0
11-01424174,60624.0,24.0,11.0,26.0
11-01423877,60624.0,24.0,11.0,26.0
11-01394368,60624.0,28.0,11.0,26.0
11-01361641,60624.0,27.0,11.0,23.0
11-01360498,60624.0,27.0,11.0,26.0
11-01378115,60624.0,24.0,11.0,26.0
11-01360435,60624.0,27.0,11.0,26.0
11-01181208,60624.0,28.0,11.0,26.0
11-01180467,60624.0,28.0,11.0,27.0
11-01181298,60624.0,28.0,11.0,27.0
11-01181857,60624.0,27.0,11.0,23.0
11-01181793,60624.0,28.0,11.0,23.0
11-01181925,60624.0,27.0,11.0,23.0
11-01186593,60624.0,28.0,11.0,27.0
11-01186476,60624.0,28.0,11.0,27.0
11-01186547,60624.0,28.0,11.0,27.0
11-01186511,60624.0,28.0,11.0,27.0
11-01207796,60624.0,28.0,11.0,27.0
11-01207941,60624.0,28.0,11.0,27.0
11-01207836,60624.0,28.0,11.0,27.0
11-01181098,60624.0,27.0,11.0,23.0
11-01181059,60624.0,28.0,11.0,27.0
11-01181026,60624.0,27.0,11.0,23.0
11-01180994,60624.0,28.0,11.0,23.0
11-01154768,60624.0,24.0,11.0,26.0
11-01154710,60624.0,24.0,11.0,26.0
11-01120021,60624.0,24.0,11.0,29.0
11-01120000,60624.0,24.0,11.0,27.0
11-01120015,60624.0,24.0,11.0,29.0
11-01120009,60624.0,24.0,11.0,29.0
11-01150019,60624.0,27.0,11.0,23.0
11-01149981,60624.0,28.0,11.0,23.0
11-01150044,60624.0,27.0,11.0,23.0
11-01150030,60624.0,28.0,11.0,27.0
11-00979364,60624.0,28.0,11.0,27.0
11-00979113,60624.0,28.0,11.0,27.0
11-00979083,60624.0,28.0,11.0,27.0
11-00979172,60624.0,28.0,11.0,27.0
11-00979269,60624.0,28.0,11.0,27.0
11-00982418,60624.0,27.0,11.0,23.0
11-00982395,60624.0,27.0,11.0,23.0
11-00982407,60624.0,27.0,11.0,23.0
11-00982389,60624.0,28.0,11.0,23.0
11-00985582,60624.0,27.0,11.0,23.0
11-00952584,60624.0,28.0,11.0,26.0
11-01115385,60624.0,28.0,11.0,27.0
11-00854182,60624.0,28.0,11.0,26.0
11-00778068,60624.0,27.0,11.0,23.0
11-00696660,60624.0,28.0,11.0,26.0
11-00752872,60624.0,28.0,11.0,27.0
11-00752866,60624.0,27.0,11.0,23.0
11-00752865,60624.0,28.0,11.0,23.0
11-00752886,60624.0,27.0,11.0,23.0
11-00673816,60624.0,28.0,11.0,26.0
11-00692592,60624.0,24.0,11.0,27.0
11-00670926,60624.0,27.0,11.0,23.0
11-00653559,60624.0,24.0,11.0,26.0
11-00653582,60624.0,24.0,11.0,26.0
11-00613934,60624.0,27.0,11.0,26.0
11-00614826,60624.0,24.0,11.0,27.0
11-00562260,60624.0,24.0,11.0,29.0
11-00563570,60624.0,27.0,11.0,23.0
11-00541162,60624.0,24.0,11.0,27.0
11-00543631,60624.0,24.0,11.0,27.0
11-00525499,60624.0,28.0,11.0,26.0
11-00527089,60624.0,28.0,11.0,27.0
11-00527070,60624.0,28.0,11.0,27.0
11-00527052,60624.0,28.0,11.0,27.0
11-00541095,60624.0,24.0,11.0,27.0
11-00541115,60624.0,24.0,11.0,27.0
11-00541258,60624.0,24.0,11.0,27.0
11-00541254,60624.0,24.0,11.0,27.0
11-00511570,60624.0,24.0,11.0,27.0
11-00525086,60624.0,28.0,11.0,26.0
11-00527035,60624.0,28.0,11.0,27.0
11-00527079,60624.0,28.0,11.0,27.0
11-00527061,60624.0,28.0,11.0,27.0
11-00527108,60624.0,24.0,11.0,26.0
11-00527095,60624.0,28.0,11.0,27.0
11-00517171,60624.0,27.0,11.0,23.0
11-00498953,60624.0,24.0,11.0,26.0
11-00510858,60624.0,28.0,11.0,26.0
11-00504352,60624.0,27.0,11.0,23.0
11-00498969,60624.0,28.0,11.0,23.0
11-00483434,60624.0,28.0,11.0,27.0
11-00498958,60624.0,28.0,11.0,23.0
11-00479296,60624.0,28.0,11.0,26.0
11-00479613,60624.0,28.0,11.0,26.0
11-00479547,60624.0,28.0,11.0,26.0
11-00479533,60624.0,28.0,11.0,26.0
11-00482561,60624.0,28.0,11.0,27.0
11-00478003,60624.0,28.0,11.0,27.0
11-00460010,60624.0,,,
11-00469675,60624.0,24.0,11.0,29.0
11-00469667,60624.0,24.0,11.0,29.0
11-00469654,60624.0,24.0,11.0,29.0
11-00469706,60624.0,24.0,11.0,29.0
11-00469733,60624.0,24.0,10.0,29.0
11-00469712,60624.0,24.0,11.0,29.0
11-00469761,60624.0,28.0,11.0,26.0
11-00469809,60624.0,28.0,11.0,23.0
11-00473019,60624.0,28.0,11.0,23.0
11-00473027,60624.0,27.0,11.0,23.0
11-00473232,60624.0,27.0,11.0,23.0
11-00473033,60624.0,28.0,11.0,27.0
11-00473425,60624.0,28.0,11.0,26.0
11-00451102,60624.0,28.0,11.0,26.0
11-00452440,60624.0,27.0,11.0,23.0
11-00443580,60624.0,24.0,10.0,29.0
11-00443611,60624.0,28.0,11.0,26.0
11-00443618,60624.0,28.0,11.0,26.0
11-00437304,60624.0,27.0,11.0,23.0
11-00430131,60624.0,28.0,11.0,26.0
11-00432182,60624.0,28.0,11.0,26.0
11-00432565,60624.0,24.0,11.0,29.0
11-00435160,60624.0,24.0,11.0,26.0
11-00434890,60624.0,28.0,11.0,23.0
11-00435202,60624.0,24.0,11.0,26.0
11-00435191,60624.0,24.0,11.0,29.0
11-00435214,60624.0,24.0,11.0,26.0
11-00435231,60624.0,24.0,11.0,29.0
11-00430127,60624.0,28.0,11.0,26.0
11-00430102,60624.0,27.0,11.0,26.0
11-00430146,60624.0,28.0,11.0,26.0
11-00430410,60624.0,28.0,11.0,26.0
11-00394347,60624.0,28.0,11.0,26.0
11-00395920,60624.0,24.0,11.0,26.0
11-00385762,60624.0,27.0,11.0,23.0
11-00395659,60624.0,28.0,11.0,26.0
11-00379451,60624.0,24.0,11.0,26.0
11-00379483,60624.0,24.0,11.0,26.0
11-00378273,60624.0,27.0,11.0,23.0
11-00378269,60624.0,28.0,11.0,27.0
11-00378253,60624.0,27.0,11.0,23.0
11-00377866,60624.0,28.0,11.0,23.0
11-00345249,60624.0,28.0,11.0,26.0
11-00342075,60624.0,24.0,11.0,29.0
11-00342103,60624.0,24.0,11.0,27.0
11-00342091,60624.0,24.0,11.0,27.0
11-00342202,60624.0,24.0,11.0,29.0
11-00342201,60624.0,24.0,11.0,29.0
11-00342195,60624.0,24.0,11.0,29.0
11-00342183,60624.0,24.0,11.0,27.0
11-00331601,60624.0,28.0,11.0,26.0
11-00326025,60624.0,24.0,11.0,29.0
11-00324997,60624.0,28.0,11.0,26.0
11-00331592,60624.0,28.0,11.0,26.0
11-00331585,60624.0,24.0,11.0,26.0
11-00331576,60624.0,24.0,11.0,26.0
11-00331623,60624.0,24.0,11.0,26.0
11-00331609,60624.0,24.0,11.0,26.0
11-00331671,60624.0,24.0,11.0,26.0
11-00332857,60624.0,24.0,11.0,26.0
11-00322531,60624.0,28.0,11.0,27.0
11-00322518,60624.0,28.0,11.0,27.0
11-00324692,60624.0,28.0,11.0,26.0
11-00324679,60624.0,28.0,11.0,26.0
11-00324672,60624.0,28.0,11.0,26.0
11-00317739,60624.0,28.0,11.0,26.0
11-00310699,60624.0,28.0,11.0,27.0
11-00308334,60624.0,24.0,11.0,26.0
11-00311326,60624.0,28.0,11.0,27.0
11-00304561,60624.0,24.0,11.0,29.0
11-00179215,60624.0,28.0,11.0,23.0
11-00179226,60624.0,27.0,11.0,23.0
11-00179244,60624.0,28.0,11.0,27.0
11-00179258,60624.0,27.0,11.0,23.0
11-00155954,60624.0,28.0,11.0,27.0
11-00138320,60624.0,24.0,11.0,27.0
11-00146566,60624.0,24.0,11.0,29.0
11-00146743,60624.0,24.0,11.0,29.0
11-00146776,60624.0,24.0,11.0,29.0
11-00146785,60624.0,24.0,11.0,29.0
11-00146799,60624.0,24.0,10.0,29.0
11-00147937,60624.0,24.0,11.0,29.0
11-00138678,60624.0,24.0,10.0,29.0
11-00138683,60624.0,24.0,10.0,29.0
11-00138690,60624.0,24.0,10.0,29.0
11-00138700,60624.0,24.0,10.0,29.0
11-00138707,60624.0,24.0,10.0,29.0
11-00124420,60624.0,24.0,11.0,26.0
11-00110464,60624.0,28.0,11.0,26.0
11-00109926,60624.0,28.0,11.0,23.0
11-00109936,60624.0,27.0,11.0,23.0
11-00110013,60624.0,28.0,11.0,27.0
11-00110040,60624.0,27.0,11.0,23.0
11-00110291,60624.0,24.0,11.0,29.0
11-00089476,60624.0,24.0,11.0,29.0
11-00089481,60624.0,24.0,11.0,29.0
11-00089453,60624.0,24.0,11.0,29.0
11-00089468,60624.0,24.0,11.0,29.0
11-00078679,60624.0,28.0,11.0,27.0
11-00066854,60624.0,27.0,11.0,26.0
11-00066850,60624.0,27.0,11.0,26.0
11-00068633,60624.0,24.0,11.0,29.0
11-00068642,60624.0,24.0,11.0,26.0
11-00056285,60624.0,28.0,11.0,23.0
11-00060613,60624.0,24.0,11.0,29.0
11-00060688,60624.0,24.0,11.0,29.0
11-00060905,60624.0,24.0,11.0,27.0
11-00061327,60624.0,28.0,11.0,26.0
11-00061491,60624.0,28.0,11.0,26.0
11-00061505,60624.0,28.0,11.0,26.0
11-00050126,60624.0,28.0,11.0,26.0
11-00056273,60624.0,28.0,11.0,23.0
11-00049263,60624.0,24.0,11.0,27.0
11-00049276,60624.0,24.0,11.0,27.0
11-00049281,60624.0,24.0,11.0,27.0
11-00051650,60624.0,24.0,11.0,27.0
11-00033620,60624.0,24.0,11.0,27.0
11-00033157,60624.0,27.0,11.0,26.0
11-00033162,60624.0,28.0,11.0,27.0
11-00034351,60624.0,24.0,11.0,26.0
11-00034373,60624.0,24.0,11.0,26.0
11-00034783,60624.0,24.0,11.0,27.0
11-00034788,60624.0,24.0,11.0,27.0
11-00034795,60624.0,24.0,11.0,27.0
11-00041834,60624.0,24.0,11.0,27.0
11-00042010,60624.0,28.0,11.0,27.0
11-00042017,60624.0,28.0,11.0,27.0
11-00042237,60624.0,28.0,11.0,27.0
11-00043807,60624.0,27.0,11.0,23.0
11-00033178,60624.0,27.0,11.0,26.0
11-00033222,60624.0,28.0,11.0,27.0
11-00034810,60624.0,24.0,11.0,27.0
11-00032427,60624.0,24.0,11.0,27.0
11-00033469,60624.0,24.0,11.0,26.0
11-00033488,60624.0,24.0,11.0,26.0
11-00033511,60624.0,24.0,11.0,27.0
11-00033519,60624.0,24.0,11.0,27.0
11-00033606,60624.0,24.0,11.0,27.0
11-00033626,60624.0,24.0,11.0,27.0
11-00033633,60624.0,24.0,11.0,27.0
11-00033707,60624.0,28.0,11.0,27.0
11-00033717,60624.0,28.0,11.0,27.0
11-00034333,60624.0,24.0,11.0,26.0
11-00034363,60624.0,24.0,11.0,26.0
11-00034769,60624.0,24.0,10.0,29.0
11-00034772,60624.0,24.0,11.0,27.0
11-00034800,60624.0,24.0,11.0,27.0
11-00034815,60624.0,24.0,11.0,27.0
11-00034825,60624.0,28.0,11.0,27.0
11-00026632,60624.0,24.0,11.0,27.0
11-00026636,60624.0,24.0,11.0,26.0
11-00026643,60624.0,24.0,11.0,26.0
11-00026660,60624.0,28.0,11.0,26.0
11-00026674,60624.0,24.0,11.0,26.0
11-00026716,60624.0,24.0,11.0,26.0
11-00027619,60624.0,24.0,11.0,26.0
11-00006302,60624.0,24.0,11.0,27.0
11-00006296,60624.0,24.0,11.0,26.0
11-00005494,60624.0,24.0,11.0,26.0
11-00005488,60624.0,24.0,11.0,27.0
11-00006289,60624.0,24.0,11.0,26.0
11-00005506,60624.0,28.0,11.0,27.0
