15-04857042,60620.0,17.0,6.0,71.0
15-04851543,60620.0,18.0,8.0,70.0
15-04824771,60620.0,18.0,6.0,71.0
15-04829857,60620.0,21.0,22.0,71.0
15-04829757,60620.0,21.0,22.0,71.0
15-04825430,60620.0,21.0,22.0,71.0
15-04809220,60620.0,18.0,8.0,70.0
15-04802560,60620.0,17.0,6.0,71.0
15-04796100,60620.0,21.0,22.0,71.0
15-04736926,60620.0,17.0,6.0,68.0
15-04736931,60620.0,17.0,6.0,68.0
15-04680649,60620.0,17.0,6.0,71.0
15-04645874,60620.0,21.0,6.0,71.0
15-04644633,60620.0,17.0,6.0,71.0
15-04592457,60620.0,17.0,6.0,71.0
15-04566513,60620.0,17.0,6.0,71.0
15-04573495,60620.0,21.0,22.0,71.0
15-04544631,60620.0,18.0,6.0,71.0
15-04499109,60620.0,17.0,6.0,68.0
15-04405273,60620.0,21.0,6.0,71.0
15-04405319,60620.0,21.0,6.0,71.0
15-04353052,60620.0,17.0,6.0,71.0
15-04353005,60620.0,21.0,22.0,73.0
15-04353009,60620.0,21.0,22.0,71.0
15-04353063,60620.0,21.0,22.0,73.0
15-04353070,60620.0,21.0,22.0,73.0
15-04286821,60620.0,21.0,6.0,71.0
15-04235462,60620.0,17.0,6.0,71.0
15-04235470,60620.0,17.0,6.0,71.0
15-04152576,60620.0,21.0,6.0,71.0
15-04081913,60620.0,17.0,6.0,69.0
15-04084886,60620.0,21.0,6.0,71.0
15-04041061,60620.0,21.0,6.0,71.0
15-03976013,60620.0,21.0,22.0,71.0
15-03873135,60620.0,21.0,6.0,71.0
15-03835379,60620.0,21.0,22.0,71.0
15-03805328,60620.0,21.0,22.0,73.0
15-03667373,60620.0,17.0,6.0,44.0
15-03651439,60620.0,17.0,6.0,71.0
15-03649800,60620.0,21.0,6.0,71.0
15-03613177,60620.0,21.0,6.0,44.0
15-03618684,60620.0,21.0,6.0,49.0
15-03589438,60620.0,21.0,22.0,73.0
15-03589477,60620.0,21.0,22.0,73.0
15-03589445,60620.0,21.0,22.0,73.0
15-03565272,60620.0,17.0,6.0,68.0
15-03563298,60620.0,17.0,6.0,44.0
15-03547818,60620.0,21.0,22.0,73.0
15-03417484,60620.0,21.0,6.0,71.0
15-03367234,60620.0,17.0,6.0,71.0
15-03326793,60620.0,21.0,6.0,44.0
15-03231547,60620.0,21.0,6.0,44.0
15-03184117,60620.0,17.0,6.0,44.0
15-03122908,60620.0,17.0,6.0,71.0
15-03124679,60620.0,18.0,6.0,70.0
15-03062593,60620.0,17.0,6.0,71.0
15-02999144,60620.0,21.0,22.0,71.0
15-02993914,60620.0,18.0,6.0,71.0
15-02993925,60620.0,18.0,6.0,71.0
15-02993933,60620.0,18.0,6.0,71.0
15-02829537,60620.0,18.0,8.0,70.0
15-02829834,60620.0,18.0,8.0,70.0
15-02775269,60620.0,17.0,6.0,71.0
15-02749157,60620.0,18.0,6.0,71.0
15-02729823,60620.0,21.0,22.0,73.0
15-02610666,60620.0,17.0,6.0,69.0
15-02607082,60620.0,18.0,8.0,70.0
15-02606967,60620.0,18.0,8.0,70.0
15-02606979,60620.0,18.0,8.0,70.0
15-02607036,60620.0,18.0,8.0,70.0
15-02607056,60620.0,18.0,8.0,70.0
15-02607045,60620.0,18.0,8.0,70.0
15-02607090,60620.0,18.0,8.0,70.0
15-02585116,60620.0,17.0,6.0,71.0
15-02585220,60620.0,17.0,6.0,71.0
15-02585241,60620.0,17.0,6.0,71.0
15-02585246,60620.0,17.0,6.0,71.0
15-02559701,60620.0,17.0,6.0,71.0
15-02569024,60620.0,21.0,22.0,73.0
15-02520754,60620.0,21.0,6.0,44.0
15-02488986,60620.0,17.0,6.0,71.0
15-02464910,60620.0,18.0,8.0,70.0
15-02465225,60620.0,18.0,8.0,70.0
15-02473104,60620.0,17.0,6.0,71.0
15-02411395,60620.0,17.0,6.0,44.0
15-02427825,60620.0,17.0,6.0,71.0
15-02328030,60620.0,21.0,22.0,73.0
15-02316203,60620.0,17.0,6.0,71.0
15-02300929,60620.0,21.0,22.0,71.0
15-02314396,60620.0,18.0,8.0,70.0
15-02314030,60620.0,21.0,6.0,71.0
15-02279275,60620.0,21.0,6.0,49.0
15-02251333,60620.0,21.0,6.0,49.0
15-02250915,60620.0,21.0,6.0,49.0
15-02187601,60620.0,17.0,6.0,71.0
15-02160694,60620.0,21.0,6.0,44.0
15-02124081,60620.0,21.0,6.0,71.0
15-02103319,60620.0,21.0,22.0,73.0
15-02103298,60620.0,21.0,22.0,73.0
15-02103288,60620.0,21.0,22.0,73.0
15-01954221,60620.0,17.0,6.0,44.0
15-01953954,60620.0,18.0,8.0,70.0
15-01953883,60620.0,18.0,8.0,70.0
15-01953828,60620.0,18.0,8.0,70.0
15-01953816,60620.0,18.0,8.0,70.0
15-01953681,60620.0,18.0,6.0,70.0
15-01953307,60620.0,18.0,6.0,70.0
15-01953298,60620.0,18.0,6.0,70.0
15-01953679,60620.0,18.0,6.0,70.0
15-01954227,60620.0,17.0,6.0,44.0
15-01927993,60620.0,17.0,6.0,44.0
15-01928081,60620.0,21.0,6.0,44.0
15-01900114,60620.0,17.0,6.0,44.0
15-01913273,60620.0,17.0,6.0,71.0
15-01880820,60620.0,21.0,22.0,71.0
15-01859869,60620.0,18.0,8.0,70.0
15-01788311,60620.0,17.0,6.0,71.0
15-01770873,60620.0,17.0,6.0,71.0
15-01665069,60620.0,21.0,22.0,71.0
15-01673996,60620.0,21.0,22.0,73.0
15-01674134,60620.0,17.0,6.0,71.0
15-01548789,60620.0,17.0,6.0,71.0
15-01528085,60620.0,21.0,22.0,73.0
15-01499694,60620.0,18.0,6.0,71.0
15-01458535,60620.0,17.0,6.0,71.0
15-01369368,60620.0,21.0,22.0,71.0
15-01343296,60620.0,21.0,22.0,73.0
15-01352355,60620.0,21.0,22.0,71.0
15-01326924,60620.0,17.0,6.0,69.0
15-01221365,60620.0,21.0,22.0,73.0
15-01113464,60620.0,17.0,6.0,71.0
15-01115084,60620.0,18.0,8.0,70.0
15-01115078,60620.0,18.0,8.0,70.0
15-01115071,60620.0,18.0,8.0,70.0
15-01017866,60620.0,18.0,6.0,71.0
15-00934468,60620.0,18.0,6.0,71.0
15-00918305,60620.0,21.0,22.0,71.0
15-00879737,60620.0,18.0,8.0,70.0
15-00879733,60620.0,18.0,8.0,70.0
15-00879744,60620.0,18.0,8.0,70.0
15-00835822,60620.0,21.0,6.0,71.0
15-00824342,60620.0,18.0,8.0,70.0
15-00824313,60620.0,18.0,8.0,70.0
15-00824325,60620.0,18.0,8.0,70.0
15-00823540,60620.0,17.0,6.0,71.0
15-00823394,60620.0,17.0,6.0,71.0
15-00823392,60620.0,17.0,6.0,71.0
15-00817502,60620.0,21.0,6.0,71.0
15-00785843,60620.0,17.0,6.0,71.0
15-00746575,60620.0,17.0,6.0,71.0
15-00631717,60620.0,17.0,6.0,44.0
15-00632121,60620.0,17.0,6.0,71.0
15-00528913,60620.0,17.0,6.0,71.0
15-00528910,60620.0,17.0,6.0,71.0
15-00528906,60620.0,17.0,6.0,71.0
15-00528889,60620.0,17.0,6.0,71.0
15-00528903,60620.0,17.0,6.0,71.0
15-00528892,60620.0,17.0,6.0,71.0
15-00528895,60620.0,17.0,6.0,71.0
15-00520849,60620.0,21.0,6.0,71.0
15-00528438,60620.0,21.0,22.0,73.0
15-00503648,60620.0,17.0,6.0,71.0
15-00509192,60620.0,18.0,6.0,71.0
15-00420568,60620.0,21.0,6.0,71.0
15-00312080,60620.0,21.0,6.0,71.0
15-00312088,60620.0,21.0,6.0,71.0
15-00275810,60620.0,18.0,8.0,70.0
15-00276227,60620.0,17.0,6.0,71.0
15-00276194,60620.0,18.0,8.0,70.0
15-00276217,60620.0,17.0,6.0,71.0
15-00276301,60620.0,17.0,6.0,71.0
15-00276245,60620.0,17.0,6.0,71.0
15-00276236,60620.0,17.0,6.0,71.0
15-00276313,60620.0,18.0,6.0,71.0
15-00276453,60620.0,21.0,22.0,73.0
15-00280461,60620.0,17.0,6.0,71.0
15-00280506,60620.0,17.0,6.0,71.0
15-00239364,60620.0,17.0,6.0,71.0
15-00240661,60620.0,17.0,6.0,71.0
15-00174153,60620.0,17.0,6.0,71.0
15-00165407,60620.0,21.0,6.0,71.0
15-00168114,60620.0,18.0,8.0,70.0
15-00158207,60620.0,17.0,6.0,71.0
15-00163259,60620.0,17.0,6.0,71.0
15-00124751,60620.0,17.0,6.0,71.0
15-00125196,60620.0,18.0,6.0,71.0
15-00126180,60620.0,21.0,22.0,73.0
15-00100574,60620.0,17.0,6.0,71.0
15-00101757,60620.0,17.0,6.0,68.0
15-00004729,60620.0,21.0,22.0,73.0
14-02182998,60620.0,17.0,6.0,71.0
14-02158092,60620.0,17.0,6.0,71.0
14-02138239,60620.0,17.0,6.0,71.0
14-02120475,60620.0,21.0,22.0,73.0
14-02114803,60620.0,18.0,8.0,70.0
14-02060547,60620.0,21.0,22.0,73.0
14-02060543,60620.0,21.0,22.0,73.0
14-02014551,60620.0,17.0,6.0,71.0
14-02014554,60620.0,17.0,6.0,71.0
14-02013912,60620.0,18.0,6.0,71.0
14-02013924,60620.0,18.0,6.0,71.0
14-02007202,60620.0,18.0,6.0,71.0
14-02004657,60620.0,18.0,8.0,70.0
14-02007527,60620.0,18.0,8.0,70.0
14-01995091,60620.0,17.0,6.0,71.0
14-01985025,60620.0,18.0,6.0,71.0
14-01984977,60620.0,18.0,6.0,71.0
14-01985299,60620.0,18.0,6.0,71.0
14-01979623,60620.0,17.0,6.0,71.0
14-01970776,60620.0,19.0,22.0,72.0
14-01974084,60620.0,18.0,6.0,71.0
14-01974436,60620.0,18.0,6.0,71.0
14-01974432,60620.0,18.0,6.0,71.0
14-01948542,60620.0,17.0,6.0,71.0
14-01948544,60620.0,21.0,22.0,73.0
14-01948404,60620.0,17.0,6.0,71.0
14-01939134,60620.0,21.0,6.0,71.0
14-01932424,60620.0,21.0,22.0,73.0
14-01924282,60620.0,17.0,6.0,71.0
14-01915455,60620.0,18.0,6.0,71.0
14-01909704,60620.0,21.0,6.0,71.0
14-01911526,60620.0,21.0,6.0,71.0
14-01910951,60620.0,21.0,22.0,73.0
14-01884902,60620.0,21.0,6.0,71.0
14-01865366,60620.0,21.0,22.0,71.0
14-01865418,60620.0,21.0,22.0,71.0
14-01865395,60620.0,21.0,22.0,71.0
14-01854189,60620.0,18.0,8.0,70.0
14-01844077,60620.0,17.0,6.0,71.0
14-01837841,60620.0,21.0,22.0,71.0
14-01831299,60620.0,21.0,22.0,73.0
14-01830470,60620.0,21.0,6.0,71.0
14-01834928,60620.0,17.0,6.0,44.0
14-01823559,60620.0,17.0,6.0,71.0
14-01814278,60620.0,21.0,22.0,73.0
14-01815233,60620.0,18.0,6.0,71.0
14-01809201,60620.0,21.0,6.0,71.0
14-01804005,60620.0,18.0,6.0,71.0
14-01787103,60620.0,21.0,22.0,71.0
14-01769111,60620.0,17.0,6.0,71.0
14-01769168,60620.0,21.0,22.0,73.0
14-01754965,60620.0,17.0,6.0,71.0
14-01760774,60620.0,21.0,22.0,73.0
14-01756976,60620.0,17.0,6.0,71.0
14-01738348,60620.0,17.0,6.0,44.0
14-01738428,60620.0,17.0,6.0,44.0
14-01743765,60620.0,21.0,22.0,73.0
14-01738618,60620.0,18.0,8.0,70.0
14-01733992,60620.0,17.0,6.0,44.0
14-01731026,60620.0,17.0,6.0,71.0
14-01721370,60620.0,17.0,6.0,44.0
14-01725027,60620.0,17.0,6.0,71.0
14-01721127,60620.0,18.0,8.0,70.0
14-01716859,60620.0,17.0,6.0,71.0
14-01703476,60620.0,17.0,6.0,71.0
14-01704966,60620.0,17.0,6.0,71.0
14-01635062,60620.0,17.0,6.0,44.0
14-01618114,60620.0,17.0,6.0,44.0
14-01598771,60620.0,17.0,6.0,71.0
14-01594922,60620.0,21.0,22.0,73.0
14-01588371,60620.0,18.0,6.0,71.0
14-01575419,60620.0,17.0,6.0,71.0
14-01575404,60620.0,17.0,6.0,71.0
14-01544644,60620.0,17.0,6.0,71.0
14-01544930,60620.0,17.0,6.0,71.0
14-01503821,60620.0,18.0,8.0,70.0
14-01481415,60620.0,21.0,6.0,71.0
14-01482178,60620.0,17.0,6.0,71.0
14-01482156,60620.0,17.0,6.0,71.0
14-01461930,60620.0,21.0,6.0,71.0
14-01466108,60620.0,21.0,22.0,71.0
14-01465254,60620.0,21.0,22.0,73.0
14-01465245,60620.0,21.0,6.0,71.0
14-01465247,60620.0,21.0,22.0,71.0
14-01465233,60620.0,21.0,6.0,71.0
14-01465228,60620.0,21.0,6.0,71.0
14-01465225,60620.0,17.0,6.0,71.0
14-01465235,60620.0,21.0,22.0,71.0
14-01465256,60620.0,21.0,22.0,73.0
14-01451986,60620.0,21.0,6.0,71.0
14-01434812,60620.0,21.0,22.0,73.0
14-01423948,60620.0,21.0,22.0,71.0
14-01416885,60620.0,17.0,6.0,71.0
14-01412674,60620.0,21.0,22.0,71.0
14-01387026,60620.0,18.0,8.0,70.0
14-01377049,60620.0,18.0,8.0,70.0
14-01346743,60620.0,21.0,22.0,73.0
14-01335829,60620.0,21.0,6.0,71.0
14-01322598,60620.0,21.0,6.0,71.0
14-01322956,60620.0,21.0,22.0,73.0
14-01312970,60620.0,21.0,22.0,73.0
14-01299590,60620.0,17.0,6.0,44.0
14-01299583,60620.0,17.0,6.0,44.0
14-01299793,60620.0,21.0,22.0,73.0
14-01299110,60620.0,21.0,22.0,73.0
14-01297889,60620.0,21.0,22.0,73.0
14-01292070,60620.0,21.0,22.0,73.0
14-01291943,60620.0,21.0,22.0,73.0
14-01280727,60620.0,17.0,6.0,44.0
14-01283926,60620.0,21.0,22.0,73.0
14-01275889,60620.0,21.0,22.0,73.0
14-01274202,60620.0,21.0,22.0,73.0
14-01275451,60620.0,21.0,22.0,73.0
14-01274912,60620.0,21.0,22.0,73.0
14-01274916,60620.0,21.0,22.0,73.0
14-01263491,60620.0,21.0,22.0,73.0
14-01247971,60620.0,21.0,22.0,73.0
14-01249405,60620.0,21.0,22.0,73.0
14-01234899,60620.0,21.0,22.0,71.0
14-01213891,60620.0,21.0,22.0,73.0
14-01203039,60620.0,21.0,22.0,73.0
14-01182303,60620.0,18.0,6.0,71.0
14-01170999,60620.0,21.0,6.0,44.0
14-01170618,60620.0,18.0,6.0,71.0
14-01167683,60620.0,21.0,6.0,71.0
14-01147264,60620.0,21.0,6.0,49.0
14-01147302,60620.0,21.0,6.0,49.0
14-01147272,60620.0,21.0,6.0,49.0
14-01147280,60620.0,21.0,6.0,49.0
14-01147305,60620.0,21.0,6.0,49.0
14-01147321,60620.0,21.0,6.0,49.0
14-01124655,60620.0,21.0,6.0,44.0
14-01120721,60620.0,18.0,8.0,70.0
14-01102517,60620.0,21.0,22.0,71.0
14-01084862,60620.0,18.0,6.0,71.0
14-01087057,60620.0,18.0,6.0,71.0
14-01072191,60620.0,18.0,6.0,71.0
14-01038967,60620.0,21.0,6.0,44.0
14-01039030,60620.0,21.0,6.0,44.0
14-01025472,60620.0,21.0,6.0,71.0
14-01025460,60620.0,18.0,6.0,71.0
14-01011473,60620.0,21.0,22.0,73.0
14-00996604,60620.0,18.0,8.0,70.0
14-00990148,60620.0,18.0,6.0,71.0
14-00990172,60620.0,21.0,6.0,71.0
14-00990154,60620.0,21.0,6.0,71.0
14-00990115,60620.0,18.0,6.0,71.0
14-00990103,60620.0,18.0,6.0,71.0
14-00981828,60620.0,18.0,6.0,71.0
14-00972418,60620.0,18.0,6.0,71.0
14-00961761,60620.0,18.0,6.0,71.0
14-00960418,60620.0,21.0,6.0,44.0
14-00958274,60620.0,17.0,6.0,69.0
14-00950174,60620.0,21.0,22.0,73.0
14-00950141,60620.0,21.0,22.0,73.0
14-00946739,60620.0,21.0,22.0,73.0
14-00946585,60620.0,21.0,22.0,73.0
14-00940720,60620.0,21.0,22.0,73.0
14-00940703,60620.0,18.0,6.0,71.0
14-00940698,60620.0,18.0,6.0,71.0
14-00940711,60620.0,18.0,6.0,71.0
14-00932168,60620.0,17.0,6.0,71.0
14-00930633,60620.0,18.0,6.0,70.0
14-00929442,60620.0,18.0,6.0,71.0
14-00930464,60620.0,21.0,22.0,73.0
14-00935768,60620.0,18.0,6.0,71.0
14-00923709,60620.0,18.0,6.0,71.0
14-00918500,60620.0,21.0,6.0,71.0
14-00918479,60620.0,21.0,22.0,71.0
14-00913019,60620.0,18.0,6.0,71.0
14-00911947,60620.0,17.0,6.0,71.0
14-00908594,60620.0,18.0,6.0,71.0
14-00901162,60620.0,21.0,6.0,71.0
14-00894731,60620.0,17.0,6.0,71.0
14-00862239,60620.0,21.0,6.0,71.0
14-00856461,60620.0,21.0,6.0,71.0
14-00856460,60620.0,21.0,6.0,71.0
14-00852427,60620.0,21.0,22.0,73.0
14-00840327,60620.0,21.0,6.0,71.0
14-00827486,60620.0,21.0,22.0,71.0
14-00824305,60620.0,21.0,22.0,71.0
14-00819790,60620.0,21.0,6.0,49.0
14-00811076,60620.0,21.0,22.0,73.0
14-00777272,60620.0,17.0,6.0,71.0
14-00753385,60620.0,21.0,6.0,71.0
14-00755148,60620.0,21.0,22.0,73.0
14-00743368,60620.0,21.0,22.0,73.0
14-00743407,60620.0,21.0,22.0,73.0
14-00743383,60620.0,21.0,22.0,73.0
14-00740013,60620.0,21.0,6.0,71.0
14-00732658,60620.0,21.0,22.0,73.0
14-00719289,60620.0,21.0,22.0,73.0
14-00703017,60620.0,21.0,6.0,71.0
14-00701200,60620.0,21.0,6.0,71.0
14-00701223,60620.0,21.0,6.0,71.0
14-00701228,60620.0,21.0,6.0,71.0
14-00678584,60620.0,21.0,6.0,71.0
14-00656091,60620.0,21.0,6.0,71.0
14-00657985,60620.0,21.0,6.0,71.0
14-00617110,60620.0,18.0,8.0,70.0
14-00573054,60620.0,21.0,6.0,71.0
14-00562175,60620.0,21.0,22.0,71.0
14-00562156,60620.0,18.0,6.0,71.0
14-00562163,60620.0,18.0,6.0,71.0
14-00557979,60620.0,21.0,6.0,44.0
14-00542726,60620.0,18.0,6.0,71.0
14-00530629,60620.0,18.0,6.0,71.0
14-00493144,60620.0,18.0,6.0,71.0
14-00483638,60620.0,21.0,6.0,71.0
14-00475866,60620.0,21.0,6.0,71.0
14-00475871,60620.0,21.0,6.0,71.0
14-00475885,60620.0,21.0,6.0,71.0
14-00475876,60620.0,21.0,6.0,71.0
14-00475668,60620.0,18.0,8.0,70.0
14-00470968,60620.0,21.0,22.0,71.0
14-00459275,60620.0,21.0,6.0,71.0
14-00450915,60620.0,21.0,22.0,73.0
14-00438118,60620.0,21.0,6.0,71.0
14-00425088,60620.0,21.0,6.0,71.0
14-00426016,60620.0,21.0,22.0,71.0
14-00405117,60620.0,21.0,6.0,71.0
14-00392204,60620.0,18.0,8.0,70.0
14-00384380,60620.0,21.0,22.0,71.0
14-00359640,60620.0,21.0,6.0,71.0
14-00359669,60620.0,21.0,6.0,71.0
14-00275823,60620.0,18.0,6.0,71.0
14-00275832,60620.0,18.0,6.0,71.0
14-00257890,60620.0,21.0,6.0,44.0
14-00253379,60620.0,18.0,6.0,71.0
14-00245950,60620.0,17.0,6.0,71.0
14-00237813,60620.0,21.0,22.0,73.0
14-00237833,60620.0,21.0,22.0,73.0
14-00231203,60620.0,21.0,6.0,71.0
14-00223166,60620.0,18.0,6.0,71.0
14-00218468,60620.0,17.0,6.0,71.0
14-00218759,60620.0,17.0,6.0,68.0
14-00218746,60620.0,17.0,6.0,68.0
14-00217808,60620.0,21.0,22.0,73.0
14-00215793,60620.0,21.0,22.0,73.0
14-00211932,60620.0,6.0,6.0,69.0
14-00212053,60620.0,21.0,22.0,71.0
14-00190483,60620.0,17.0,6.0,71.0
14-00176419,60620.0,21.0,6.0,71.0
14-00176418,60620.0,21.0,6.0,71.0
14-00157470,60620.0,21.0,6.0,71.0
14-00157457,60620.0,21.0,22.0,73.0
14-00141575,60620.0,21.0,6.0,71.0
14-00141573,60620.0,21.0,6.0,71.0
14-00141611,60620.0,21.0,6.0,71.0
14-00141585,60620.0,21.0,6.0,71.0
14-00141584,60620.0,21.0,6.0,71.0
14-00141610,60620.0,21.0,6.0,71.0
14-00141591,60620.0,21.0,6.0,71.0
14-00141599,60620.0,21.0,6.0,71.0
14-00141598,60620.0,21.0,6.0,71.0
14-00136335,60620.0,17.0,6.0,69.0
14-00123094,60620.0,21.0,6.0,71.0
14-00123078,60620.0,21.0,6.0,71.0
14-00112599,60620.0,21.0,6.0,71.0
14-00107792,60620.0,21.0,22.0,73.0
14-00110423,60620.0,17.0,6.0,71.0
14-00085648,60620.0,17.0,6.0,71.0
14-00077237,60620.0,21.0,6.0,44.0
14-00075540,60620.0,17.0,6.0,68.0
14-00069168,60620.0,21.0,22.0,71.0
14-00069140,60620.0,21.0,22.0,71.0
14-00069152,60620.0,21.0,22.0,71.0
14-00068330,60620.0,21.0,6.0,71.0
14-00053880,60620.0,21.0,6.0,49.0
14-00053864,60620.0,21.0,6.0,49.0
14-00054003,60620.0,21.0,6.0,49.0
14-00054040,60620.0,21.0,6.0,49.0
14-00056575,60620.0,17.0,6.0,71.0
14-00058980,60620.0,17.0,6.0,71.0
14-00054425,60620.0,21.0,22.0,71.0
14-00030599,60620.0,21.0,6.0,71.0
14-00017692,60620.0,17.0,6.0,71.0
14-00013836,60620.0,21.0,6.0,49.0
13-01906225,60620.0,17.0,6.0,71.0
13-01909401,60620.0,21.0,22.0,71.0
13-01909395,60620.0,21.0,22.0,71.0
13-01904105,60620.0,21.0,6.0,44.0
13-01900026,60620.0,21.0,6.0,44.0
13-01875638,60620.0,17.0,6.0,69.0
13-01869092,60620.0,17.0,6.0,71.0
13-01854584,60620.0,17.0,6.0,71.0
13-01854570,60620.0,17.0,6.0,69.0
13-01854516,60620.0,17.0,6.0,69.0
13-01849098,60620.0,17.0,6.0,44.0
13-01849097,60620.0,17.0,6.0,44.0
13-01848023,60620.0,17.0,6.0,44.0
13-01843320,60620.0,17.0,6.0,71.0
13-01839100,60620.0,17.0,6.0,44.0
13-01832782,60620.0,17.0,6.0,71.0
13-01831132,60620.0,21.0,6.0,71.0
13-01810818,60620.0,21.0,6.0,71.0
13-01810804,60620.0,21.0,6.0,71.0
13-01810834,60620.0,21.0,6.0,71.0
13-01810846,60620.0,21.0,6.0,71.0
13-01810842,60620.0,21.0,6.0,71.0
13-01806623,60620.0,18.0,8.0,70.0
13-01778045,60620.0,21.0,6.0,71.0
13-01779301,60620.0,21.0,6.0,71.0
13-01754801,60620.0,18.0,8.0,70.0
13-01744910,60620.0,21.0,6.0,71.0
13-01720139,60620.0,21.0,6.0,71.0
13-01713396,60620.0,21.0,6.0,71.0
13-01713435,60620.0,17.0,6.0,71.0
13-01706526,60620.0,18.0,8.0,70.0
13-01702538,60620.0,18.0,6.0,71.0
13-01702578,60620.0,21.0,22.0,71.0
13-01702585,60620.0,17.0,6.0,71.0
13-01701549,60620.0,18.0,6.0,71.0
13-01701544,60620.0,18.0,6.0,71.0
13-01671802,60620.0,21.0,22.0,71.0
13-01666036,60620.0,18.0,8.0,70.0
13-01666028,60620.0,18.0,8.0,70.0
13-01666425,60620.0,21.0,6.0,71.0
13-01666434,60620.0,21.0,6.0,71.0
13-01665961,60620.0,21.0,22.0,71.0
13-01647774,60620.0,21.0,22.0,71.0
13-01643130,60620.0,18.0,8.0,70.0
13-01634367,60620.0,17.0,6.0,71.0
13-01621827,60620.0,21.0,6.0,71.0
13-01612775,60620.0,21.0,6.0,71.0
13-01586679,60620.0,18.0,6.0,71.0
13-01572102,60620.0,17.0,6.0,69.0
13-01572087,60620.0,17.0,6.0,69.0
13-01569819,60620.0,21.0,22.0,71.0
13-01572043,60620.0,17.0,6.0,69.0
13-01572271,60620.0,21.0,22.0,71.0
13-01572225,60620.0,21.0,22.0,71.0
13-01572133,60620.0,21.0,22.0,71.0
13-01572248,60620.0,21.0,22.0,71.0
13-01569797,60620.0,21.0,22.0,71.0
13-01569780,60620.0,21.0,22.0,71.0
13-01561163,60620.0,21.0,22.0,73.0
13-01560077,60620.0,18.0,8.0,70.0
13-01555764,60620.0,21.0,22.0,71.0
13-01556228,60620.0,17.0,6.0,69.0
13-01556248,60620.0,17.0,6.0,69.0
13-01556238,60620.0,17.0,6.0,69.0
13-01546029,60620.0,18.0,6.0,71.0
13-01546401,60620.0,18.0,6.0,71.0
13-01532942,60620.0,18.0,6.0,71.0
13-01532943,60620.0,18.0,6.0,71.0
13-01532944,60620.0,18.0,6.0,71.0
13-01532945,60620.0,18.0,6.0,71.0
13-01516189,60620.0,21.0,6.0,71.0
13-01498582,60620.0,18.0,8.0,70.0
13-01498525,60620.0,18.0,8.0,70.0
13-01498619,60620.0,21.0,6.0,44.0
13-01498667,60620.0,17.0,6.0,71.0
13-01497556,60620.0,17.0,6.0,71.0
13-01498700,60620.0,17.0,6.0,71.0
13-01498718,60620.0,21.0,6.0,44.0
13-01491553,60620.0,17.0,6.0,71.0
13-01490275,60620.0,18.0,6.0,71.0
13-01485804,60620.0,17.0,6.0,71.0
13-01482711,60620.0,18.0,8.0,70.0
13-01479478,60620.0,21.0,22.0,73.0
13-01460614,60620.0,21.0,22.0,71.0
13-01460525,60620.0,17.0,6.0,71.0
13-01429491,60620.0,21.0,22.0,73.0
13-01416020,60620.0,17.0,6.0,71.0
13-01400422,60620.0,17.0,6.0,71.0
13-01392395,60620.0,21.0,6.0,44.0
13-01378181,60620.0,17.0,6.0,71.0
13-01364407,60620.0,17.0,6.0,44.0
13-01338126,60620.0,21.0,6.0,71.0
13-01340912,60620.0,17.0,6.0,69.0
13-01340361,60620.0,17.0,6.0,69.0
13-01330026,60620.0,21.0,22.0,71.0
13-01323484,60620.0,21.0,6.0,44.0
13-01319322,60620.0,21.0,22.0,71.0
13-01317488,60620.0,21.0,22.0,73.0
13-01292265,60620.0,21.0,6.0,44.0
13-01291998,60620.0,18.0,6.0,71.0
13-01291970,60620.0,18.0,6.0,71.0
13-01294952,60620.0,21.0,22.0,73.0
13-01292281,60620.0,21.0,22.0,73.0
13-01292535,60620.0,21.0,6.0,44.0
13-01280471,60620.0,17.0,6.0,71.0
13-01247853,60620.0,18.0,6.0,71.0
13-01247710,60620.0,21.0,6.0,71.0
13-01240606,60620.0,17.0,6.0,69.0
13-01230728,60620.0,17.0,6.0,69.0
13-01230587,60620.0,21.0,22.0,71.0
13-01230767,60620.0,17.0,6.0,69.0
13-01230783,60620.0,17.0,6.0,69.0
13-01227973,60620.0,21.0,22.0,71.0
13-01225846,60620.0,21.0,6.0,71.0
13-01227175,60620.0,21.0,22.0,73.0
13-01218217,60620.0,21.0,22.0,73.0
13-01218107,60620.0,21.0,6.0,44.0
13-01214675,60620.0,21.0,6.0,71.0
13-01201568,60620.0,18.0,6.0,71.0
13-01176397,60620.0,18.0,6.0,71.0
13-01166440,60620.0,17.0,6.0,69.0
13-01166422,60620.0,17.0,6.0,69.0
13-01159260,60620.0,17.0,6.0,69.0
13-01159962,60620.0,21.0,22.0,71.0
13-01159862,60620.0,17.0,6.0,69.0
13-01159894,60620.0,17.0,6.0,69.0
13-01159872,60620.0,17.0,6.0,69.0
13-01159905,60620.0,17.0,6.0,69.0
13-01160016,60620.0,21.0,22.0,71.0
13-01159975,60620.0,21.0,22.0,71.0
13-01159997,60620.0,21.0,6.0,49.0
13-01155501,60620.0,21.0,22.0,71.0
13-01154726,60620.0,17.0,6.0,69.0
13-01143421,60620.0,21.0,6.0,71.0
13-01129945,60620.0,21.0,22.0,73.0
13-01129944,60620.0,21.0,22.0,73.0
13-01122539,60620.0,21.0,6.0,71.0
13-01122525,60620.0,21.0,6.0,71.0
13-01124609,60620.0,18.0,6.0,71.0
13-01114052,60620.0,18.0,8.0,70.0
13-01114091,60620.0,21.0,6.0,44.0
13-01114537,60620.0,21.0,6.0,44.0
13-01100697,60620.0,21.0,6.0,71.0
13-01100387,60620.0,21.0,6.0,71.0
13-01094122,60620.0,21.0,6.0,71.0
13-01066216,60620.0,21.0,6.0,44.0
13-01057755,60620.0,21.0,22.0,71.0
13-01057552,60620.0,21.0,6.0,71.0
13-01057749,60620.0,21.0,22.0,71.0
13-01057724,60620.0,21.0,22.0,73.0
13-01057667,60620.0,21.0,22.0,73.0
13-01057696,60620.0,17.0,6.0,71.0
13-01050838,60620.0,17.0,6.0,71.0
13-01050937,60620.0,18.0,6.0,70.0
13-01011323,60620.0,21.0,6.0,71.0
13-01011324,60620.0,21.0,6.0,71.0
13-00997764,60620.0,18.0,6.0,71.0
13-00997242,60620.0,18.0,6.0,71.0
13-00999605,60620.0,21.0,22.0,71.0
13-00983823,60620.0,18.0,6.0,71.0
13-00987421,60620.0,18.0,8.0,70.0
13-00987384,60620.0,18.0,8.0,70.0
13-00979214,60620.0,21.0,22.0,71.0
13-00974912,60620.0,17.0,6.0,71.0
13-00979477,60620.0,21.0,22.0,71.0
13-00973468,60620.0,17.0,6.0,71.0
13-00964938,60620.0,21.0,6.0,71.0
13-00959449,60620.0,21.0,22.0,71.0
13-00949335,60620.0,17.0,6.0,71.0
13-00944762,60620.0,21.0,6.0,71.0
13-00945126,60620.0,21.0,6.0,49.0
13-00937493,60620.0,17.0,6.0,71.0
13-00936770,60620.0,21.0,22.0,71.0
13-00925778,60620.0,21.0,6.0,71.0
13-00914204,60620.0,17.0,6.0,71.0
13-00899496,60620.0,21.0,22.0,71.0
13-00890718,60620.0,21.0,6.0,44.0
13-00890401,60620.0,21.0,6.0,71.0
13-00883752,60620.0,18.0,6.0,71.0
13-00881531,60620.0,21.0,22.0,71.0
13-00877129,60620.0,21.0,6.0,44.0
13-00870637,60620.0,21.0,22.0,71.0
13-00870600,60620.0,21.0,22.0,71.0
13-00835437,60620.0,21.0,6.0,71.0
13-00834652,60620.0,21.0,22.0,73.0
13-00828338,60620.0,17.0,6.0,68.0
13-00818554,60620.0,18.0,6.0,71.0
13-00821057,60620.0,21.0,6.0,71.0
13-00815193,60620.0,21.0,22.0,71.0
13-00812404,60620.0,21.0,6.0,71.0
13-00789649,60620.0,18.0,6.0,71.0
13-00789645,60620.0,18.0,6.0,71.0
13-00789631,60620.0,21.0,22.0,71.0
13-00789625,60620.0,18.0,6.0,71.0
13-00789665,60620.0,18.0,6.0,71.0
13-00789657,60620.0,18.0,6.0,71.0
13-00789941,60620.0,21.0,22.0,71.0
13-00789673,60620.0,21.0,22.0,71.0
13-00791368,60620.0,21.0,22.0,71.0
13-00789932,60620.0,21.0,22.0,71.0
13-00789926,60620.0,18.0,6.0,71.0
13-00789968,60620.0,18.0,6.0,71.0
13-00789958,60620.0,21.0,22.0,71.0
13-00789949,60620.0,21.0,22.0,71.0
13-00789953,60620.0,21.0,22.0,71.0
13-00784231,60620.0,21.0,6.0,71.0
13-00785241,60620.0,21.0,6.0,71.0
13-00777995,60620.0,21.0,6.0,44.0
13-00772881,60620.0,21.0,6.0,44.0
13-00776038,60620.0,21.0,22.0,71.0
13-00777660,60620.0,21.0,6.0,44.0
13-00772093,60620.0,17.0,6.0,68.0
13-00767827,60620.0,21.0,6.0,44.0
13-00761173,60620.0,21.0,22.0,71.0
13-00756930,60620.0,18.0,8.0,70.0
13-00749776,60620.0,18.0,6.0,71.0
13-00747648,60620.0,18.0,6.0,71.0
13-00751288,60620.0,18.0,6.0,71.0
13-00744301,60620.0,21.0,22.0,73.0
13-00728150,60620.0,21.0,6.0,71.0
13-00711308,60620.0,21.0,6.0,49.0
13-00710616,60620.0,21.0,6.0,71.0
13-00691899,60620.0,21.0,6.0,71.0
13-00693944,60620.0,21.0,6.0,71.0
13-00681593,60620.0,21.0,6.0,44.0
13-00681526,60620.0,17.0,6.0,71.0
13-00625717,60620.0,21.0,6.0,71.0
13-00626124,60620.0,18.0,6.0,71.0
13-00626361,60620.0,18.0,6.0,71.0
13-00624181,60620.0,21.0,6.0,71.0
13-00624296,60620.0,21.0,6.0,71.0
13-00619511,60620.0,21.0,6.0,71.0
13-00621281,60620.0,21.0,6.0,71.0
13-00604623,60620.0,21.0,6.0,71.0
13-00582416,60620.0,21.0,22.0,73.0
13-00582503,60620.0,21.0,22.0,73.0
13-00582512,60620.0,21.0,22.0,71.0
13-00588186,60620.0,21.0,22.0,71.0
13-00582382,60620.0,21.0,22.0,73.0
13-00581573,60620.0,17.0,6.0,71.0
13-00583328,60620.0,18.0,8.0,66.0
13-00568796,60620.0,21.0,22.0,71.0
13-00568792,60620.0,21.0,22.0,71.0
13-00568790,60620.0,21.0,22.0,71.0
13-00563107,60620.0,21.0,6.0,71.0
13-00563103,60620.0,21.0,6.0,71.0
13-00563074,60620.0,18.0,8.0,70.0
13-00561736,60620.0,18.0,6.0,71.0
13-00556394,60620.0,17.0,6.0,71.0
13-00556999,60620.0,21.0,22.0,71.0
13-00556437,60620.0,21.0,6.0,71.0
13-00551132,60620.0,21.0,6.0,71.0
13-00552125,60620.0,21.0,6.0,71.0
13-00541508,60620.0,21.0,6.0,44.0
13-00544228,60620.0,18.0,6.0,71.0
13-00526830,60620.0,21.0,6.0,71.0
13-00526818,60620.0,21.0,6.0,71.0
13-00528703,60620.0,19.0,22.0,72.0
13-00527967,60620.0,21.0,6.0,44.0
13-00524557,60620.0,18.0,6.0,71.0
13-00520803,60620.0,18.0,8.0,70.0
13-00525196,60620.0,21.0,6.0,71.0
13-00522505,60620.0,17.0,6.0,71.0
13-00520808,60620.0,18.0,8.0,70.0
13-00517997,60620.0,21.0,6.0,71.0
13-00500954,60620.0,21.0,6.0,71.0
13-00501277,60620.0,17.0,6.0,71.0
13-00500293,60620.0,21.0,22.0,71.0
13-00500297,60620.0,21.0,22.0,71.0
13-00499487,60620.0,17.0,6.0,71.0
13-00490345,60620.0,21.0,22.0,73.0
13-00487754,60620.0,21.0,22.0,71.0
13-00475095,60620.0,17.0,6.0,71.0
13-00471899,60620.0,17.0,6.0,44.0
13-00440858,60620.0,21.0,6.0,71.0
13-00440851,60620.0,21.0,6.0,71.0
13-00434607,60620.0,17.0,6.0,44.0
13-00435204,60620.0,21.0,6.0,71.0
13-00436708,60620.0,21.0,22.0,71.0
13-00436694,60620.0,21.0,22.0,71.0
13-00436761,60620.0,17.0,6.0,71.0
13-00420233,60620.0,18.0,8.0,70.0
13-00403008,60620.0,17.0,6.0,71.0
13-00403267,60620.0,21.0,22.0,71.0
13-00394574,60620.0,21.0,22.0,73.0
13-00394570,60620.0,21.0,22.0,73.0
13-00394572,60620.0,21.0,22.0,73.0
13-00381582,60620.0,21.0,22.0,71.0
13-00373007,60620.0,21.0,22.0,71.0
13-00366447,60620.0,18.0,8.0,70.0
13-00368871,60620.0,17.0,6.0,69.0
13-00356285,60620.0,18.0,6.0,71.0
13-00342193,60620.0,21.0,6.0,71.0
13-00344041,60620.0,17.0,6.0,71.0
13-00344035,60620.0,18.0,6.0,71.0
13-00344018,60620.0,18.0,6.0,71.0
13-00344052,60620.0,21.0,6.0,71.0
13-00344049,60620.0,21.0,6.0,71.0
13-00344043,60620.0,21.0,6.0,71.0
13-00344062,60620.0,21.0,6.0,71.0
13-00340436,60620.0,18.0,6.0,71.0
13-00333457,60620.0,21.0,6.0,71.0
13-00327672,60620.0,21.0,6.0,71.0
13-00325234,60620.0,17.0,6.0,71.0
13-00325039,60620.0,17.0,6.0,71.0
13-00318955,60620.0,21.0,6.0,71.0
13-00319360,60620.0,21.0,6.0,71.0
13-00307388,60620.0,21.0,6.0,71.0
13-00305131,60620.0,21.0,22.0,71.0
13-00301371,60620.0,17.0,6.0,71.0
13-00301426,60620.0,17.0,6.0,71.0
13-00301420,60620.0,17.0,6.0,71.0
13-00301411,60620.0,17.0,6.0,71.0
13-00297177,60620.0,21.0,22.0,73.0
13-00297178,60620.0,21.0,22.0,73.0
13-00293129,60620.0,21.0,22.0,71.0
13-00292918,60620.0,21.0,6.0,71.0
13-00274389,60620.0,21.0,22.0,73.0
13-00216040,60620.0,21.0,22.0,71.0
13-00199332,60620.0,17.0,6.0,71.0
13-00199313,60620.0,17.0,6.0,71.0
13-00199319,60620.0,17.0,6.0,71.0
13-00199317,60620.0,17.0,6.0,71.0
13-00189073,60620.0,21.0,22.0,73.0
13-00175327,60620.0,18.0,8.0,70.0
13-00177116,60620.0,21.0,6.0,49.0
13-00159292,60620.0,18.0,8.0,70.0
13-00120903,60620.0,21.0,6.0,71.0
13-00120913,60620.0,21.0,6.0,71.0
13-00124572,60620.0,21.0,6.0,71.0
13-00111124,60620.0,21.0,6.0,71.0
13-00110195,60620.0,21.0,6.0,71.0
13-00101071,60620.0,21.0,6.0,71.0
13-00086124,60620.0,17.0,6.0,71.0
13-00045993,60620.0,21.0,6.0,71.0
13-00041556,60620.0,21.0,6.0,71.0
13-00033394,60620.0,18.0,6.0,71.0
13-00033471,60620.0,18.0,6.0,71.0
13-00026427,60620.0,18.0,6.0,71.0
13-00011035,60620.0,17.0,6.0,71.0
12-02051940,60620.0,21.0,6.0,71.0
12-02045061,60620.0,21.0,22.0,71.0
12-02045009,60620.0,21.0,22.0,71.0
12-02036419,60620.0,21.0,6.0,71.0
12-02022371,60620.0,18.0,6.0,71.0
12-02023194,60620.0,18.0,6.0,71.0
12-02023190,60620.0,18.0,6.0,71.0
12-02024621,60620.0,21.0,22.0,71.0
12-02021999,60620.0,17.0,6.0,71.0
12-02022000,60620.0,17.0,6.0,71.0
12-02009768,60620.0,18.0,6.0,71.0
12-02005809,60620.0,18.0,6.0,71.0
12-02000987,60620.0,17.0,6.0,71.0
12-02000983,60620.0,17.0,6.0,71.0
12-02000917,60620.0,17.0,6.0,71.0
12-02000922,60620.0,17.0,6.0,71.0
12-02000975,60620.0,17.0,6.0,71.0
12-02003686,60620.0,21.0,22.0,71.0
12-02001512,60620.0,17.0,6.0,71.0
12-02001457,60620.0,17.0,6.0,71.0
12-02001447,60620.0,17.0,6.0,71.0
12-01999967,60620.0,18.0,6.0,71.0
12-01988560,60620.0,17.0,6.0,71.0
12-01981161,60620.0,21.0,22.0,71.0
12-01981151,60620.0,21.0,22.0,73.0
12-01978472,60620.0,17.0,6.0,71.0
12-01978479,60620.0,17.0,6.0,71.0
12-01977005,60620.0,17.0,6.0,71.0
12-01972293,60620.0,17.0,6.0,71.0
12-01972286,60620.0,17.0,6.0,71.0
12-01972742,60620.0,17.0,6.0,71.0
12-01959911,60620.0,17.0,6.0,71.0
12-01946733,60620.0,21.0,6.0,71.0
12-01937670,60620.0,21.0,6.0,71.0
12-01931477,60620.0,21.0,6.0,71.0
12-01918225,60620.0,17.0,6.0,71.0
12-01919823,60620.0,21.0,6.0,71.0
12-01915808,60620.0,17.0,6.0,69.0
12-01911847,60620.0,21.0,22.0,71.0
12-01905266,60620.0,21.0,6.0,71.0
12-01905216,60620.0,21.0,6.0,71.0
12-01888112,60620.0,21.0,22.0,73.0
12-01888102,60620.0,21.0,22.0,73.0
12-01880288,60620.0,21.0,6.0,44.0
12-01879291,60620.0,21.0,6.0,71.0
12-01878438,60620.0,21.0,22.0,71.0
12-01876334,60620.0,21.0,22.0,73.0
12-01870235,60620.0,18.0,8.0,70.0
12-01870875,60620.0,18.0,8.0,70.0
12-01870858,60620.0,18.0,8.0,70.0
12-01870880,60620.0,18.0,8.0,70.0
12-01870898,60620.0,18.0,8.0,70.0
12-01870889,60620.0,18.0,8.0,70.0
12-01872344,60620.0,21.0,22.0,73.0
12-01865507,60620.0,18.0,8.0,70.0
12-01865502,60620.0,18.0,8.0,70.0
12-01863485,60620.0,21.0,22.0,73.0
12-01858165,60620.0,21.0,22.0,73.0
12-01840541,60620.0,21.0,22.0,73.0
12-01837538,60620.0,18.0,6.0,71.0
12-01831327,60620.0,21.0,6.0,71.0
12-01827846,60620.0,17.0,6.0,71.0
12-01827861,60620.0,17.0,6.0,71.0
12-01820063,60620.0,18.0,6.0,71.0
12-01806518,60620.0,18.0,6.0,71.0
12-01799932,60620.0,18.0,6.0,71.0
12-01802379,60620.0,18.0,6.0,71.0
12-01796535,60620.0,19.0,22.0,72.0
12-01781501,60620.0,21.0,6.0,71.0
12-01746261,60620.0,21.0,6.0,71.0
12-01742981,60620.0,21.0,6.0,71.0
12-01743581,60620.0,21.0,6.0,71.0
12-01745555,60620.0,18.0,8.0,70.0
12-01737759,60620.0,21.0,6.0,71.0
12-01725755,60620.0,17.0,6.0,71.0
12-01700019,60620.0,18.0,6.0,71.0
12-01687073,60620.0,21.0,22.0,73.0
12-01667091,60620.0,18.0,6.0,71.0
12-01667090,60620.0,18.0,6.0,71.0
12-01667182,60620.0,18.0,6.0,71.0
12-01667213,60620.0,18.0,6.0,71.0
12-01667448,60620.0,21.0,6.0,71.0
12-01629949,60620.0,21.0,22.0,71.0
12-01618134,60620.0,18.0,6.0,71.0
12-01590760,60620.0,21.0,6.0,71.0
12-01590801,60620.0,18.0,8.0,70.0
12-01582946,60620.0,18.0,6.0,71.0
12-01579579,60620.0,21.0,22.0,73.0
12-01579571,60620.0,21.0,6.0,71.0
12-01553971,60620.0,21.0,6.0,71.0
12-01546586,60620.0,18.0,6.0,71.0
12-01517153,60620.0,21.0,6.0,71.0
12-01522669,60620.0,21.0,22.0,73.0
12-01515747,60620.0,18.0,6.0,71.0
12-01515763,60620.0,17.0,6.0,44.0
12-01510567,60620.0,21.0,6.0,71.0
12-01508868,60620.0,21.0,6.0,71.0
12-01508881,60620.0,21.0,6.0,71.0
12-01502752,60620.0,21.0,22.0,73.0
12-01493741,60620.0,21.0,6.0,71.0
12-01491875,60620.0,18.0,6.0,71.0
12-01485769,60620.0,18.0,6.0,71.0
12-01477302,60620.0,21.0,6.0,71.0
12-01458169,60620.0,17.0,6.0,44.0
12-01458156,60620.0,17.0,6.0,69.0
12-01448008,60620.0,18.0,6.0,71.0
12-01449229,60620.0,17.0,6.0,44.0
12-01441390,60620.0,17.0,6.0,69.0
12-01447778,60620.0,21.0,6.0,71.0
12-01432526,60620.0,17.0,6.0,71.0
12-01429754,60620.0,18.0,8.0,70.0
12-01426165,60620.0,21.0,6.0,71.0
12-01426154,60620.0,21.0,6.0,71.0
12-01426196,60620.0,21.0,6.0,71.0
12-01426170,60620.0,21.0,22.0,73.0
12-01426191,60620.0,21.0,6.0,71.0
12-01428970,60620.0,18.0,6.0,71.0
12-01428965,60620.0,18.0,6.0,71.0
12-01428979,60620.0,18.0,6.0,71.0
12-01422920,60620.0,21.0,6.0,44.0
12-01419309,60620.0,18.0,6.0,71.0
12-01419301,60620.0,18.0,6.0,71.0
12-01422907,60620.0,21.0,22.0,73.0
12-01411618,60620.0,18.0,6.0,71.0
12-01414636,60620.0,21.0,6.0,71.0
12-01402472,60620.0,17.0,6.0,71.0
12-01402462,60620.0,21.0,6.0,71.0
12-01402612,60620.0,21.0,6.0,71.0
12-01402841,60620.0,21.0,6.0,71.0
12-01402915,60620.0,21.0,6.0,71.0
12-01402862,60620.0,21.0,6.0,71.0
12-01403676,60620.0,21.0,6.0,71.0
12-01403532,60620.0,21.0,6.0,71.0
12-01403504,60620.0,21.0,6.0,71.0
12-01403577,60620.0,21.0,6.0,71.0
12-01403967,60620.0,21.0,6.0,71.0
12-01403983,60620.0,21.0,6.0,71.0
12-01404152,60620.0,21.0,6.0,71.0
12-01402684,60620.0,18.0,6.0,71.0
12-01407908,60620.0,18.0,8.0,70.0
12-01382762,60620.0,18.0,6.0,71.0
12-01385796,60620.0,21.0,6.0,71.0
12-01362944,60620.0,18.0,6.0,71.0
12-01358726,60620.0,21.0,6.0,44.0
12-01356914,60620.0,17.0,6.0,44.0
12-01356205,60620.0,21.0,22.0,73.0
12-01355664,60620.0,18.0,6.0,71.0
12-01355343,60620.0,21.0,22.0,71.0
12-01353810,60620.0,21.0,6.0,44.0
12-01350125,60620.0,21.0,22.0,73.0
12-01350652,60620.0,18.0,6.0,71.0
12-01339230,60620.0,21.0,6.0,71.0
12-01345257,60620.0,21.0,6.0,71.0
12-01318259,60620.0,21.0,6.0,71.0
12-01309582,60620.0,17.0,6.0,69.0
12-01309673,60620.0,17.0,6.0,69.0
12-01309731,60620.0,17.0,6.0,44.0
12-01309992,60620.0,17.0,6.0,69.0
12-01305307,60620.0,21.0,6.0,71.0
12-01300059,60620.0,18.0,6.0,71.0
12-01300062,60620.0,18.0,6.0,71.0
12-01296640,60620.0,21.0,6.0,49.0
12-01294068,60620.0,18.0,6.0,71.0
12-01282168,60620.0,21.0,6.0,71.0
12-01282279,60620.0,18.0,6.0,71.0
12-01274087,60620.0,18.0,6.0,71.0
12-01265367,60620.0,21.0,6.0,71.0
12-01263284,60620.0,21.0,22.0,73.0
12-01253407,60620.0,21.0,22.0,73.0
12-01245174,60620.0,18.0,6.0,71.0
12-01250666,60620.0,17.0,6.0,71.0
12-01245175,60620.0,18.0,6.0,71.0
12-01246252,60620.0,18.0,6.0,71.0
12-01247217,60620.0,18.0,6.0,71.0
12-01247216,60620.0,18.0,6.0,71.0
12-01246266,60620.0,18.0,6.0,71.0
12-01246610,60620.0,17.0,6.0,71.0
12-01238980,60620.0,17.0,6.0,44.0
12-01238964,60620.0,17.0,6.0,44.0
12-01239000,60620.0,21.0,6.0,44.0
12-01239018,60620.0,21.0,6.0,44.0
12-01239175,60620.0,21.0,6.0,44.0
12-01239160,60620.0,21.0,6.0,44.0
12-01239103,60620.0,17.0,6.0,44.0
12-01239141,60620.0,17.0,6.0,44.0
12-01239112,60620.0,17.0,6.0,44.0
12-01239188,60620.0,21.0,6.0,44.0
12-01239197,60620.0,17.0,6.0,44.0
12-01239227,60620.0,21.0,6.0,71.0
12-01239216,60620.0,21.0,6.0,71.0
12-01239208,60620.0,21.0,6.0,71.0
12-01210964,60620.0,21.0,6.0,71.0
12-01210958,60620.0,21.0,6.0,71.0
12-01183044,60620.0,18.0,6.0,71.0
12-01183024,60620.0,18.0,6.0,71.0
12-01183415,60620.0,18.0,6.0,71.0
12-01183503,60620.0,18.0,6.0,71.0
12-01169692,60620.0,21.0,6.0,71.0
12-01140512,60620.0,18.0,8.0,70.0
12-01116351,60620.0,18.0,6.0,71.0
12-01107277,60620.0,21.0,6.0,71.0
12-01104779,60620.0,21.0,6.0,71.0
12-01098620,60620.0,18.0,6.0,71.0
12-01102647,60620.0,18.0,6.0,71.0
12-01099453,60620.0,18.0,6.0,71.0
12-01091372,60620.0,17.0,6.0,71.0
12-01086259,60620.0,21.0,22.0,71.0
12-01090342,60620.0,21.0,6.0,71.0
12-01083166,60620.0,21.0,6.0,71.0
12-01083160,60620.0,21.0,6.0,71.0
12-01077707,60620.0,21.0,6.0,71.0
12-01083151,60620.0,21.0,6.0,71.0
12-01082283,60620.0,21.0,6.0,71.0
12-01083155,60620.0,21.0,6.0,71.0
12-01075431,60620.0,21.0,6.0,71.0
12-01055664,60620.0,21.0,22.0,71.0
12-01054201,60620.0,21.0,6.0,71.0
12-01054202,60620.0,21.0,6.0,71.0
12-01053707,60620.0,21.0,6.0,71.0
12-01054204,60620.0,21.0,6.0,71.0
12-01049759,60620.0,21.0,6.0,71.0
12-01038405,60620.0,21.0,22.0,71.0
12-01028122,60620.0,21.0,6.0,71.0
12-01016648,60620.0,21.0,6.0,71.0
12-01014914,60620.0,21.0,6.0,71.0
12-01014528,60620.0,21.0,6.0,71.0
12-00992831,60620.0,21.0,6.0,71.0
12-00992104,60620.0,21.0,6.0,71.0
12-00994570,60620.0,21.0,6.0,71.0
12-00994573,60620.0,21.0,6.0,71.0
12-00978535,60620.0,18.0,8.0,70.0
12-00958111,60620.0,17.0,6.0,44.0
12-00941019,60620.0,21.0,22.0,71.0
12-00933269,60620.0,18.0,8.0,70.0
12-00937189,60620.0,21.0,6.0,71.0
12-00926865,60620.0,21.0,6.0,71.0
12-00920801,60620.0,17.0,6.0,44.0
12-00923858,60620.0,21.0,6.0,71.0
12-00916827,60620.0,17.0,6.0,44.0
12-00914509,60620.0,21.0,22.0,71.0
12-00905795,60620.0,18.0,6.0,71.0
12-00903341,60620.0,21.0,6.0,71.0
12-00903419,60620.0,21.0,6.0,71.0
12-00898067,60620.0,21.0,6.0,71.0
12-00898055,60620.0,21.0,6.0,71.0
12-00889542,60620.0,21.0,6.0,71.0
12-00892014,60620.0,21.0,6.0,71.0
12-00879838,60620.0,18.0,8.0,70.0
12-00871863,60620.0,17.0,6.0,71.0
12-00860192,60620.0,21.0,6.0,71.0
12-00859837,60620.0,17.0,6.0,44.0
12-00847415,60620.0,21.0,6.0,71.0
12-00838661,60620.0,21.0,22.0,73.0
12-00835525,60620.0,21.0,6.0,71.0
12-00840679,60620.0,17.0,6.0,71.0
12-00833426,60620.0,21.0,6.0,49.0
12-00821530,60620.0,18.0,6.0,71.0
12-00823381,60620.0,18.0,8.0,70.0
12-00815286,60620.0,21.0,6.0,71.0
12-00796108,60620.0,21.0,6.0,71.0
12-00775289,60620.0,17.0,6.0,44.0
12-00764358,60620.0,21.0,6.0,71.0
12-00751574,60620.0,17.0,6.0,71.0
12-00745741,60620.0,17.0,6.0,69.0
12-00721001,60620.0,18.0,8.0,70.0
12-00721485,60620.0,18.0,6.0,71.0
12-00715198,60620.0,21.0,6.0,71.0
12-00719190,60620.0,21.0,6.0,71.0
12-00704542,60620.0,17.0,6.0,71.0
12-00699576,60620.0,18.0,6.0,71.0
12-00699572,60620.0,18.0,6.0,71.0
12-00686831,60620.0,18.0,6.0,71.0
12-00690391,60620.0,18.0,6.0,71.0
12-00680367,60620.0,21.0,6.0,71.0
12-00683735,60620.0,17.0,6.0,69.0
12-00677357,60620.0,17.0,6.0,69.0
12-00650855,60620.0,18.0,6.0,71.0
12-00628925,60620.0,21.0,6.0,71.0
12-00624755,60620.0,17.0,6.0,71.0
12-00624578,60620.0,17.0,6.0,71.0
12-00615552,60620.0,18.0,6.0,71.0
12-00614255,60620.0,18.0,6.0,71.0
12-00609713,60620.0,18.0,6.0,71.0
12-00600926,60620.0,21.0,6.0,71.0
12-00594535,60620.0,17.0,6.0,71.0
12-00568005,60620.0,17.0,6.0,71.0
12-00566297,60620.0,17.0,6.0,71.0
12-00552024,60620.0,17.0,6.0,71.0
12-00546829,60620.0,17.0,6.0,69.0
12-00540542,60620.0,18.0,6.0,71.0
12-00540546,60620.0,18.0,6.0,71.0
12-00491486,60620.0,21.0,6.0,71.0
12-00391477,60620.0,17.0,6.0,71.0
12-00391437,60620.0,17.0,6.0,71.0
12-00360182,60620.0,6.0,6.0,69.0
12-00360169,60620.0,6.0,6.0,69.0
12-00363311,60620.0,17.0,6.0,71.0
12-00363285,60620.0,17.0,6.0,68.0
12-00367110,60620.0,17.0,6.0,71.0
12-00319152,60620.0,21.0,22.0,73.0
12-00208242,60620.0,21.0,22.0,73.0
12-00198141,60620.0,21.0,22.0,73.0
12-00192266,60620.0,18.0,6.0,71.0
12-00192264,60620.0,18.0,6.0,71.0
12-00175286,60620.0,21.0,6.0,71.0
12-00158283,60620.0,17.0,6.0,69.0
12-00134247,60620.0,17.0,6.0,69.0
12-00033889,60620.0,17.0,6.0,71.0
11-04315013,60620.0,21.0,22.0,71.0
11-04296837,60620.0,21.0,22.0,71.0
11-04296838,60620.0,21.0,22.0,71.0
11-04282897,60620.0,17.0,6.0,69.0
11-04269203,60620.0,21.0,22.0,71.0
11-04260741,60620.0,17.0,6.0,71.0
11-04240158,60620.0,17.0,6.0,71.0
11-04228506,60620.0,17.0,6.0,71.0
11-04227340,60620.0,21.0,22.0,73.0
11-04227318,60620.0,21.0,22.0,73.0
11-04227331,60620.0,21.0,22.0,73.0
11-04219279,60620.0,21.0,6.0,71.0
11-04204533,60620.0,21.0,6.0,71.0
11-04186781,60620.0,17.0,6.0,71.0
11-04186665,60620.0,17.0,6.0,71.0
11-04174973,60620.0,21.0,6.0,71.0
11-04168034,60620.0,21.0,6.0,44.0
11-04161770,60620.0,21.0,6.0,71.0
11-04161797,60620.0,21.0,6.0,71.0
11-04146593,60620.0,21.0,6.0,71.0
11-04146667,60620.0,18.0,6.0,71.0
11-04142593,60620.0,21.0,22.0,73.0
11-04138743,60620.0,17.0,6.0,44.0
11-04133179,60620.0,18.0,6.0,71.0
11-04120206,60620.0,21.0,6.0,71.0
11-04122718,60620.0,21.0,6.0,71.0
11-04117406,60620.0,21.0,22.0,73.0
11-04114219,60620.0,18.0,8.0,70.0
11-04108345,60620.0,21.0,6.0,71.0
11-04096343,60620.0,21.0,6.0,71.0
11-04080172,60620.0,17.0,6.0,69.0
11-04079258,60620.0,17.0,6.0,71.0
11-04079279,60620.0,18.0,6.0,71.0
11-04079991,60620.0,21.0,22.0,71.0
11-04076815,60620.0,21.0,6.0,71.0
11-04060784,60620.0,21.0,6.0,49.0
11-04029541,60620.0,17.0,6.0,71.0
11-04027165,60620.0,17.0,6.0,71.0
11-04027156,60620.0,17.0,6.0,71.0
11-04019922,60620.0,21.0,22.0,73.0
11-04019921,60620.0,21.0,22.0,73.0
11-04011186,60620.0,17.0,6.0,71.0
11-04011078,60620.0,17.0,6.0,71.0
11-04011067,60620.0,17.0,6.0,71.0
11-03977877,60620.0,18.0,8.0,70.0
11-03977905,60620.0,18.0,8.0,70.0
11-03973855,60620.0,21.0,22.0,71.0
11-03968520,60620.0,18.0,6.0,71.0
11-03954952,60620.0,18.0,6.0,71.0
11-03945422,60620.0,18.0,8.0,70.0
11-03945501,60620.0,21.0,6.0,71.0
11-03945496,60620.0,21.0,6.0,71.0
11-03937296,60620.0,21.0,22.0,73.0
11-03938117,60620.0,18.0,8.0,70.0
11-03938132,60620.0,18.0,8.0,70.0
11-03932558,60620.0,18.0,6.0,71.0
11-03924658,60620.0,21.0,6.0,71.0
11-03923141,60620.0,21.0,22.0,73.0
11-03909838,60620.0,17.0,6.0,71.0
11-03910587,60620.0,17.0,6.0,69.0
11-03910569,60620.0,17.0,6.0,44.0
11-03910634,60620.0,6.0,6.0,69.0
11-03907156,60620.0,21.0,6.0,49.0
11-03895902,60620.0,18.0,6.0,71.0
11-03899524,60620.0,21.0,22.0,73.0
11-03895859,60620.0,17.0,6.0,71.0
11-03891872,60620.0,21.0,6.0,49.0
11-03891866,60620.0,21.0,6.0,49.0
11-03884963,60620.0,21.0,6.0,49.0
11-03880280,60620.0,21.0,6.0,49.0
11-03870900,60620.0,21.0,6.0,49.0
11-03862827,60620.0,21.0,22.0,73.0
11-03853331,60620.0,21.0,22.0,71.0
11-03853293,60620.0,21.0,22.0,71.0
11-03854584,60620.0,21.0,22.0,71.0
11-03846225,60620.0,21.0,6.0,44.0
11-03844119,60620.0,21.0,6.0,71.0
11-03840363,60620.0,21.0,22.0,73.0
11-03829811,60620.0,21.0,22.0,71.0
11-03839732,60620.0,17.0,6.0,71.0
11-03839743,60620.0,17.0,6.0,71.0
11-03818066,60620.0,21.0,22.0,71.0
11-03814405,60620.0,18.0,6.0,71.0
11-03819415,60620.0,21.0,22.0,73.0
11-03811193,60620.0,17.0,6.0,69.0
11-03805610,60620.0,21.0,22.0,71.0
11-03802078,60620.0,21.0,22.0,73.0
11-03795104,60620.0,21.0,6.0,71.0
11-03775561,60620.0,18.0,8.0,70.0
11-03773983,60620.0,18.0,6.0,71.0
11-03774048,60620.0,17.0,6.0,44.0
11-03774062,60620.0,17.0,6.0,44.0
11-03774022,60620.0,17.0,6.0,44.0
11-03774008,60620.0,17.0,6.0,44.0
11-03774035,60620.0,17.0,6.0,44.0
11-03773998,60620.0,17.0,6.0,71.0
11-03773949,60620.0,18.0,6.0,71.0
11-03773935,60620.0,18.0,6.0,71.0
11-03773924,60620.0,18.0,6.0,71.0
11-03765911,60620.0,21.0,6.0,71.0
11-03765906,60620.0,17.0,6.0,69.0
11-03765905,60620.0,21.0,6.0,71.0
11-03765881,60620.0,17.0,6.0,71.0
11-03765871,60620.0,17.0,6.0,71.0
11-03765896,60620.0,17.0,6.0,71.0
11-03765941,60620.0,21.0,6.0,71.0
11-03765948,60620.0,21.0,6.0,71.0
11-03765965,60620.0,17.0,6.0,71.0
11-03766198,60620.0,17.0,6.0,71.0
11-03765982,60620.0,17.0,6.0,71.0
11-03766176,60620.0,17.0,6.0,71.0
11-03766158,60620.0,21.0,6.0,71.0
11-03766143,60620.0,17.0,6.0,71.0
11-03758236,60620.0,19.0,22.0,72.0
11-03757293,60620.0,18.0,6.0,71.0
11-03749724,60620.0,17.0,6.0,71.0
11-03747411,60620.0,21.0,22.0,71.0
11-03718959,60620.0,17.0,6.0,71.0
11-03708893,60620.0,17.0,6.0,71.0
11-03700985,60620.0,21.0,22.0,73.0
11-03700196,60620.0,17.0,6.0,71.0
11-03700183,60620.0,17.0,6.0,71.0
11-03686737,60620.0,21.0,22.0,71.0
11-03674310,60620.0,17.0,6.0,71.0
11-03671686,60620.0,21.0,22.0,71.0
11-03658293,60620.0,17.0,6.0,69.0
11-03657946,60620.0,17.0,6.0,69.0
11-03657938,60620.0,17.0,6.0,69.0
11-03657929,60620.0,17.0,6.0,71.0
11-03641915,60620.0,17.0,6.0,69.0
11-03634428,60620.0,17.0,6.0,69.0
11-03631288,60620.0,21.0,6.0,71.0
11-03628991,60620.0,18.0,8.0,70.0
11-03613958,60620.0,17.0,6.0,71.0
11-03613011,60620.0,17.0,6.0,69.0
11-03610492,60620.0,21.0,22.0,73.0
11-03613022,60620.0,17.0,6.0,69.0
11-03603743,60620.0,21.0,6.0,71.0
11-03605049,60620.0,18.0,6.0,71.0
11-03596096,60620.0,21.0,6.0,71.0
11-03595982,60620.0,21.0,22.0,73.0
11-03594015,60620.0,21.0,22.0,71.0
11-03583579,60620.0,21.0,22.0,73.0
11-03585743,60620.0,21.0,6.0,71.0
11-03587423,60620.0,21.0,22.0,73.0
11-03573445,60620.0,21.0,22.0,71.0
11-03573403,60620.0,21.0,22.0,71.0
11-03571617,60620.0,17.0,6.0,71.0
11-03571614,60620.0,17.0,6.0,71.0
11-03556877,60620.0,17.0,6.0,71.0
11-03558362,60620.0,21.0,22.0,71.0
11-03550059,60620.0,18.0,8.0,70.0
11-03551391,60620.0,21.0,6.0,44.0
11-03552721,60620.0,21.0,22.0,71.0
11-03536864,60620.0,21.0,22.0,71.0
11-03541314,60620.0,21.0,6.0,71.0
11-03537126,60620.0,21.0,6.0,71.0
11-03549573,60620.0,18.0,8.0,70.0
11-03528101,60620.0,21.0,6.0,44.0
11-03535033,60620.0,21.0,6.0,71.0
11-03530375,60620.0,21.0,22.0,71.0
11-03524534,60620.0,18.0,8.0,70.0
11-03527167,60620.0,21.0,6.0,71.0
11-03515789,60620.0,21.0,6.0,71.0
11-03515830,60620.0,21.0,6.0,71.0
11-03512356,60620.0,21.0,6.0,71.0
11-03501904,60620.0,18.0,8.0,70.0
11-03501896,60620.0,18.0,6.0,71.0
11-03493820,60620.0,21.0,6.0,71.0
11-03493988,60620.0,21.0,22.0,71.0
11-03501615,60620.0,21.0,6.0,49.0
11-03487054,60620.0,21.0,22.0,71.0
11-03471539,60620.0,18.0,8.0,70.0
11-03480407,60620.0,18.0,8.0,70.0
11-03464137,60620.0,21.0,6.0,49.0
11-03454757,60620.0,17.0,6.0,71.0
11-03437043,60620.0,18.0,8.0,70.0
11-03437037,60620.0,18.0,8.0,70.0
11-03437075,60620.0,18.0,8.0,70.0
11-03437101,60620.0,18.0,8.0,70.0
11-03437604,60620.0,18.0,8.0,70.0
11-03437646,60620.0,18.0,8.0,70.0
11-03437635,60620.0,18.0,8.0,70.0
11-03437623,60620.0,18.0,8.0,70.0
11-03415253,60620.0,21.0,6.0,71.0
11-03424645,60620.0,21.0,22.0,71.0
11-03424631,60620.0,21.0,22.0,71.0
11-03419135,60620.0,21.0,22.0,71.0
11-03407892,60620.0,21.0,6.0,71.0
11-03395323,60620.0,21.0,6.0,71.0
11-03396248,60620.0,18.0,6.0,71.0
11-03397644,60620.0,18.0,8.0,70.0
11-03388537,60620.0,6.0,6.0,69.0
11-03372011,60620.0,21.0,6.0,49.0
11-03361713,60620.0,21.0,6.0,49.0
11-03371892,60620.0,21.0,6.0,49.0
11-03371878,60620.0,21.0,6.0,71.0
11-03371868,60620.0,21.0,6.0,71.0
11-03371993,60620.0,21.0,6.0,49.0
11-03372046,60620.0,21.0,6.0,49.0
11-03372023,60620.0,21.0,6.0,49.0
11-03362078,60620.0,21.0,6.0,71.0
11-03360251,60620.0,21.0,6.0,49.0
11-03354640,60620.0,21.0,6.0,49.0
11-03356081,60620.0,21.0,6.0,71.0
11-03360366,60620.0,21.0,6.0,71.0
11-03349740,60620.0,21.0,6.0,49.0
11-03360609,60620.0,21.0,6.0,71.0
11-03347222,60620.0,18.0,6.0,71.0
11-03348949,60620.0,17.0,6.0,71.0
11-03339160,60620.0,21.0,6.0,71.0
11-03335311,60620.0,21.0,22.0,71.0
11-03329125,60620.0,18.0,6.0,71.0
11-03315600,60620.0,21.0,6.0,71.0
11-03314603,60620.0,21.0,22.0,73.0
11-03288029,60620.0,21.0,6.0,71.0
11-03276674,60620.0,21.0,6.0,71.0
11-03276682,60620.0,21.0,6.0,71.0
11-03276667,60620.0,21.0,6.0,71.0
11-03279599,60620.0,21.0,6.0,71.0
11-03257591,60620.0,21.0,22.0,71.0
11-03258273,60620.0,21.0,6.0,71.0
11-03258268,60620.0,21.0,6.0,71.0
11-03250802,60620.0,18.0,8.0,70.0
11-03238505,60620.0,18.0,6.0,71.0
11-03241774,60620.0,21.0,6.0,71.0
11-03241750,60620.0,21.0,6.0,71.0
11-03229727,60620.0,17.0,6.0,44.0
11-03234257,60620.0,18.0,8.0,70.0
11-03219953,60620.0,18.0,6.0,71.0
11-03220683,60620.0,17.0,6.0,71.0
11-03220525,60620.0,21.0,6.0,71.0
11-03183000,60620.0,21.0,6.0,71.0
11-03138374,60620.0,21.0,22.0,71.0
11-03149861,60620.0,17.0,6.0,71.0
11-03164484,60620.0,21.0,6.0,71.0
11-03070425,60620.0,21.0,22.0,71.0
11-02992653,60620.0,18.0,6.0,71.0
11-02989977,60620.0,21.0,22.0,71.0
11-02949226,60620.0,21.0,22.0,71.0
11-02887194,60620.0,18.0,6.0,71.0
11-02668572,60620.0,18.0,6.0,71.0
11-02668329,60620.0,18.0,6.0,71.0
11-02629544,60620.0,18.0,6.0,71.0
11-02567537,60620.0,18.0,6.0,71.0
11-02529892,60620.0,18.0,6.0,71.0
11-02375587,60620.0,18.0,6.0,71.0
11-02371803,60620.0,19.0,22.0,72.0
11-02374531,60620.0,21.0,22.0,71.0
11-02379083,60620.0,19.0,22.0,72.0
11-01669972,60620.0,21.0,6.0,71.0
11-01619154,60620.0,18.0,6.0,71.0
11-01393000,60620.0,21.0,22.0,71.0
11-01376239,60620.0,21.0,22.0,73.0
11-01388595,60620.0,19.0,22.0,72.0
11-01367737,60620.0,21.0,6.0,71.0
11-01336940,60620.0,19.0,22.0,72.0
11-01237139,60620.0,17.0,6.0,71.0
11-01239253,60620.0,18.0,6.0,71.0
11-01211866,60620.0,19.0,22.0,72.0
11-01188752,60620.0,17.0,6.0,71.0
11-01143920,60620.0,17.0,6.0,69.0
11-01143908,60620.0,17.0,6.0,69.0
11-01143890,60620.0,17.0,6.0,69.0
11-01122815,60620.0,18.0,8.0,70.0
11-01122799,60620.0,18.0,8.0,70.0
11-01069363,60620.0,18.0,6.0,71.0
11-01006334,60620.0,21.0,22.0,73.0
11-00987160,60620.0,17.0,6.0,44.0
11-00849688,60620.0,17.0,6.0,71.0
11-00810618,60620.0,18.0,6.0,71.0
11-00765386,60620.0,18.0,6.0,71.0
11-00765394,60620.0,18.0,6.0,71.0
11-00765389,60620.0,18.0,6.0,71.0
11-00674153,60620.0,21.0,22.0,71.0
11-00648863,60620.0,19.0,22.0,72.0
11-00631409,60620.0,18.0,6.0,71.0
11-00544066,60620.0,18.0,6.0,71.0
11-00542816,60620.0,17.0,6.0,71.0
11-00557636,60620.0,18.0,6.0,70.0
11-00547720,60620.0,18.0,6.0,71.0
11-00524801,60620.0,18.0,6.0,71.0
11-00475846,60620.0,18.0,6.0,71.0
11-00455641,60620.0,17.0,6.0,71.0
11-00448200,60620.0,21.0,6.0,44.0
11-00434936,60620.0,17.0,6.0,71.0
11-00435298,60620.0,17.0,6.0,71.0
11-00435337,60620.0,21.0,6.0,71.0
11-00435350,60620.0,21.0,6.0,71.0
11-00437983,60620.0,18.0,6.0,71.0
11-00388840,60620.0,17.0,6.0,69.0
11-00379048,60620.0,17.0,6.0,71.0
11-00315536,60620.0,17.0,6.0,71.0
11-00321497,60620.0,19.0,22.0,72.0
11-00282209,60620.0,18.0,6.0,71.0
11-00282365,60620.0,18.0,6.0,71.0
11-00271678,60620.0,17.0,6.0,44.0
11-00159340,60620.0,21.0,6.0,71.0
11-00159343,60620.0,21.0,6.0,71.0
11-00159348,60620.0,21.0,6.0,71.0
11-00152162,60620.0,17.0,6.0,71.0
11-00155873,60620.0,17.0,6.0,71.0
11-00149789,60620.0,17.0,6.0,71.0
11-00149798,60620.0,17.0,6.0,71.0
11-00149805,60620.0,17.0,6.0,71.0
11-00149811,60620.0,17.0,6.0,71.0
11-00143308,60620.0,17.0,6.0,71.0
11-00133598,60620.0,17.0,6.0,44.0
11-00120950,60620.0,17.0,6.0,71.0
11-00120952,60620.0,17.0,6.0,71.0
11-00120958,60620.0,17.0,6.0,71.0
11-00120973,60620.0,17.0,6.0,71.0
11-00110169,60620.0,17.0,6.0,71.0
11-00102575,60620.0,17.0,6.0,71.0
11-00085954,60620.0,19.0,22.0,72.0
11-00088681,60620.0,21.0,22.0,71.0
11-00088644,60620.0,21.0,22.0,71.0
11-00076092,60620.0,17.0,6.0,71.0
11-00076070,60620.0,17.0,6.0,71.0
11-00075042,60620.0,17.0,6.0,71.0
11-00074038,60620.0,17.0,6.0,71.0
11-00068956,60620.0,17.0,6.0,71.0
