15-04880740,60628.0,9.0,5.0,50.0
15-04879129,60628.0,9.0,5.0,49.0
15-04879117,60628.0,9.0,5.0,49.0
15-04879141,60628.0,9.0,5.0,49.0
15-04879151,60628.0,34.0,5.0,49.0
15-04824702,60628.0,9.0,5.0,49.0
15-04824740,60628.0,9.0,5.0,53.0
15-04824732,60628.0,9.0,5.0,53.0
15-04825209,60628.0,9.0,5.0,50.0
15-04824680,60628.0,9.0,5.0,49.0
15-04829552,60628.0,9.0,5.0,49.0
15-04824723,60628.0,9.0,5.0,49.0
15-04824695,60628.0,9.0,5.0,49.0
15-04824649,60628.0,21.0,22.0,73.0
15-04824682,60628.0,9.0,5.0,49.0
15-04824662,60628.0,9.0,5.0,49.0
15-04824674,60628.0,9.0,5.0,49.0
15-04824668,60628.0,9.0,5.0,49.0
15-04809042,60628.0,9.0,5.0,50.0
15-04809027,60628.0,9.0,5.0,50.0
15-04809053,60628.0,9.0,5.0,50.0
15-04806646,60628.0,21.0,22.0,73.0
15-04796129,60628.0,9.0,5.0,50.0
15-04778990,60628.0,9.0,5.0,50.0
15-04778989,60628.0,9.0,5.0,50.0
15-04736920,60628.0,9.0,5.0,49.0
15-04736912,60628.0,9.0,5.0,53.0
15-04736904,60628.0,9.0,5.0,53.0
15-04736882,60628.0,9.0,5.0,49.0
15-04736894,60628.0,9.0,5.0,53.0
15-04701762,60628.0,34.0,5.0,53.0
15-04543630,60628.0,9.0,5.0,49.0
15-04544474,60628.0,34.0,5.0,49.0
15-04522273,60628.0,9.0,5.0,49.0
15-04499101,60628.0,34.0,22.0,49.0
15-04499106,60628.0,34.0,22.0,49.0
15-04499083,60628.0,9.0,5.0,49.0
15-04405492,60628.0,9.0,5.0,53.0
15-04405485,60628.0,9.0,5.0,53.0
15-04405444,60628.0,21.0,5.0,49.0
15-04405356,60628.0,21.0,5.0,49.0
15-04405409,60628.0,21.0,5.0,49.0
15-04405467,60628.0,9.0,5.0,49.0
15-04406654,60628.0,9.0,5.0,53.0
15-04406640,60628.0,9.0,5.0,54.0
15-04406630,60628.0,9.0,5.0,54.0
15-04390610,60628.0,9.0,5.0,50.0
15-04352991,60628.0,9.0,5.0,53.0
15-04353078,60628.0,9.0,5.0,53.0
15-04352998,60628.0,34.0,5.0,53.0
15-04299945,60628.0,34.0,5.0,53.0
15-04300308,60628.0,34.0,5.0,53.0
15-04212000,60628.0,9.0,5.0,53.0
15-04211986,60628.0,9.0,5.0,53.0
15-04214829,60628.0,34.0,5.0,49.0
15-04194026,60628.0,9.0,5.0,53.0
15-04154640,60628.0,9.0,5.0,53.0
15-04140825,60628.0,34.0,5.0,53.0
15-04081994,60628.0,9.0,5.0,49.0
15-04032840,60628.0,9.0,5.0,49.0
15-04033269,60628.0,34.0,5.0,49.0
15-04033273,60628.0,34.0,5.0,49.0
15-04033279,60628.0,34.0,5.0,49.0
15-03835933,60628.0,34.0,5.0,53.0
15-03805326,60628.0,9.0,5.0,49.0
15-03815859,60628.0,9.0,22.0,73.0
15-03752559,60628.0,9.0,5.0,49.0
15-03758491,60628.0,34.0,5.0,49.0
15-03758491,60628.0,34.0,5.0,49.0
15-03761487,60628.0,34.0,5.0,53.0
15-03752782,60628.0,9.0,5.0,49.0
15-03713180,60628.0,9.0,5.0,49.0
15-03714181,60628.0,34.0,5.0,53.0
15-03703753,60628.0,21.0,22.0,73.0
15-03654045,60628.0,21.0,22.0,73.0
15-03654919,60628.0,34.0,5.0,49.0
15-03542811,60628.0,9.0,5.0,49.0
15-03440482,60628.0,34.0,5.0,53.0
15-03446136,60628.0,34.0,22.0,49.0
15-03417351,60628.0,9.0,5.0,49.0
15-03417526,60628.0,9.0,5.0,49.0
15-03422715,60628.0,9.0,5.0,50.0
15-03422752,60628.0,9.0,5.0,50.0
15-03393275,60628.0,34.0,22.0,49.0
15-03395403,60628.0,9.0,5.0,49.0
15-03367411,60628.0,9.0,5.0,49.0
15-03367466,60628.0,9.0,5.0,49.0
15-03380090,60628.0,34.0,22.0,49.0
15-03325310,60628.0,9.0,5.0,49.0
15-03325291,60628.0,9.0,5.0,49.0
15-03234467,60628.0,9.0,5.0,50.0
15-03234445,60628.0,9.0,5.0,50.0
15-03234439,60628.0,9.0,5.0,50.0
15-03234453,60628.0,9.0,5.0,50.0
15-03202093,60628.0,9.0,5.0,50.0
15-03200911,60628.0,9.0,5.0,50.0
15-03125492,60628.0,34.0,5.0,49.0
15-03101502,60628.0,34.0,5.0,49.0
15-03088306,60628.0,9.0,5.0,49.0
15-03088244,60628.0,9.0,5.0,53.0
15-03088374,60628.0,9.0,5.0,49.0
15-02980002,60628.0,9.0,5.0,49.0
15-02980008,60628.0,9.0,5.0,49.0
15-02928292,60628.0,9.0,5.0,53.0
15-02930144,60628.0,34.0,5.0,53.0
15-02902580,60628.0,34.0,22.0,49.0
15-02823811,60628.0,34.0,22.0,49.0
15-02827400,60628.0,34.0,22.0,49.0
15-02827166,60628.0,34.0,22.0,49.0
15-02823722,60628.0,34.0,22.0,49.0
15-02641983,60628.0,34.0,5.0,53.0
15-02564447,60628.0,9.0,5.0,49.0
15-02553161,60628.0,9.0,5.0,54.0
15-02416470,60628.0,10.0,5.0,51.0
15-02413610,60628.0,9.0,5.0,53.0
15-02413637,60628.0,9.0,5.0,49.0
15-02328010,60628.0,9.0,5.0,53.0
15-02300927,60628.0,9.0,5.0,49.0
15-02300925,60628.0,9.0,5.0,49.0
15-02306024,60628.0,9.0,5.0,49.0
15-02301105,60628.0,34.0,5.0,49.0
15-02277678,60628.0,9.0,5.0,49.0
15-02162245,60628.0,10.0,5.0,51.0
15-02067626,60628.0,9.0,5.0,53.0
15-02043766,60628.0,9.0,5.0,53.0
15-01978330,60628.0,9.0,5.0,49.0
15-01978334,60628.0,9.0,5.0,49.0
15-01955749,60628.0,9.0,5.0,49.0
15-01882967,60628.0,21.0,5.0,49.0
15-01880929,60628.0,9.0,5.0,49.0
15-01812684,60628.0,34.0,5.0,53.0
15-01813481,60628.0,9.0,5.0,53.0
15-01727615,60628.0,34.0,5.0,53.0
15-01705013,60628.0,9.0,5.0,49.0
15-01695537,60628.0,34.0,5.0,53.0
15-01664273,60628.0,9.0,5.0,49.0
15-01664234,60628.0,9.0,5.0,53.0
15-01664263,60628.0,9.0,5.0,53.0
15-01664241,60628.0,9.0,5.0,53.0
15-01664252,60628.0,9.0,5.0,53.0
15-01457995,60628.0,9.0,5.0,49.0
15-01408532,60628.0,21.0,22.0,73.0
15-01396602,60628.0,9.0,5.0,49.0
15-01394223,60628.0,9.0,5.0,53.0
15-01369378,60628.0,9.0,5.0,53.0
15-01369370,60628.0,9.0,5.0,49.0
15-01343310,60628.0,8.0,5.0,50.0
15-01319954,60628.0,9.0,5.0,53.0
15-01319964,60628.0,9.0,5.0,49.0
15-01236233,60628.0,9.0,5.0,50.0
15-01236200,60628.0,9.0,5.0,53.0
15-01236167,60628.0,9.0,5.0,53.0
15-01236275,60628.0,9.0,5.0,49.0
15-01194208,60628.0,34.0,5.0,53.0
15-01065584,60628.0,34.0,5.0,53.0
15-00992424,60628.0,34.0,5.0,53.0
15-00936513,60628.0,9.0,5.0,53.0
15-00912825,60628.0,9.0,5.0,53.0
15-00912674,60628.0,9.0,5.0,53.0
15-00912681,60628.0,9.0,5.0,53.0
15-00912696,60628.0,9.0,5.0,53.0
15-00912706,60628.0,9.0,5.0,53.0
15-00827961,60628.0,34.0,5.0,53.0
15-00822932,60628.0,9.0,5.0,49.0
15-00822937,60628.0,9.0,5.0,49.0
15-00824040,60628.0,9.0,5.0,53.0
15-00824078,60628.0,9.0,5.0,53.0
15-00824069,60628.0,9.0,5.0,53.0
15-00824054,60628.0,9.0,5.0,53.0
15-00824063,60628.0,9.0,5.0,53.0
15-00807388,60628.0,9.0,5.0,49.0
15-00807403,60628.0,9.0,5.0,49.0
15-00807408,60628.0,9.0,5.0,53.0
15-00807519,60628.0,9.0,5.0,50.0
15-00807479,60628.0,6.0,5.0,49.0
15-00807573,60628.0,34.0,22.0,49.0
15-00807552,60628.0,9.0,5.0,53.0
15-00803148,60628.0,34.0,5.0,53.0
15-00803224,60628.0,34.0,5.0,53.0
15-00786865,60628.0,34.0,5.0,53.0
15-00764585,60628.0,9.0,5.0,53.0
15-00764585,60628.0,9.0,5.0,53.0
15-00749701,60628.0,34.0,5.0,53.0
15-00720532,60628.0,34.0,5.0,53.0
15-00670715,60628.0,9.0,5.0,53.0
15-00613071,60628.0,9.0,5.0,53.0
15-00575818,60628.0,21.0,22.0,73.0
15-00536186,60628.0,9.0,5.0,53.0
15-00536183,60628.0,9.0,5.0,53.0
15-00536181,60628.0,9.0,5.0,53.0
15-00536230,60628.0,9.0,5.0,53.0
15-00522512,60628.0,34.0,22.0,49.0
15-00522510,60628.0,34.0,22.0,49.0
15-00503671,60628.0,9.0,5.0,53.0
15-00503665,60628.0,9.0,5.0,49.0
15-00321278,60628.0,9.0,5.0,53.0
15-00321484,60628.0,34.0,5.0,53.0
15-00321559,60628.0,9.0,5.0,53.0
15-00321271,60628.0,9.0,5.0,53.0
15-00313043,60628.0,9.0,5.0,53.0
15-00302632,60628.0,9.0,5.0,53.0
15-00302613,60628.0,34.0,5.0,53.0
15-00302608,60628.0,9.0,5.0,53.0
15-00302603,60628.0,9.0,5.0,53.0
15-00302598,60628.0,9.0,5.0,53.0
15-00302612,60628.0,9.0,5.0,53.0
15-00297546,60628.0,9.0,5.0,53.0
15-00276683,60628.0,34.0,5.0,49.0
15-00276307,60628.0,9.0,5.0,53.0
15-00276270,60628.0,9.0,5.0,53.0
15-00276260,60628.0,9.0,5.0,53.0
15-00276272,60628.0,34.0,22.0,73.0
15-00276437,60628.0,9.0,5.0,53.0
15-00276442,60628.0,9.0,5.0,49.0
15-00270748,60628.0,34.0,22.0,49.0
15-00270746,60628.0,34.0,22.0,49.0
15-00186452,60628.0,9.0,5.0,53.0
15-00186455,60628.0,9.0,5.0,49.0
15-00186464,60628.0,9.0,5.0,53.0
15-00160883,60628.0,34.0,22.0,49.0
15-00126281,60628.0,9.0,5.0,53.0
15-00126276,60628.0,9.0,5.0,49.0
15-00126280,60628.0,9.0,5.0,49.0
15-00126229,60628.0,34.0,22.0,49.0
15-00118143,60628.0,9.0,5.0,50.0
15-00109973,60628.0,9.0,5.0,49.0
15-00102066,60628.0,9.0,5.0,53.0
15-00101734,60628.0,9.0,5.0,53.0
15-00072136,60628.0,9.0,5.0,50.0
15-00063394,60628.0,9.0,5.0,53.0
15-00063397,60628.0,34.0,5.0,49.0
15-00063408,60628.0,34.0,5.0,49.0
15-00063401,60628.0,34.0,5.0,49.0
15-00005429,60628.0,9.0,5.0,53.0
14-02215051,60628.0,9.0,5.0,49.0
14-02204868,60628.0,9.0,5.0,49.0
14-02208259,60628.0,9.0,5.0,49.0
14-02197828,60628.0,9.0,5.0,49.0
14-02194923,60628.0,9.0,5.0,50.0
14-02188550,60628.0,9.0,5.0,50.0
14-02188719,60628.0,9.0,5.0,53.0
14-02188711,60628.0,9.0,5.0,53.0
14-02188729,60628.0,9.0,5.0,53.0
14-02188744,60628.0,9.0,5.0,53.0
14-02189422,60628.0,9.0,5.0,53.0
14-02174712,60628.0,9.0,22.0,73.0
14-02172664,60628.0,34.0,22.0,73.0
14-02164363,60628.0,9.0,5.0,49.0
14-02164360,60628.0,9.0,5.0,49.0
14-02166788,60628.0,34.0,22.0,49.0
14-02152317,60628.0,9.0,5.0,53.0
14-02152175,60628.0,34.0,22.0,49.0
14-02152247,60628.0,9.0,5.0,53.0
14-02142809,60628.0,9.0,5.0,53.0
14-02120471,60628.0,9.0,5.0,49.0
14-02120469,60628.0,9.0,5.0,49.0
14-02120465,60628.0,9.0,5.0,53.0
14-02120456,60628.0,9.0,5.0,53.0
14-02120454,60628.0,9.0,5.0,53.0
14-02113992,60628.0,34.0,5.0,49.0
14-02116569,60628.0,9.0,5.0,49.0
14-02111463,60628.0,9.0,5.0,49.0
14-02098772,60628.0,9.0,5.0,49.0
14-02079296,60628.0,9.0,5.0,50.0
14-02079299,60628.0,9.0,5.0,50.0
14-02068637,60628.0,9.0,5.0,53.0
14-02058467,60628.0,34.0,22.0,49.0
14-02059891,60628.0,9.0,5.0,49.0
14-02059886,60628.0,9.0,5.0,53.0
14-02051807,60628.0,8.0,5.0,50.0
14-02048885,60628.0,9.0,5.0,49.0
14-02014557,60628.0,9.0,5.0,53.0
14-02010180,60628.0,9.0,5.0,53.0
14-01993206,60628.0,9.0,5.0,53.0
14-01968546,60628.0,9.0,5.0,49.0
14-01968523,60628.0,34.0,22.0,73.0
14-01968541,60628.0,9.0,5.0,49.0
14-01968527,60628.0,34.0,22.0,73.0
14-01968535,60628.0,9.0,5.0,49.0
14-01968534,60628.0,9.0,5.0,49.0
14-01968530,60628.0,9.0,5.0,49.0
14-01968539,60628.0,9.0,5.0,49.0
14-01968552,60628.0,9.0,5.0,49.0
14-01968554,60628.0,9.0,5.0,50.0
14-01953100,60628.0,34.0,22.0,73.0
14-01954944,60628.0,9.0,5.0,50.0
14-01957046,60628.0,9.0,5.0,54.0
14-01946778,60628.0,9.0,5.0,53.0
14-01933051,60628.0,9.0,5.0,53.0
14-01933057,60628.0,9.0,5.0,53.0
14-01933055,60628.0,9.0,5.0,53.0
14-01933054,60628.0,9.0,5.0,53.0
14-01925681,60628.0,9.0,5.0,53.0
14-01925677,60628.0,9.0,5.0,53.0
14-01925689,60628.0,9.0,5.0,53.0
14-01925702,60628.0,34.0,5.0,49.0
14-01921205,60628.0,9.0,5.0,49.0
14-01910047,60628.0,9.0,5.0,49.0
14-01908839,60628.0,9.0,5.0,49.0
14-01908846,60628.0,9.0,5.0,49.0
14-01908898,60628.0,9.0,5.0,49.0
14-01908845,60628.0,9.0,5.0,49.0
14-01908853,60628.0,9.0,5.0,53.0
14-01908884,60628.0,9.0,5.0,53.0
14-01908868,60628.0,9.0,5.0,53.0
14-01908862,60628.0,9.0,5.0,53.0
14-01908857,60628.0,9.0,5.0,53.0
14-01908878,60628.0,9.0,5.0,53.0
14-01908872,60628.0,9.0,5.0,53.0
14-01908889,60628.0,9.0,5.0,49.0
14-01908913,60628.0,9.0,5.0,49.0
14-01908903,60628.0,9.0,5.0,49.0
14-01908923,60628.0,9.0,5.0,49.0
14-01911721,60628.0,10.0,4.0,51.0
14-01882837,60628.0,9.0,5.0,49.0
14-01873987,60628.0,9.0,5.0,49.0
14-01873999,60628.0,9.0,5.0,49.0
14-01870249,60628.0,9.0,5.0,49.0
14-01863035,60628.0,9.0,22.0,73.0
14-01863030,60628.0,9.0,22.0,73.0
14-01863028,60628.0,9.0,5.0,49.0
14-01863026,60628.0,9.0,5.0,49.0
14-01863018,60628.0,9.0,5.0,49.0
14-01852892,60628.0,9.0,5.0,49.0
14-01852883,60628.0,9.0,5.0,49.0
14-01848889,60628.0,9.0,22.0,73.0
14-01846175,60628.0,9.0,5.0,49.0
14-01835352,60628.0,9.0,22.0,73.0
14-01831306,60628.0,34.0,5.0,49.0
14-01815830,60628.0,34.0,5.0,49.0
14-01780759,60628.0,9.0,5.0,50.0
14-01770750,60628.0,34.0,5.0,49.0
14-01738090,60628.0,8.0,5.0,50.0
14-01738084,60628.0,8.0,5.0,50.0
14-01743723,60628.0,34.0,5.0,53.0
14-01738351,60628.0,9.0,5.0,49.0
14-01740287,60628.0,9.0,5.0,50.0
14-01731233,60628.0,8.0,5.0,50.0
14-01726354,60628.0,9.0,5.0,50.0
14-01723374,60628.0,9.0,5.0,50.0
14-01725444,60628.0,8.0,5.0,50.0
14-01717090,60628.0,8.0,5.0,50.0
14-01696858,60628.0,9.0,5.0,53.0
14-01696821,60628.0,9.0,5.0,53.0
14-01682534,60628.0,8.0,5.0,50.0
14-01682517,60628.0,8.0,5.0,50.0
14-01682528,60628.0,8.0,5.0,50.0
14-01682538,60628.0,8.0,5.0,50.0
14-01672947,60628.0,9.0,5.0,53.0
14-01673466,60628.0,8.0,5.0,50.0
14-01662271,60628.0,34.0,5.0,53.0
14-01655054,60628.0,34.0,5.0,49.0
14-01639190,60628.0,9.0,5.0,50.0
14-01626535,60628.0,9.0,5.0,53.0
14-01631422,60628.0,9.0,5.0,49.0
14-01624649,60628.0,8.0,5.0,50.0
14-01604216,60628.0,34.0,5.0,49.0
14-01604202,60628.0,34.0,5.0,49.0
14-01594544,60628.0,34.0,5.0,49.0
14-01578610,60628.0,34.0,5.0,49.0
14-01573912,60628.0,9.0,5.0,53.0
14-01573895,60628.0,9.0,5.0,53.0
14-01573905,60628.0,9.0,5.0,53.0
14-01573922,60628.0,9.0,5.0,53.0
14-01573927,60628.0,9.0,5.0,53.0
14-01562017,60628.0,9.0,5.0,53.0
14-01553326,60628.0,9.0,5.0,49.0
14-01551021,60628.0,9.0,5.0,53.0
14-01551042,60628.0,9.0,5.0,53.0
14-01533608,60628.0,9.0,5.0,53.0
14-01527866,60628.0,9.0,5.0,53.0
14-01496478,60628.0,34.0,22.0,73.0
14-01487460,60628.0,34.0,5.0,53.0
14-01472879,60628.0,34.0,5.0,53.0
14-01459187,60628.0,9.0,5.0,53.0
14-01465080,60628.0,34.0,22.0,73.0
14-01465070,60628.0,34.0,22.0,73.0
14-01465069,60628.0,34.0,22.0,73.0
14-01454489,60628.0,9.0,5.0,53.0
14-01453569,60628.0,9.0,5.0,49.0
14-01449769,60628.0,8.0,5.0,50.0
14-01447995,60628.0,34.0,22.0,49.0
14-01439745,60628.0,34.0,5.0,49.0
14-01429874,60628.0,34.0,5.0,53.0
14-01426056,60628.0,9.0,5.0,49.0
14-01426044,60628.0,9.0,5.0,49.0
14-01426323,60628.0,34.0,5.0,53.0
14-01426319,60628.0,34.0,5.0,53.0
14-01426325,60628.0,34.0,5.0,53.0
14-01426381,60628.0,34.0,5.0,53.0
14-01426361,60628.0,34.0,5.0,53.0
14-01426328,60628.0,34.0,5.0,53.0
14-01421471,60628.0,9.0,5.0,49.0
14-01416435,60628.0,34.0,5.0,53.0
14-01416966,60628.0,9.0,5.0,53.0
14-01416959,60628.0,9.0,5.0,53.0
14-01404141,60628.0,34.0,5.0,53.0
14-01393866,60628.0,34.0,5.0,53.0
14-01391754,60628.0,34.0,5.0,49.0
14-01388680,60628.0,34.0,5.0,49.0
14-01380082,60628.0,9.0,5.0,53.0
14-01368442,60628.0,34.0,5.0,49.0
14-01368339,60628.0,34.0,5.0,49.0
14-01369713,60628.0,34.0,5.0,49.0
14-01362995,60628.0,34.0,5.0,49.0
14-01363011,60628.0,9.0,5.0,53.0
14-01363004,60628.0,9.0,5.0,53.0
14-01363002,60628.0,9.0,5.0,53.0
14-01363024,60628.0,9.0,5.0,53.0
14-01362859,60628.0,9.0,5.0,53.0
14-01362862,60628.0,9.0,5.0,53.0
14-01347359,60628.0,34.0,5.0,49.0
14-01342003,60628.0,9.0,5.0,49.0
14-01344670,60628.0,34.0,5.0,49.0
14-01330937,60628.0,21.0,5.0,49.0
14-01336149,60628.0,34.0,5.0,49.0
14-01335738,60628.0,34.0,5.0,53.0
14-01335744,60628.0,34.0,5.0,53.0
14-01322432,60628.0,34.0,5.0,53.0
14-01323519,60628.0,34.0,22.0,49.0
14-01298883,60628.0,34.0,5.0,49.0
14-01298880,60628.0,34.0,5.0,49.0
14-01301145,60628.0,34.0,22.0,49.0
14-01296309,60628.0,9.0,5.0,49.0
14-01282353,60628.0,34.0,5.0,53.0
14-01284982,60628.0,34.0,5.0,49.0
14-01284987,60628.0,34.0,5.0,49.0
14-01276778,60628.0,34.0,5.0,49.0
14-01266776,60628.0,34.0,5.0,49.0
14-01266773,60628.0,34.0,5.0,49.0
14-01248627,60628.0,34.0,5.0,53.0
14-01249009,60628.0,34.0,5.0,53.0
14-01223223,60628.0,9.0,5.0,49.0
14-01228445,60628.0,9.0,22.0,73.0
14-01210018,60628.0,34.0,5.0,49.0
14-01215895,60628.0,34.0,5.0,53.0
14-01209564,60628.0,34.0,5.0,49.0
14-01209575,60628.0,34.0,5.0,49.0
14-01197079,60628.0,34.0,5.0,53.0
14-01182231,60628.0,34.0,5.0,49.0
14-01185161,60628.0,34.0,5.0,49.0
14-01169089,60628.0,34.0,5.0,49.0
14-01169368,60628.0,34.0,5.0,49.0
14-01166288,60628.0,34.0,5.0,49.0
14-01158100,60628.0,34.0,5.0,49.0
14-01139531,60628.0,9.0,5.0,49.0
14-01141418,60628.0,34.0,5.0,49.0
14-01132363,60628.0,34.0,5.0,49.0
14-01132349,60628.0,34.0,5.0,49.0
14-01132362,60628.0,34.0,5.0,49.0
14-01132356,60628.0,34.0,5.0,49.0
14-01132331,60628.0,34.0,5.0,49.0
14-01132337,60628.0,34.0,5.0,49.0
14-01110482,60628.0,9.0,5.0,49.0
14-01097345,60628.0,6.0,5.0,49.0
14-01074528,60628.0,9.0,5.0,50.0
14-01074523,60628.0,9.0,5.0,50.0
14-01073776,60628.0,9.0,5.0,49.0
14-01080328,60628.0,34.0,5.0,49.0
14-01066848,60628.0,9.0,5.0,50.0
14-01066580,60628.0,9.0,5.0,50.0
14-01063388,60628.0,34.0,22.0,49.0
14-01061478,60628.0,9.0,5.0,49.0
14-01051960,60628.0,9.0,5.0,50.0
14-01051940,60628.0,9.0,5.0,50.0
14-01042393,60628.0,6.0,5.0,49.0
14-01004366,60628.0,34.0,22.0,49.0
14-01004363,60628.0,34.0,22.0,49.0
14-00990192,60628.0,34.0,22.0,49.0
14-00983317,60628.0,34.0,22.0,49.0
14-00969927,60628.0,34.0,22.0,49.0
14-00969931,60628.0,34.0,22.0,49.0
14-00949973,60628.0,34.0,5.0,49.0
14-00949123,60628.0,34.0,5.0,49.0
14-00950086,60628.0,34.0,5.0,49.0
14-00940746,60628.0,9.0,5.0,49.0
14-00940745,60628.0,9.0,5.0,49.0
14-00940734,60628.0,9.0,5.0,49.0
14-00940169,60628.0,9.0,5.0,49.0
14-00940167,60628.0,9.0,5.0,49.0
14-00939588,60628.0,9.0,5.0,49.0
14-00932144,60628.0,9.0,5.0,49.0
14-00930441,60628.0,34.0,5.0,49.0
14-00932118,60628.0,34.0,5.0,49.0
14-00928324,60628.0,9.0,5.0,49.0
14-00932847,60628.0,34.0,5.0,53.0
14-00926960,60628.0,9.0,5.0,49.0
14-00926983,60628.0,9.0,5.0,49.0
14-00927727,60628.0,9.0,5.0,50.0
14-00915233,60628.0,34.0,5.0,49.0
14-00905446,60628.0,9.0,5.0,50.0
14-00899637,60628.0,34.0,5.0,53.0
14-00903901,60628.0,9.0,5.0,49.0
14-00875211,60628.0,34.0,5.0,53.0
14-00875203,60628.0,34.0,5.0,53.0
14-00875200,60628.0,34.0,5.0,53.0
14-00875170,60628.0,9.0,5.0,53.0
14-00875183,60628.0,9.0,5.0,49.0
14-00875178,60628.0,9.0,5.0,49.0
14-00875213,60628.0,34.0,5.0,53.0
14-00867500,60628.0,9.0,5.0,53.0
14-00844434,60628.0,34.0,5.0,49.0
14-00819086,60628.0,9.0,5.0,49.0
14-00801728,60628.0,34.0,5.0,53.0
14-00784327,60628.0,9.0,5.0,49.0
14-00779867,60628.0,6.0,5.0,49.0
14-00779250,60628.0,9.0,5.0,50.0
14-00778620,60628.0,34.0,5.0,53.0
14-00778621,60628.0,34.0,5.0,53.0
14-00776499,60628.0,34.0,5.0,53.0
14-00776503,60628.0,34.0,5.0,53.0
14-00767320,60628.0,9.0,5.0,53.0
14-00767319,60628.0,9.0,5.0,53.0
14-00760893,60628.0,9.0,5.0,49.0
14-00760535,60628.0,9.0,5.0,49.0
14-00760568,60628.0,9.0,5.0,53.0
14-00760547,60628.0,9.0,5.0,53.0
14-00760542,60628.0,9.0,5.0,49.0
14-00760557,60628.0,9.0,5.0,53.0
14-00760613,60628.0,9.0,5.0,53.0
14-00760602,60628.0,9.0,5.0,53.0
14-00760621,60628.0,9.0,5.0,53.0
14-00760658,60628.0,9.0,5.0,53.0
14-00760637,60628.0,9.0,5.0,53.0
14-00760627,60628.0,9.0,5.0,53.0
14-00760679,60628.0,9.0,5.0,53.0
14-00760671,60628.0,9.0,5.0,53.0
14-00760724,60628.0,9.0,5.0,49.0
14-00760711,60628.0,9.0,5.0,53.0
14-00760697,60628.0,9.0,5.0,53.0
14-00760859,60628.0,9.0,5.0,49.0
14-00760836,60628.0,9.0,5.0,49.0
14-00760884,60628.0,9.0,5.0,49.0
14-00766742,60628.0,9.0,5.0,49.0
14-00766732,60628.0,9.0,5.0,49.0
14-00763007,60628.0,9.0,5.0,53.0
14-00766737,60628.0,9.0,5.0,49.0
14-00761051,60628.0,9.0,5.0,49.0
14-00761039,60628.0,9.0,5.0,49.0
14-00761066,60628.0,9.0,5.0,49.0
14-00761129,60628.0,9.0,5.0,49.0
14-00761176,60628.0,9.0,5.0,49.0
14-00758013,60628.0,6.0,5.0,49.0
14-00748224,60628.0,34.0,22.0,49.0
14-00736831,60628.0,9.0,5.0,49.0
14-00741133,60628.0,9.0,5.0,49.0
14-00736997,60628.0,9.0,5.0,49.0
14-00729842,60628.0,9.0,5.0,53.0
14-00726595,60628.0,9.0,5.0,53.0
14-00724142,60628.0,9.0,5.0,49.0
14-00710652,60628.0,9.0,5.0,53.0
14-00710650,60628.0,9.0,5.0,53.0
14-00710662,60628.0,9.0,5.0,53.0
14-00708224,60628.0,9.0,5.0,53.0
14-00708226,60628.0,9.0,5.0,53.0
14-00710055,60628.0,9.0,5.0,49.0
14-00708271,60628.0,9.0,5.0,53.0
14-00696896,60628.0,9.0,5.0,53.0
14-00696929,60628.0,9.0,5.0,53.0
14-00696919,60628.0,9.0,5.0,53.0
14-00696923,60628.0,9.0,5.0,53.0
14-00696910,60628.0,9.0,5.0,53.0
14-00696937,60628.0,9.0,5.0,53.0
14-00696905,60628.0,9.0,5.0,53.0
14-00674421,60628.0,9.0,5.0,53.0
14-00658974,60628.0,9.0,5.0,53.0
14-00653064,60628.0,9.0,5.0,49.0
14-00651582,60628.0,9.0,5.0,49.0
14-00651616,60628.0,9.0,5.0,49.0
14-00651634,60628.0,9.0,5.0,49.0
14-00645579,60628.0,9.0,5.0,50.0
14-00646405,60628.0,9.0,5.0,49.0
14-00640676,60628.0,9.0,5.0,49.0
14-00636205,60628.0,34.0,5.0,53.0
14-00630640,60628.0,9.0,5.0,53.0
14-00636212,60628.0,34.0,5.0,53.0
14-00620667,60628.0,9.0,5.0,49.0
14-00570205,60628.0,34.0,5.0,53.0
14-00567394,60628.0,21.0,5.0,49.0
14-00565845,60628.0,21.0,5.0,49.0
14-00550976,60628.0,9.0,5.0,49.0
14-00542486,60628.0,9.0,5.0,49.0
14-00542184,60628.0,34.0,5.0,53.0
14-00537834,60628.0,9.0,5.0,53.0
14-00537821,60628.0,9.0,5.0,53.0
14-00537811,60628.0,9.0,5.0,53.0
14-00537814,60628.0,9.0,5.0,53.0
14-00537844,60628.0,9.0,5.0,53.0
14-00538126,60628.0,9.0,5.0,53.0
14-00531399,60628.0,9.0,5.0,53.0
14-00523156,60628.0,34.0,5.0,49.0
14-00504143,60628.0,9.0,5.0,49.0
14-00490674,60628.0,9.0,5.0,49.0
14-00476100,60628.0,9.0,5.0,49.0
14-00476098,60628.0,9.0,5.0,49.0
14-00476110,60628.0,9.0,5.0,49.0
14-00476107,60628.0,9.0,5.0,49.0
14-00468530,60628.0,9.0,5.0,50.0
14-00473702,60628.0,9.0,5.0,49.0
14-00468526,60628.0,9.0,5.0,50.0
14-00467393,60628.0,9.0,5.0,53.0
14-00467407,60628.0,9.0,5.0,53.0
14-00456278,60628.0,9.0,5.0,53.0
14-00457835,60628.0,9.0,5.0,53.0
14-00450671,60628.0,9.0,5.0,50.0
14-00427774,60628.0,34.0,5.0,53.0
14-00421365,60628.0,9.0,5.0,53.0
14-00417939,60628.0,9.0,5.0,49.0
14-00420456,60628.0,9.0,5.0,49.0
14-00412486,60628.0,9.0,5.0,49.0
14-00398832,60628.0,9.0,5.0,53.0
14-00400300,60628.0,9.0,5.0,50.0
14-00384244,60628.0,9.0,5.0,49.0
14-00375750,60628.0,9.0,5.0,53.0
14-00375299,60628.0,34.0,5.0,49.0
14-00369521,60628.0,9.0,5.0,54.0
14-00366642,60628.0,9.0,5.0,49.0
14-00350604,60628.0,9.0,5.0,53.0
14-00338040,60628.0,9.0,5.0,50.0
14-00330047,60628.0,9.0,5.0,50.0
14-00319402,60628.0,9.0,5.0,53.0
14-00308730,60628.0,9.0,5.0,53.0
14-00300290,60628.0,9.0,5.0,53.0
14-00297339,60628.0,9.0,5.0,50.0
14-00295207,60628.0,9.0,5.0,49.0
14-00294322,60628.0,9.0,5.0,50.0
14-00275541,60628.0,9.0,5.0,53.0
14-00277607,60628.0,21.0,5.0,49.0
14-00262223,60628.0,9.0,5.0,53.0
14-00248548,60628.0,9.0,5.0,50.0
14-00224316,60628.0,9.0,5.0,53.0
14-00214977,60628.0,9.0,5.0,50.0
14-00215073,60628.0,9.0,5.0,50.0
14-00214944,60628.0,9.0,5.0,50.0
14-00215052,60628.0,34.0,5.0,49.0
14-00215088,60628.0,34.0,5.0,49.0
14-00215040,60628.0,9.0,5.0,49.0
14-00215082,60628.0,9.0,5.0,53.0
14-00190200,60628.0,9.0,5.0,49.0
14-00190211,60628.0,9.0,5.0,53.0
14-00190386,60628.0,21.0,5.0,49.0
14-00190384,60628.0,9.0,5.0,49.0
14-00190446,60628.0,21.0,5.0,49.0
14-00157449,60628.0,9.0,5.0,49.0
14-00157424,60628.0,9.0,5.0,49.0
14-00159828,60628.0,34.0,5.0,53.0
14-00145423,60628.0,9.0,5.0,50.0
14-00141017,60628.0,34.0,5.0,49.0
14-00143142,60628.0,34.0,5.0,49.0
14-00143155,60628.0,34.0,5.0,49.0
14-00143175,60628.0,9.0,5.0,53.0
14-00143162,60628.0,34.0,5.0,49.0
14-00141472,60628.0,34.0,5.0,49.0
14-00137587,60628.0,34.0,5.0,53.0
14-00137598,60628.0,34.0,5.0,53.0
14-00137600,60628.0,34.0,5.0,53.0
14-00116484,60628.0,9.0,5.0,50.0
14-00107788,60628.0,9.0,5.0,49.0
14-00107769,60628.0,34.0,5.0,49.0
14-00107685,60628.0,34.0,5.0,49.0
14-00107681,60628.0,34.0,22.0,49.0
14-00107724,60628.0,34.0,5.0,49.0
14-00107757,60628.0,34.0,5.0,49.0
14-00107697,60628.0,34.0,5.0,49.0
14-00107728,60628.0,34.0,5.0,49.0
14-00107780,60628.0,34.0,5.0,49.0
14-00107775,60628.0,34.0,5.0,49.0
14-00103375,60628.0,9.0,5.0,50.0
14-00101004,60628.0,9.0,5.0,50.0
14-00097934,60628.0,34.0,5.0,49.0
14-00097930,60628.0,34.0,5.0,49.0
14-00097927,60628.0,34.0,5.0,49.0
14-00097916,60628.0,34.0,5.0,49.0
14-00097920,60628.0,34.0,5.0,49.0
14-00097910,60628.0,34.0,5.0,49.0
14-00097906,60628.0,34.0,5.0,49.0
14-00097901,60628.0,34.0,5.0,49.0
14-00097892,60628.0,34.0,5.0,49.0
14-00097898,60628.0,34.0,5.0,49.0
14-00093365,60628.0,34.0,5.0,49.0
14-00094051,60628.0,9.0,5.0,50.0
14-00083103,60628.0,34.0,5.0,49.0
14-00080785,60628.0,9.0,5.0,50.0
14-00068156,60628.0,34.0,5.0,49.0
14-00055332,60628.0,9.0,5.0,53.0
14-00033457,60628.0,9.0,5.0,49.0
14-00008716,60628.0,9.0,5.0,49.0
14-00012523,60628.0,9.0,5.0,49.0
13-01905419,60628.0,21.0,5.0,49.0
13-01902746,60628.0,9.0,5.0,53.0
13-01897752,60628.0,9.0,5.0,53.0
13-01867699,60628.0,9.0,5.0,50.0
13-01866326,60628.0,9.0,5.0,50.0
13-01855410,60628.0,34.0,5.0,49.0
13-01848611,60628.0,9.0,5.0,50.0
13-01811477,60628.0,9.0,5.0,53.0
13-01804279,60628.0,9.0,5.0,53.0
13-01804275,60628.0,9.0,5.0,53.0
13-01804176,60628.0,9.0,5.0,49.0
13-01799837,60628.0,34.0,22.0,49.0
13-01799685,60628.0,9.0,5.0,49.0
13-01799675,60628.0,34.0,5.0,53.0
13-01795752,60628.0,9.0,5.0,53.0
13-01794282,60628.0,34.0,22.0,49.0
13-01792882,60628.0,9.0,5.0,50.0
13-01789532,60628.0,34.0,5.0,53.0
13-01771751,60628.0,9.0,5.0,50.0
13-01772933,60628.0,9.0,5.0,53.0
13-01771939,60628.0,9.0,5.0,50.0
13-01755932,60628.0,9.0,5.0,53.0
13-01757816,60628.0,34.0,22.0,49.0
13-01755937,60628.0,34.0,5.0,53.0
13-01743208,60628.0,9.0,5.0,50.0
13-01743188,60628.0,9.0,5.0,53.0
13-01738158,60628.0,9.0,5.0,50.0
13-01738135,60628.0,9.0,5.0,50.0
13-01734779,60628.0,34.0,22.0,49.0
13-01727905,60628.0,6.0,5.0,49.0
13-01729946,60628.0,9.0,5.0,53.0
13-01720462,60628.0,9.0,5.0,50.0
13-01718415,60628.0,8.0,5.0,50.0
13-01717943,60628.0,34.0,22.0,49.0
13-01705641,60628.0,9.0,5.0,54.0
13-01710130,60628.0,9.0,5.0,53.0
13-01710149,60628.0,9.0,5.0,53.0
13-01710098,60628.0,9.0,5.0,53.0
13-01702575,60628.0,6.0,5.0,49.0
13-01703982,60628.0,9.0,5.0,50.0
13-01703970,60628.0,9.0,5.0,50.0
13-01702570,60628.0,9.0,5.0,49.0
13-01702562,60628.0,9.0,5.0,53.0
13-01702558,60628.0,9.0,5.0,49.0
13-01702550,60628.0,9.0,5.0,50.0
13-01702553,60628.0,9.0,5.0,49.0
13-01701972,60628.0,9.0,5.0,49.0
13-01701988,60628.0,9.0,5.0,49.0
13-01701810,60628.0,9.0,5.0,50.0
13-01701956,60628.0,9.0,5.0,49.0
13-01701731,60628.0,9.0,5.0,50.0
13-01700783,60628.0,9.0,5.0,50.0
13-01692162,60628.0,9.0,5.0,50.0
13-01697017,60628.0,9.0,5.0,53.0
13-01694951,60628.0,21.0,22.0,73.0
13-01691436,60628.0,9.0,5.0,53.0
13-01691466,60628.0,9.0,5.0,50.0
13-01688425,60628.0,9.0,5.0,53.0
13-01688430,60628.0,9.0,5.0,53.0
13-01683370,60628.0,9.0,5.0,50.0
13-01678938,60628.0,9.0,5.0,50.0
13-01677772,60628.0,9.0,5.0,49.0
13-01676774,60628.0,9.0,5.0,50.0
13-01672903,60628.0,9.0,5.0,50.0
13-01672919,60628.0,9.0,5.0,50.0
13-01671207,60628.0,9.0,5.0,50.0
13-01671659,60628.0,9.0,5.0,54.0
13-01671654,60628.0,9.0,5.0,54.0
13-01671746,60628.0,9.0,5.0,54.0
13-01671815,60628.0,34.0,5.0,49.0
13-01670786,60628.0,34.0,5.0,49.0
13-01672964,60628.0,9.0,5.0,50.0
13-01672944,60628.0,9.0,5.0,50.0
13-01671015,60628.0,9.0,5.0,50.0
13-01672850,60628.0,9.0,5.0,50.0
13-01666408,60628.0,21.0,22.0,73.0
13-01666394,60628.0,9.0,5.0,49.0
13-01666367,60628.0,9.0,5.0,49.0
13-01666359,60628.0,9.0,5.0,50.0
13-01664431,60628.0,9.0,5.0,49.0
13-01668626,60628.0,9.0,5.0,49.0
13-01660292,60628.0,9.0,5.0,50.0
13-01660259,60628.0,9.0,5.0,50.0
13-01656913,60628.0,9.0,5.0,50.0
13-01657047,60628.0,9.0,5.0,50.0
13-01656914,60628.0,9.0,5.0,50.0
13-01660260,60628.0,9.0,5.0,50.0
13-01657107,60628.0,9.0,5.0,50.0
13-01657099,60628.0,9.0,5.0,50.0
13-01657030,60628.0,9.0,5.0,50.0
13-01658985,60628.0,6.0,5.0,49.0
13-01648649,60628.0,9.0,5.0,50.0
13-01654839,60628.0,9.0,5.0,50.0
13-01653879,60628.0,9.0,5.0,50.0
13-01653162,60628.0,9.0,5.0,50.0
13-01652375,60628.0,9.0,5.0,50.0
13-01654848,60628.0,9.0,5.0,50.0
13-01654845,60628.0,9.0,5.0,50.0
13-01650892,60628.0,9.0,5.0,50.0
13-01654838,60628.0,9.0,5.0,50.0
13-01649049,60628.0,9.0,5.0,50.0
13-01647321,60628.0,9.0,5.0,50.0
13-01647631,60628.0,9.0,5.0,50.0
13-01647523,60628.0,9.0,5.0,50.0
13-01647906,60628.0,9.0,5.0,50.0
13-01647492,60628.0,9.0,5.0,50.0
13-01646867,60628.0,9.0,5.0,54.0
13-01648195,60628.0,9.0,5.0,50.0
13-01637863,60628.0,34.0,5.0,49.0
13-01611277,60628.0,9.0,5.0,53.0
13-01611253,60628.0,9.0,5.0,53.0
13-01613532,60628.0,9.0,5.0,53.0
13-01613524,60628.0,9.0,5.0,53.0
13-01613510,60628.0,9.0,5.0,53.0
13-01613496,60628.0,9.0,5.0,49.0
13-01589535,60628.0,34.0,5.0,53.0
13-01586657,60628.0,9.0,5.0,53.0
13-01586334,60628.0,9.0,5.0,53.0
13-01552442,60628.0,9.0,5.0,49.0
13-01536189,60628.0,34.0,5.0,49.0
13-01536186,60628.0,34.0,5.0,49.0
13-01536181,60628.0,34.0,5.0,49.0
13-01539061,60628.0,9.0,22.0,73.0
13-01532894,60628.0,34.0,5.0,53.0
13-01532987,60628.0,9.0,5.0,49.0
13-01533137,60628.0,9.0,5.0,53.0
13-01528951,60628.0,9.0,5.0,53.0
13-01528961,60628.0,9.0,5.0,53.0
13-01501133,60628.0,34.0,5.0,53.0
13-01492852,60628.0,9.0,22.0,73.0
13-01489975,60628.0,9.0,22.0,73.0
13-01490265,60628.0,9.0,22.0,73.0
13-01492077,60628.0,21.0,5.0,49.0
13-01479093,60628.0,9.0,22.0,73.0
13-01479438,60628.0,9.0,5.0,49.0
13-01470818,60628.0,34.0,5.0,49.0
13-01464445,60628.0,9.0,5.0,49.0
13-01455284,60628.0,34.0,22.0,49.0
13-01448844,60628.0,34.0,5.0,53.0
13-01435701,60628.0,34.0,22.0,73.0
13-01435698,60628.0,9.0,22.0,73.0
13-01437906,60628.0,34.0,5.0,53.0
13-01431278,60628.0,34.0,5.0,53.0
13-01415235,60628.0,9.0,5.0,49.0
13-01413400,60628.0,34.0,5.0,53.0
13-01406993,60628.0,9.0,5.0,53.0
13-01405995,60628.0,34.0,5.0,49.0
13-01401157,60628.0,9.0,5.0,49.0
13-01392080,60628.0,9.0,5.0,53.0
13-01377105,60628.0,9.0,5.0,49.0
13-01371607,60628.0,9.0,5.0,50.0
13-01369742,60628.0,9.0,5.0,49.0
13-01369710,60628.0,9.0,5.0,49.0
13-01372665,60628.0,34.0,5.0,49.0
13-01359647,60628.0,9.0,5.0,53.0
13-01347722,60628.0,9.0,5.0,49.0
13-01330216,60628.0,9.0,5.0,49.0
13-01340373,60628.0,9.0,5.0,49.0
13-01331472,60628.0,9.0,5.0,53.0
13-01312273,60628.0,9.0,5.0,49.0
13-01311895,60628.0,34.0,5.0,49.0
13-01304411,60628.0,9.0,5.0,50.0
13-01299195,60628.0,9.0,5.0,53.0
13-01300150,60628.0,9.0,5.0,53.0
13-01300149,60628.0,34.0,5.0,49.0
13-01298399,60628.0,9.0,5.0,53.0
13-01298383,60628.0,9.0,5.0,53.0
13-01271687,60628.0,34.0,5.0,49.0
13-01251694,60628.0,9.0,5.0,49.0
13-01251681,60628.0,9.0,5.0,49.0
13-01247807,60628.0,34.0,5.0,49.0
13-01247835,60628.0,21.0,22.0,73.0
13-01243086,60628.0,9.0,5.0,53.0
13-01233398,60628.0,9.0,5.0,49.0
13-01230287,60628.0,34.0,22.0,49.0
13-01230943,60628.0,34.0,5.0,53.0
13-01229980,60628.0,9.0,5.0,53.0
13-01229986,60628.0,34.0,22.0,49.0
13-01238046,60628.0,34.0,5.0,53.0
13-01238030,60628.0,34.0,5.0,49.0
13-01238323,60628.0,34.0,5.0,53.0
13-01222966,60628.0,9.0,5.0,49.0
13-01204251,60628.0,9.0,5.0,49.0
13-01204885,60628.0,34.0,5.0,53.0
13-01201186,60628.0,9.0,5.0,50.0
13-01200953,60628.0,9.0,5.0,49.0
13-01203724,60628.0,34.0,22.0,73.0
13-01180471,60628.0,34.0,22.0,49.0
13-01181391,60628.0,34.0,5.0,49.0
13-01181371,60628.0,34.0,5.0,49.0
13-01181349,60628.0,34.0,5.0,49.0
13-01180473,60628.0,34.0,5.0,53.0
13-01181337,60628.0,34.0,5.0,53.0
13-01180567,60628.0,34.0,5.0,49.0
13-01179467,60628.0,34.0,5.0,49.0
13-01179450,60628.0,34.0,22.0,49.0
13-01179463,60628.0,34.0,5.0,49.0
13-01179471,60628.0,34.0,5.0,49.0
13-01179485,60628.0,34.0,5.0,49.0
13-01179479,60628.0,34.0,5.0,49.0
13-01168011,60628.0,9.0,5.0,53.0
13-01166257,60628.0,34.0,5.0,49.0
13-01166250,60628.0,34.0,5.0,49.0
13-01166264,60628.0,34.0,5.0,49.0
13-01167756,60628.0,34.0,22.0,49.0
13-01167748,60628.0,34.0,22.0,49.0
13-01167503,60628.0,34.0,5.0,53.0
13-01167421,60628.0,34.0,5.0,53.0
13-01167516,60628.0,34.0,5.0,49.0
13-01167426,60628.0,34.0,5.0,53.0
13-01167402,60628.0,34.0,5.0,53.0
13-01167396,60628.0,34.0,5.0,53.0
13-01167324,60628.0,34.0,22.0,49.0
13-01167275,60628.0,34.0,22.0,49.0
13-01167315,60628.0,34.0,22.0,49.0
13-01167283,60628.0,34.0,22.0,49.0
13-01167299,60628.0,34.0,22.0,49.0
13-01167389,60628.0,34.0,5.0,53.0
13-01167346,60628.0,34.0,22.0,49.0
13-01167338,60628.0,34.0,22.0,49.0
13-01167385,60628.0,34.0,5.0,53.0
13-01167359,60628.0,34.0,22.0,49.0
13-01167375,60628.0,34.0,5.0,53.0
13-01167509,60628.0,34.0,5.0,49.0
13-01167505,60628.0,34.0,5.0,53.0
13-01167737,60628.0,34.0,22.0,49.0
13-01167670,60628.0,34.0,5.0,53.0
13-01167522,60628.0,34.0,5.0,49.0
13-01167658,60628.0,34.0,5.0,53.0
13-01167640,60628.0,34.0,22.0,49.0
13-01167583,60628.0,34.0,5.0,49.0
13-01167547,60628.0,34.0,5.0,49.0
13-01167534,60628.0,34.0,5.0,49.0
13-01167574,60628.0,34.0,5.0,49.0
13-01167555,60628.0,34.0,5.0,49.0
13-01167567,60628.0,34.0,5.0,49.0
13-01167562,60628.0,34.0,5.0,49.0
13-01167720,60628.0,34.0,5.0,53.0
13-01167801,60628.0,34.0,5.0,49.0
13-01167795,60628.0,9.0,5.0,49.0
13-01167764,60628.0,34.0,5.0,53.0
13-01167783,60628.0,9.0,5.0,49.0
13-01167779,60628.0,9.0,5.0,49.0
13-01167770,60628.0,34.0,5.0,49.0
13-01166189,60628.0,34.0,5.0,49.0
13-01166126,60628.0,34.0,5.0,49.0
13-01166171,60628.0,34.0,5.0,49.0
13-01166150,60628.0,34.0,5.0,49.0
13-01151716,60628.0,34.0,22.0,49.0
13-01154531,60628.0,34.0,5.0,49.0
13-01154558,60628.0,34.0,5.0,49.0
13-01154542,60628.0,34.0,5.0,49.0
13-01154566,60628.0,34.0,5.0,53.0
13-01154675,60628.0,34.0,5.0,49.0
13-01154757,60628.0,34.0,22.0,49.0
13-01151228,60628.0,34.0,22.0,49.0
13-01151191,60628.0,34.0,22.0,49.0
13-01151302,60628.0,34.0,22.0,49.0
13-01151259,60628.0,34.0,22.0,49.0
13-01151235,60628.0,34.0,22.0,49.0
13-01151288,60628.0,34.0,22.0,49.0
13-01151274,60628.0,34.0,22.0,49.0
13-01137002,60628.0,8.0,5.0,50.0
13-01136525,60628.0,9.0,5.0,49.0
13-01122513,60628.0,9.0,5.0,53.0
13-01122515,60628.0,34.0,5.0,53.0
13-01125103,60628.0,34.0,5.0,49.0
13-01136270,60628.0,9.0,5.0,49.0
13-01136256,60628.0,9.0,5.0,49.0
13-01136246,60628.0,9.0,5.0,49.0
13-01136235,60628.0,9.0,5.0,49.0
13-01136228,60628.0,9.0,5.0,49.0
13-01136544,60628.0,9.0,5.0,53.0
13-01136596,60628.0,9.0,5.0,53.0
13-01136623,60628.0,9.0,5.0,53.0
13-01136583,60628.0,9.0,5.0,53.0
13-01136574,60628.0,9.0,5.0,53.0
13-01110032,60628.0,9.0,5.0,53.0
13-01109798,60628.0,34.0,5.0,53.0
13-01104921,60628.0,34.0,5.0,49.0
13-01095151,60628.0,9.0,5.0,53.0
13-01095146,60628.0,9.0,5.0,53.0
13-01100996,60628.0,9.0,5.0,49.0
13-01092727,60628.0,34.0,5.0,53.0
13-01082043,60628.0,8.0,5.0,50.0
13-01071672,60628.0,9.0,5.0,49.0
13-01068614,60628.0,9.0,5.0,49.0
13-01055990,60628.0,9.0,22.0,73.0
13-01052680,60628.0,9.0,5.0,53.0
13-01052656,60628.0,9.0,5.0,53.0
13-01040890,60628.0,34.0,5.0,49.0
13-01045901,60628.0,9.0,5.0,53.0
13-01046873,60628.0,9.0,5.0,53.0
13-01046260,60628.0,9.0,5.0,53.0
13-01035300,60628.0,34.0,5.0,49.0
13-01013314,60628.0,34.0,5.0,49.0
13-01013309,60628.0,34.0,5.0,49.0
13-01011265,60628.0,34.0,5.0,49.0
13-01010213,60628.0,34.0,5.0,49.0
13-01000017,60628.0,34.0,5.0,49.0
13-00992343,60628.0,34.0,5.0,53.0
13-00989818,60628.0,34.0,22.0,49.0
13-00977815,60628.0,34.0,22.0,73.0
13-00962921,60628.0,9.0,5.0,50.0
13-00942223,60628.0,34.0,22.0,73.0
13-00934813,60628.0,34.0,5.0,49.0
13-00934809,60628.0,34.0,5.0,49.0
13-00929440,60628.0,9.0,5.0,53.0
13-00918832,60628.0,9.0,22.0,73.0
13-00918484,60628.0,34.0,5.0,49.0
13-00918589,60628.0,34.0,5.0,49.0
13-00921386,60628.0,9.0,5.0,53.0
13-00908377,60628.0,9.0,5.0,49.0
13-00903346,60628.0,9.0,5.0,49.0
13-00903332,60628.0,9.0,5.0,49.0
13-00893625,60628.0,34.0,5.0,49.0
13-00891276,60628.0,8.0,5.0,50.0
13-00891306,60628.0,8.0,5.0,50.0
13-00885366,60628.0,34.0,5.0,49.0
13-00865286,60628.0,9.0,5.0,49.0
13-00867947,60628.0,9.0,5.0,53.0
13-00853059,60628.0,9.0,5.0,53.0
13-00847362,60628.0,6.0,5.0,49.0
13-00847348,60628.0,6.0,5.0,49.0
13-00849910,60628.0,34.0,5.0,53.0
13-00842101,60628.0,34.0,5.0,49.0
13-00837625,60628.0,34.0,22.0,49.0
13-00828424,60628.0,9.0,5.0,49.0
13-00828411,60628.0,9.0,5.0,53.0
13-00820886,60628.0,9.0,5.0,49.0
13-00820866,60628.0,9.0,5.0,49.0
13-00823153,60628.0,9.0,5.0,53.0
13-00820982,60628.0,9.0,5.0,49.0
13-00820920,60628.0,9.0,5.0,49.0
13-00820937,60628.0,9.0,5.0,49.0
13-00821020,60628.0,9.0,5.0,49.0
13-00814648,60628.0,21.0,5.0,49.0
13-00809151,60628.0,9.0,5.0,49.0
13-00814629,60628.0,6.0,5.0,49.0
13-00783967,60628.0,34.0,5.0,49.0
13-00787550,60628.0,9.0,5.0,53.0
13-00779288,60628.0,34.0,22.0,49.0
13-00779281,60628.0,34.0,22.0,49.0
13-00779745,60628.0,34.0,5.0,53.0
13-00779994,60628.0,9.0,5.0,53.0
13-00770994,60628.0,34.0,5.0,49.0
13-00763773,60628.0,9.0,5.0,53.0
13-00764302,60628.0,34.0,5.0,49.0
13-00763729,60628.0,34.0,5.0,49.0
13-00758196,60628.0,9.0,5.0,49.0
13-00749654,60628.0,9.0,5.0,49.0
13-00752938,60628.0,9.0,5.0,49.0
13-00742453,60628.0,34.0,22.0,49.0
13-00730828,60628.0,9.0,5.0,49.0
13-00724555,60628.0,9.0,5.0,53.0
13-00723391,60628.0,9.0,5.0,53.0
13-00723424,60628.0,9.0,5.0,53.0
13-00707167,60628.0,34.0,5.0,53.0
13-00701591,60628.0,9.0,5.0,53.0
13-00701627,60628.0,9.0,5.0,53.0
13-00701545,60628.0,9.0,5.0,53.0
13-00701926,60628.0,9.0,5.0,53.0
13-00701860,60628.0,9.0,5.0,53.0
13-00701827,60628.0,9.0,5.0,53.0
13-00701934,60628.0,9.0,5.0,53.0
13-00701951,60628.0,9.0,5.0,53.0
13-00702024,60628.0,9.0,5.0,53.0
13-00702001,60628.0,9.0,5.0,53.0
13-00701980,60628.0,9.0,5.0,53.0
13-00702041,60628.0,9.0,5.0,53.0
13-00699140,60628.0,9.0,5.0,53.0
13-00699156,60628.0,9.0,5.0,53.0
13-00699151,60628.0,9.0,5.0,53.0
13-00699167,60628.0,34.0,22.0,49.0
13-00698414,60628.0,9.0,5.0,53.0
13-00698403,60628.0,9.0,5.0,53.0
13-00698439,60628.0,9.0,5.0,53.0
13-00698491,60628.0,9.0,5.0,53.0
13-00694421,60628.0,9.0,5.0,49.0
13-00688025,60628.0,9.0,5.0,49.0
13-00695393,60628.0,9.0,5.0,49.0
13-00684640,60628.0,9.0,5.0,53.0
13-00684748,60628.0,9.0,5.0,53.0
13-00661294,60628.0,21.0,22.0,73.0
13-00659975,60628.0,9.0,5.0,53.0
13-00650501,60628.0,34.0,5.0,53.0
13-00651904,60628.0,34.0,5.0,53.0
13-00658146,60628.0,9.0,5.0,53.0
13-00641857,60628.0,9.0,5.0,53.0
13-00641868,60628.0,9.0,5.0,53.0
13-00641878,60628.0,9.0,5.0,53.0
13-00647852,60628.0,9.0,5.0,53.0
13-00646932,60628.0,6.0,5.0,49.0
13-00643397,60628.0,34.0,5.0,53.0
13-00643379,60628.0,9.0,5.0,53.0
13-00646548,60628.0,9.0,5.0,49.0
13-00640480,60628.0,9.0,5.0,53.0
13-00638641,60628.0,9.0,5.0,53.0
13-00638686,60628.0,9.0,5.0,53.0
13-00638692,60628.0,9.0,5.0,53.0
13-00632491,60628.0,9.0,5.0,53.0
13-00643029,60628.0,9.0,5.0,53.0
13-00633019,60628.0,9.0,5.0,49.0
13-00629117,60628.0,34.0,22.0,49.0
13-00618989,60628.0,9.0,5.0,53.0
13-00618974,60628.0,9.0,5.0,53.0
13-00619052,60628.0,9.0,5.0,49.0
13-00619011,60628.0,9.0,5.0,49.0
13-00618961,60628.0,9.0,5.0,49.0
13-00619636,60628.0,34.0,5.0,49.0
13-00620110,60628.0,34.0,5.0,49.0
13-00619073,60628.0,9.0,5.0,49.0
13-00619103,60628.0,9.0,5.0,49.0
13-00619123,60628.0,9.0,5.0,49.0
13-00619210,60628.0,9.0,5.0,49.0
13-00618946,60628.0,9.0,5.0,49.0
13-00618913,60628.0,9.0,5.0,49.0
13-00619528,60628.0,9.0,5.0,49.0
13-00619622,60628.0,34.0,5.0,49.0
13-00619575,60628.0,34.0,5.0,49.0
13-00618890,60628.0,9.0,5.0,49.0
13-00618822,60628.0,9.0,5.0,49.0
13-00621260,60628.0,9.0,5.0,53.0
13-00620550,60628.0,9.0,5.0,49.0
13-00620542,60628.0,9.0,5.0,49.0
13-00613790,60628.0,34.0,5.0,53.0
13-00613997,60628.0,9.0,5.0,53.0
13-00607668,60628.0,9.0,5.0,53.0
13-00603322,60628.0,9.0,5.0,49.0
13-00602707,60628.0,34.0,5.0,53.0
13-00594684,60628.0,9.0,5.0,50.0
13-00597383,60628.0,34.0,22.0,49.0
13-00597343,60628.0,9.0,5.0,53.0
13-00591384,60628.0,9.0,5.0,53.0
13-00582411,60628.0,34.0,5.0,53.0
13-00582569,60628.0,9.0,5.0,53.0
13-00583299,60628.0,9.0,5.0,53.0
13-00583308,60628.0,34.0,5.0,53.0
13-00583305,60628.0,9.0,5.0,53.0
13-00583018,60628.0,9.0,5.0,49.0
13-00583009,60628.0,34.0,5.0,49.0
13-00586810,60628.0,9.0,5.0,49.0
13-00579128,60628.0,34.0,5.0,49.0
13-00581438,60628.0,9.0,5.0,49.0
13-00581406,60628.0,9.0,5.0,49.0
13-00570376,60628.0,9.0,5.0,49.0
13-00561616,60628.0,9.0,5.0,49.0
13-00564883,60628.0,34.0,5.0,53.0
13-00561426,60628.0,9.0,5.0,53.0
13-00561466,60628.0,34.0,5.0,49.0
13-00556255,60628.0,9.0,5.0,53.0
13-00555087,60628.0,9.0,5.0,49.0
13-00556181,60628.0,9.0,5.0,53.0
13-00548706,60628.0,9.0,5.0,53.0
13-00548849,60628.0,9.0,5.0,53.0
13-00548547,60628.0,9.0,5.0,49.0
13-00549221,60628.0,34.0,5.0,53.0
13-00549506,60628.0,34.0,5.0,53.0
13-00549478,60628.0,34.0,5.0,53.0
13-00549537,60628.0,34.0,5.0,53.0
13-00549649,60628.0,34.0,5.0,49.0
13-00549784,60628.0,9.0,5.0,53.0
13-00549818,60628.0,8.0,5.0,50.0
13-00548540,60628.0,34.0,5.0,49.0
13-00548525,60628.0,34.0,5.0,49.0
13-00548521,60628.0,34.0,5.0,49.0
13-00544569,60628.0,9.0,5.0,49.0
13-00535919,60628.0,34.0,5.0,49.0
13-00535913,60628.0,34.0,5.0,49.0
13-00539453,60628.0,9.0,5.0,53.0
13-00533930,60628.0,9.0,5.0,53.0
13-00532549,60628.0,34.0,5.0,49.0
13-00532017,60628.0,8.0,5.0,50.0
13-00527330,60628.0,34.0,5.0,53.0
13-00531196,60628.0,34.0,5.0,49.0
13-00531197,60628.0,34.0,5.0,49.0
13-00527259,60628.0,34.0,5.0,49.0
13-00531194,60628.0,34.0,5.0,49.0
13-00522495,60628.0,9.0,5.0,49.0
13-00525490,60628.0,9.0,5.0,49.0
13-00518083,60628.0,34.0,22.0,49.0
13-00508361,60628.0,9.0,5.0,49.0
13-00508344,60628.0,9.0,5.0,49.0
13-00508336,60628.0,9.0,5.0,49.0
13-00508385,60628.0,9.0,5.0,49.0
13-00508407,60628.0,9.0,5.0,49.0
13-00508418,60628.0,9.0,5.0,49.0
13-00474763,60628.0,9.0,5.0,49.0
13-00474763,60628.0,9.0,5.0,49.0
13-00428139,60628.0,8.0,5.0,50.0
13-00423789,60628.0,21.0,5.0,49.0
13-00406571,60628.0,34.0,5.0,49.0
13-00410670,60628.0,9.0,5.0,53.0
13-00402833,60628.0,34.0,5.0,49.0
13-00402836,60628.0,34.0,5.0,49.0
13-00385998,60628.0,9.0,5.0,53.0
13-00363532,60628.0,9.0,5.0,50.0
13-00363531,60628.0,9.0,5.0,50.0
13-00363536,60628.0,9.0,5.0,50.0
13-00357763,60628.0,34.0,5.0,49.0
13-00348628,60628.0,9.0,5.0,53.0
13-00348678,60628.0,9.0,5.0,53.0
13-00335192,60628.0,9.0,5.0,50.0
13-00335061,60628.0,9.0,5.0,50.0
13-00339515,60628.0,9.0,5.0,53.0
13-00339510,60628.0,9.0,5.0,49.0
13-00335065,60628.0,9.0,5.0,50.0
13-00335057,60628.0,9.0,5.0,50.0
13-00335051,60628.0,9.0,5.0,50.0
13-00335049,60628.0,9.0,5.0,50.0
13-00328898,60628.0,9.0,5.0,53.0
13-00326760,60628.0,34.0,5.0,49.0
13-00326756,60628.0,34.0,5.0,49.0
13-00314975,60628.0,34.0,5.0,49.0
13-00278997,60628.0,34.0,5.0,49.0
13-00254590,60628.0,34.0,5.0,53.0
13-00254585,60628.0,34.0,5.0,49.0
13-00254574,60628.0,34.0,5.0,49.0
13-00247412,60628.0,9.0,5.0,49.0
13-00228941,60628.0,9.0,5.0,53.0
13-00228937,60628.0,34.0,5.0,49.0
13-00228969,60628.0,34.0,5.0,49.0
13-00229975,60628.0,34.0,5.0,53.0
13-00224389,60628.0,9.0,5.0,53.0
13-00224385,60628.0,9.0,5.0,53.0
13-00226210,60628.0,9.0,5.0,53.0
13-00223026,60628.0,34.0,5.0,49.0
13-00223021,60628.0,34.0,5.0,49.0
13-00223031,60628.0,9.0,5.0,53.0
13-00223034,60628.0,9.0,5.0,53.0
13-00220244,60628.0,34.0,5.0,49.0
13-00216203,60628.0,34.0,5.0,49.0
13-00216208,60628.0,34.0,5.0,49.0
13-00209087,60628.0,9.0,5.0,53.0
13-00209088,60628.0,9.0,5.0,53.0
13-00187868,60628.0,9.0,5.0,53.0
13-00187827,60628.0,9.0,5.0,50.0
13-00181539,60628.0,34.0,5.0,49.0
13-00181560,60628.0,34.0,5.0,49.0
13-00181559,60628.0,34.0,5.0,49.0
13-00173168,60628.0,9.0,5.0,50.0
13-00171132,60628.0,34.0,5.0,53.0
13-00171128,60628.0,34.0,5.0,53.0
13-00171185,60628.0,34.0,5.0,53.0
13-00171134,60628.0,34.0,5.0,53.0
13-00171178,60628.0,34.0,5.0,53.0
13-00171173,60628.0,34.0,5.0,53.0
13-00171779,60628.0,9.0,5.0,53.0
13-00171766,60628.0,9.0,5.0,53.0
13-00172185,60628.0,34.0,22.0,49.0
13-00170789,60628.0,6.0,5.0,49.0
13-00168932,60628.0,34.0,22.0,49.0
13-00163856,60628.0,34.0,5.0,53.0
13-00164662,60628.0,9.0,5.0,53.0
13-00164672,60628.0,9.0,5.0,53.0
13-00164668,60628.0,9.0,5.0,53.0
13-00164667,60628.0,9.0,5.0,53.0
13-00164685,60628.0,9.0,5.0,53.0
13-00164694,60628.0,9.0,5.0,49.0
13-00160589,60628.0,9.0,5.0,53.0
13-00160901,60628.0,6.0,5.0,49.0
13-00154488,60628.0,21.0,5.0,49.0
13-00147458,60628.0,34.0,5.0,53.0
13-00145489,60628.0,6.0,5.0,49.0
13-00141219,60628.0,34.0,5.0,53.0
13-00141192,60628.0,34.0,5.0,53.0
13-00133910,60628.0,9.0,5.0,53.0
13-00131628,60628.0,9.0,5.0,53.0
13-00122162,60628.0,34.0,5.0,53.0
13-00122159,60628.0,34.0,5.0,53.0
13-00117586,60628.0,9.0,5.0,53.0
13-00117830,60628.0,34.0,5.0,49.0
13-00111286,60628.0,34.0,5.0,53.0
13-00102253,60628.0,9.0,5.0,53.0
13-00104216,60628.0,9.0,5.0,53.0
13-00100447,60628.0,34.0,5.0,53.0
13-00101542,60628.0,9.0,5.0,53.0
13-00091740,60628.0,34.0,5.0,49.0
13-00091750,60628.0,9.0,5.0,49.0
13-00084633,60628.0,34.0,5.0,49.0
13-00047093,60628.0,9.0,5.0,53.0
13-00047183,60628.0,34.0,5.0,49.0
13-00043072,60628.0,9.0,5.0,49.0
13-00045416,60628.0,34.0,5.0,53.0
13-00037870,60628.0,9.0,5.0,53.0
13-00037878,60628.0,34.0,5.0,53.0
13-00034158,60628.0,9.0,5.0,49.0
13-00028864,60628.0,9.0,22.0,73.0
13-00024438,60628.0,34.0,5.0,53.0
12-02060671,60628.0,9.0,5.0,49.0
12-02053129,60628.0,9.0,5.0,53.0
12-02053088,60628.0,9.0,5.0,53.0
12-02053131,60628.0,9.0,5.0,53.0
12-02044708,60628.0,9.0,5.0,53.0
12-02045329,60628.0,9.0,5.0,49.0
12-02041418,60628.0,21.0,5.0,49.0
12-02029660,60628.0,9.0,5.0,53.0
12-02023972,60628.0,34.0,5.0,53.0
12-02023214,60628.0,6.0,5.0,49.0
12-02023209,60628.0,6.0,5.0,49.0
12-02023204,60628.0,6.0,5.0,49.0
12-02023202,60628.0,6.0,5.0,49.0
12-02023235,60628.0,6.0,5.0,49.0
12-02023225,60628.0,6.0,5.0,49.0
12-02023217,60628.0,6.0,5.0,49.0
12-02023239,60628.0,6.0,5.0,49.0
12-02011490,60628.0,9.0,5.0,53.0
12-02009212,60628.0,9.0,5.0,53.0
12-02009477,60628.0,9.0,5.0,53.0
12-02009495,60628.0,9.0,5.0,53.0
12-02006436,60628.0,9.0,5.0,53.0
12-02005895,60628.0,21.0,5.0,49.0
12-02004820,60628.0,9.0,5.0,53.0
12-02004818,60628.0,9.0,5.0,53.0
12-02000991,60628.0,9.0,5.0,53.0
12-02001027,60628.0,9.0,5.0,53.0
12-02001010,60628.0,9.0,5.0,53.0
12-01996666,60628.0,34.0,22.0,49.0
12-01991402,60628.0,34.0,5.0,53.0
12-01984340,60628.0,9.0,5.0,53.0
12-01984343,60628.0,9.0,5.0,53.0
12-01982466,60628.0,9.0,5.0,53.0
12-01982481,60628.0,9.0,5.0,53.0
12-01978633,60628.0,6.0,5.0,49.0
12-01974032,60628.0,9.0,5.0,49.0
12-01975044,60628.0,9.0,5.0,53.0
12-01965764,60628.0,9.0,5.0,53.0
12-01962574,60628.0,9.0,5.0,53.0
12-01960036,60628.0,9.0,5.0,53.0
12-01960707,60628.0,9.0,5.0,53.0
12-01953512,60628.0,9.0,5.0,53.0
12-01953463,60628.0,9.0,5.0,53.0
12-01943618,60628.0,9.0,5.0,53.0
12-01943571,60628.0,9.0,5.0,53.0
12-01943613,60628.0,9.0,5.0,53.0
12-01943615,60628.0,9.0,5.0,53.0
12-01943567,60628.0,9.0,5.0,53.0
12-01943563,60628.0,9.0,5.0,53.0
12-01943562,60628.0,9.0,5.0,53.0
12-01943842,60628.0,9.0,5.0,53.0
12-01943608,60628.0,9.0,5.0,53.0
12-01943587,60628.0,9.0,5.0,53.0
12-01943589,60628.0,9.0,5.0,53.0
12-01943592,60628.0,9.0,5.0,53.0
12-01943584,60628.0,9.0,5.0,53.0
12-01943578,60628.0,9.0,5.0,53.0
12-01943575,60628.0,9.0,5.0,53.0
12-01939995,60628.0,9.0,5.0,53.0
12-01939992,60628.0,9.0,5.0,53.0
12-01939977,60628.0,9.0,5.0,53.0
12-01939974,60628.0,9.0,5.0,53.0
12-01939984,60628.0,9.0,5.0,53.0
12-01938691,60628.0,9.0,5.0,53.0
12-01939396,60628.0,9.0,5.0,53.0
12-01939394,60628.0,9.0,5.0,53.0
12-01939352,60628.0,9.0,5.0,53.0
12-01939359,60628.0,9.0,5.0,53.0
12-01939355,60628.0,9.0,5.0,53.0
12-01939391,60628.0,9.0,5.0,53.0
12-01939368,60628.0,9.0,5.0,53.0
12-01939365,60628.0,9.0,5.0,53.0
12-01939383,60628.0,9.0,5.0,53.0
12-01939376,60628.0,9.0,5.0,53.0
12-01939381,60628.0,9.0,5.0,53.0
12-01939379,60628.0,9.0,5.0,53.0
12-01935201,60628.0,9.0,5.0,53.0
12-01934427,60628.0,9.0,5.0,49.0
12-01934507,60628.0,9.0,5.0,53.0
12-01936682,60628.0,9.0,5.0,49.0
12-01932799,60628.0,9.0,5.0,53.0
12-01934528,60628.0,9.0,5.0,53.0
12-01936700,60628.0,9.0,5.0,53.0
12-01936691,60628.0,9.0,5.0,53.0
12-01936686,60628.0,9.0,5.0,53.0
12-01932802,60628.0,9.0,5.0,53.0
12-01928858,60628.0,9.0,5.0,53.0
12-01928886,60628.0,9.0,5.0,49.0
12-01914838,60628.0,9.0,5.0,53.0
12-01915254,60628.0,9.0,5.0,53.0
12-01915221,60628.0,9.0,5.0,53.0
12-01915190,60628.0,9.0,5.0,53.0
12-01915242,60628.0,9.0,5.0,53.0
12-01908640,60628.0,9.0,5.0,53.0
12-01908546,60628.0,9.0,5.0,53.0
12-01906661,60628.0,9.0,5.0,53.0
12-01897897,60628.0,9.0,5.0,49.0
12-01879375,60628.0,9.0,5.0,49.0
12-01876737,60628.0,21.0,5.0,49.0
12-01871862,60628.0,34.0,22.0,49.0
12-01845994,60628.0,9.0,5.0,49.0
12-01842126,60628.0,9.0,5.0,53.0
12-01842051,60628.0,6.0,5.0,49.0
12-01831756,60628.0,9.0,5.0,53.0
12-01831621,60628.0,34.0,5.0,49.0
12-01832982,60628.0,9.0,5.0,49.0
12-01822562,60628.0,9.0,5.0,53.0
12-01822563,60628.0,9.0,5.0,53.0
12-01828348,60628.0,9.0,5.0,53.0
12-01822019,60628.0,9.0,5.0,53.0
12-01820120,60628.0,9.0,5.0,49.0
12-01813463,60628.0,6.0,5.0,49.0
12-01813321,60628.0,9.0,5.0,49.0
12-01806419,60628.0,21.0,5.0,49.0
12-01805377,60628.0,9.0,5.0,53.0
12-01800895,60628.0,9.0,5.0,53.0
12-01798542,60628.0,9.0,5.0,53.0
12-01795802,60628.0,9.0,5.0,53.0
12-01786128,60628.0,9.0,5.0,53.0
12-01787046,60628.0,34.0,22.0,49.0
12-01749952,60628.0,9.0,5.0,53.0
12-01749934,60628.0,9.0,5.0,53.0
12-01742016,60628.0,9.0,5.0,53.0
12-01734661,60628.0,34.0,5.0,49.0
12-01728640,60628.0,34.0,5.0,53.0
12-01714025,60628.0,9.0,5.0,53.0
12-01695048,60628.0,34.0,22.0,49.0
12-01685808,60628.0,9.0,5.0,53.0
12-01685828,60628.0,9.0,5.0,53.0
12-01685816,60628.0,9.0,5.0,53.0
12-01678592,60628.0,9.0,5.0,53.0
12-01678615,60628.0,9.0,5.0,53.0
12-01678624,60628.0,9.0,5.0,53.0
12-01678697,60628.0,9.0,5.0,53.0
12-01679608,60628.0,9.0,22.0,73.0
12-01669612,60628.0,9.0,5.0,53.0
12-01661964,60628.0,21.0,5.0,49.0
12-01658480,60628.0,9.0,5.0,53.0
12-01656039,60628.0,9.0,5.0,53.0
12-01643293,60628.0,34.0,5.0,53.0
12-01643291,60628.0,34.0,5.0,53.0
12-01643269,60628.0,34.0,5.0,53.0
12-01643260,60628.0,34.0,5.0,53.0
12-01635957,60628.0,9.0,5.0,53.0
12-01626864,60628.0,9.0,22.0,73.0
12-01628737,60628.0,9.0,5.0,49.0
12-01616170,60628.0,9.0,5.0,49.0
12-01613948,60628.0,34.0,5.0,49.0
12-01610173,60628.0,9.0,22.0,73.0
12-01608894,60628.0,34.0,22.0,49.0
12-01608396,60628.0,34.0,22.0,49.0
12-01602209,60628.0,34.0,5.0,49.0
12-01594463,60628.0,9.0,5.0,53.0
12-01594458,60628.0,9.0,5.0,53.0
12-01594453,60628.0,9.0,5.0,53.0
12-01592362,60628.0,34.0,5.0,53.0
12-01589933,60628.0,9.0,5.0,53.0
12-01590067,60628.0,34.0,5.0,53.0
12-01585161,60628.0,9.0,22.0,73.0
12-01585159,60628.0,9.0,22.0,73.0
12-01577882,60628.0,9.0,5.0,53.0
12-01570425,60628.0,9.0,22.0,73.0
12-01560533,60628.0,9.0,5.0,53.0
12-01560511,60628.0,9.0,5.0,53.0
12-01548933,60628.0,9.0,5.0,53.0
12-01545315,60628.0,9.0,22.0,73.0
12-01545314,60628.0,9.0,22.0,73.0
12-01539493,60628.0,34.0,5.0,53.0
12-01525380,60628.0,34.0,5.0,53.0
12-01530539,60628.0,9.0,5.0,53.0
12-01515148,60628.0,9.0,22.0,73.0
12-01514172,60628.0,9.0,22.0,73.0
12-01507615,60628.0,9.0,5.0,53.0
12-01508917,60628.0,9.0,5.0,53.0
12-01508909,60628.0,9.0,5.0,53.0
12-01509700,60628.0,9.0,5.0,49.0
12-01509655,60628.0,9.0,5.0,50.0
12-01509652,60628.0,34.0,5.0,49.0
12-01502242,60628.0,34.0,22.0,49.0
12-01506038,60628.0,9.0,5.0,53.0
12-01506034,60628.0,9.0,5.0,53.0
12-01502082,60628.0,9.0,5.0,50.0
12-01502105,60628.0,9.0,5.0,50.0
12-01502202,60628.0,9.0,5.0,50.0
12-01502269,60628.0,9.0,5.0,49.0
12-01502291,60628.0,9.0,5.0,50.0
12-01505479,60628.0,34.0,5.0,53.0
12-01506017,60628.0,9.0,5.0,53.0
12-01502538,60628.0,9.0,5.0,50.0
12-01502527,60628.0,9.0,5.0,50.0
12-01501332,60628.0,9.0,5.0,53.0
12-01503091,60628.0,9.0,5.0,49.0
12-01503125,60628.0,9.0,5.0,53.0
12-01503094,60628.0,34.0,22.0,49.0
12-01503120,60628.0,34.0,5.0,53.0
12-01503116,60628.0,34.0,22.0,49.0
12-01501317,60628.0,9.0,5.0,53.0
12-01496974,60628.0,21.0,5.0,49.0
12-01490545,60628.0,9.0,5.0,50.0
12-01491081,60628.0,9.0,5.0,53.0
12-01491025,60628.0,9.0,5.0,53.0
12-01484250,60628.0,34.0,5.0,49.0
12-01479264,60628.0,9.0,5.0,50.0
12-01478665,60628.0,9.0,5.0,50.0
12-01482820,60628.0,9.0,5.0,50.0
12-01470459,60628.0,9.0,5.0,49.0
12-01470676,60628.0,10.0,5.0,51.0
12-01459959,60628.0,9.0,5.0,54.0
12-01447901,60628.0,34.0,5.0,49.0
12-01451234,60628.0,10.0,5.0,51.0
12-01447044,60628.0,34.0,5.0,49.0
12-01440170,60628.0,9.0,5.0,53.0
12-01439200,60628.0,9.0,5.0,49.0
12-01434238,60628.0,9.0,5.0,53.0
12-01435980,60628.0,9.0,5.0,53.0
12-01436802,60628.0,9.0,5.0,53.0
12-01435974,60628.0,9.0,5.0,53.0
12-01411499,60628.0,34.0,5.0,53.0
12-01404172,60628.0,34.0,5.0,49.0
12-01387565,60628.0,9.0,5.0,53.0
12-01376491,60628.0,34.0,22.0,49.0
12-01376477,60628.0,34.0,22.0,49.0
12-01374439,60628.0,9.0,5.0,49.0
12-01374444,60628.0,9.0,5.0,49.0
12-01366778,60628.0,34.0,5.0,53.0
12-01362613,60628.0,9.0,5.0,53.0
12-01361067,60628.0,9.0,5.0,49.0
12-01361051,60628.0,9.0,5.0,49.0
12-01363765,60628.0,9.0,5.0,49.0
12-01339390,60628.0,34.0,5.0,53.0
12-01302193,60628.0,9.0,5.0,53.0
12-01302183,60628.0,6.0,5.0,49.0
12-01292713,60628.0,34.0,22.0,49.0
12-01282660,60628.0,9.0,5.0,49.0
12-01282658,60628.0,9.0,5.0,49.0
12-01282678,60628.0,9.0,5.0,49.0
12-01282705,60628.0,34.0,5.0,53.0
12-01285094,60628.0,34.0,5.0,49.0
12-01285282,60628.0,9.0,5.0,49.0
12-01285139,60628.0,9.0,5.0,49.0
12-01285120,60628.0,9.0,5.0,49.0
12-01285265,60628.0,9.0,5.0,49.0
12-01285205,60628.0,9.0,5.0,49.0
12-01285197,60628.0,9.0,5.0,49.0
12-01285408,60628.0,9.0,5.0,49.0
12-01285344,60628.0,9.0,5.0,49.0
12-01285329,60628.0,9.0,5.0,49.0
12-01264938,60628.0,9.0,5.0,53.0
12-01259143,60628.0,34.0,5.0,53.0
12-01245363,60628.0,34.0,22.0,49.0
12-01248375,60628.0,9.0,5.0,49.0
12-01197962,60628.0,34.0,5.0,53.0
12-01160463,60628.0,34.0,22.0,49.0
12-01152490,60628.0,9.0,5.0,49.0
12-01097778,60628.0,34.0,5.0,49.0
12-01097743,60628.0,34.0,5.0,49.0
12-01097956,60628.0,9.0,5.0,49.0
12-01097979,60628.0,34.0,5.0,49.0
12-01097110,60628.0,34.0,5.0,49.0
12-01096914,60628.0,9.0,5.0,49.0
12-01097071,60628.0,34.0,5.0,49.0
12-01096995,60628.0,34.0,5.0,49.0
12-01097059,60628.0,34.0,5.0,49.0
12-01097277,60628.0,34.0,5.0,49.0
12-01098534,60628.0,9.0,5.0,49.0
12-01077640,60628.0,9.0,5.0,53.0
12-01083030,60628.0,34.0,5.0,53.0
12-01074288,60628.0,34.0,22.0,49.0
12-01076542,60628.0,9.0,5.0,53.0
12-01059749,60628.0,34.0,5.0,49.0
12-01046032,60628.0,9.0,5.0,49.0
12-01049447,60628.0,9.0,5.0,53.0
12-01021122,60628.0,34.0,22.0,49.0
12-01016458,60628.0,34.0,22.0,49.0
12-01013744,60628.0,9.0,5.0,49.0
12-00990418,60628.0,34.0,5.0,53.0
12-00978808,60628.0,9.0,5.0,50.0
12-00978890,60628.0,9.0,5.0,50.0
12-00971477,60628.0,34.0,5.0,49.0
12-00971489,60628.0,34.0,5.0,49.0
12-00971531,60628.0,34.0,5.0,53.0
12-00971553,60628.0,34.0,5.0,53.0
12-00971521,60628.0,34.0,22.0,49.0
12-00971543,60628.0,34.0,5.0,53.0
12-00971576,60628.0,34.0,5.0,49.0
12-00972896,60628.0,9.0,5.0,50.0
12-00953464,60628.0,9.0,5.0,49.0
12-00941021,60628.0,9.0,5.0,49.0
12-00935587,60628.0,9.0,5.0,50.0
12-00932808,60628.0,9.0,5.0,49.0
12-00926259,60628.0,9.0,5.0,49.0
12-00926254,60628.0,9.0,5.0,49.0
12-00926318,60628.0,9.0,5.0,49.0
12-00926322,60628.0,9.0,5.0,53.0
12-00927410,60628.0,34.0,5.0,53.0
12-00927114,60628.0,34.0,5.0,53.0
12-00926862,60628.0,34.0,5.0,53.0
12-00927082,60628.0,9.0,5.0,53.0
12-00927073,60628.0,34.0,5.0,53.0
12-00927054,60628.0,34.0,5.0,53.0
12-00927422,60628.0,34.0,5.0,53.0
12-00927439,60628.0,9.0,5.0,53.0
12-00927427,60628.0,9.0,5.0,53.0
12-00927585,60628.0,34.0,5.0,53.0
12-00927882,60628.0,34.0,5.0,53.0
12-00927962,60628.0,9.0,5.0,49.0
12-00927953,60628.0,9.0,5.0,49.0
12-00928083,60628.0,10.0,5.0,51.0
12-00928138,60628.0,9.0,5.0,49.0
12-00928025,60628.0,9.0,5.0,49.0
12-00927970,60628.0,9.0,5.0,53.0
12-00928127,60628.0,9.0,5.0,49.0
12-00928101,60628.0,9.0,5.0,53.0
12-00928115,60628.0,9.0,5.0,53.0
12-00928108,60628.0,9.0,5.0,53.0
12-00928394,60628.0,9.0,5.0,49.0
12-00928335,60628.0,9.0,5.0,53.0
12-00928389,60628.0,9.0,5.0,49.0
12-00928383,60628.0,9.0,5.0,49.0
12-00928380,60628.0,9.0,5.0,53.0
12-00928353,60628.0,9.0,5.0,53.0
12-00920642,60628.0,34.0,5.0,53.0
12-00913828,60628.0,9.0,5.0,50.0
12-00915864,60628.0,9.0,5.0,50.0
12-00916970,60628.0,9.0,5.0,50.0
12-00915859,60628.0,9.0,5.0,50.0
12-00915842,60628.0,9.0,5.0,50.0
12-00909875,60628.0,9.0,5.0,50.0
12-00909879,60628.0,9.0,5.0,50.0
12-00909892,60628.0,9.0,5.0,50.0
12-00909883,60628.0,9.0,5.0,50.0
12-00908354,60628.0,9.0,5.0,49.0
12-00908443,60628.0,34.0,5.0,49.0
12-00903657,60628.0,9.0,5.0,49.0
12-00903282,60628.0,9.0,5.0,49.0
12-00904111,60628.0,9.0,5.0,50.0
12-00898158,60628.0,21.0,5.0,49.0
12-00901025,60628.0,34.0,5.0,53.0
12-00891990,60628.0,34.0,5.0,53.0
12-00894046,60628.0,34.0,5.0,53.0
12-00887112,60628.0,9.0,5.0,53.0
12-00886856,60628.0,34.0,22.0,49.0
12-00887086,60628.0,9.0,5.0,53.0
12-00887119,60628.0,9.0,5.0,53.0
12-00876501,60628.0,9.0,5.0,49.0
12-00873484,60628.0,9.0,5.0,49.0
12-00863086,60628.0,9.0,5.0,49.0
12-00863194,60628.0,9.0,5.0,49.0
12-00863108,60628.0,9.0,5.0,49.0
12-00863096,60628.0,9.0,5.0,49.0
12-00863212,60628.0,9.0,5.0,49.0
12-00863247,60628.0,9.0,5.0,49.0
12-00863338,60628.0,9.0,5.0,49.0
12-00859315,60628.0,9.0,5.0,49.0
12-00857361,60628.0,9.0,5.0,49.0
12-00857340,60628.0,9.0,5.0,49.0
12-00859335,60628.0,9.0,5.0,49.0
12-00859325,60628.0,9.0,5.0,49.0
12-00854620,60628.0,34.0,5.0,49.0
12-00851187,60628.0,34.0,5.0,53.0
12-00847352,60628.0,34.0,5.0,53.0
12-00844894,60628.0,34.0,5.0,53.0
12-00838592,60628.0,9.0,5.0,49.0
12-00833352,60628.0,34.0,5.0,53.0
12-00831976,60628.0,34.0,5.0,53.0
12-00822136,60628.0,9.0,5.0,49.0
12-00826173,60628.0,9.0,5.0,49.0
12-00822148,60628.0,9.0,5.0,49.0
12-00814563,60628.0,9.0,5.0,49.0
12-00798172,60628.0,9.0,5.0,53.0
12-00789637,60628.0,34.0,22.0,49.0
12-00782222,60628.0,9.0,5.0,53.0
12-00783422,60628.0,9.0,5.0,53.0
12-00771186,60628.0,9.0,5.0,49.0
12-00762275,60628.0,9.0,5.0,53.0
12-00761440,60628.0,9.0,5.0,53.0
12-00757366,60628.0,34.0,5.0,53.0
12-00757393,60628.0,34.0,5.0,53.0
12-00757400,60628.0,34.0,5.0,53.0
12-00754126,60628.0,9.0,5.0,53.0
12-00745146,60628.0,9.0,5.0,53.0
12-00744251,60628.0,9.0,5.0,53.0
12-00727482,60628.0,34.0,22.0,49.0
12-00727765,60628.0,9.0,5.0,49.0
12-00727652,60628.0,9.0,5.0,53.0
12-00714773,60628.0,34.0,5.0,53.0
12-00718210,60628.0,34.0,5.0,53.0
12-00712283,60628.0,9.0,5.0,53.0
12-00699677,60628.0,9.0,5.0,53.0
12-00691995,60628.0,9.0,5.0,53.0
12-00676710,60628.0,34.0,5.0,53.0
12-00670833,60628.0,9.0,5.0,50.0
12-00670832,60628.0,9.0,5.0,49.0
12-00670252,60628.0,9.0,5.0,53.0
12-00670333,60628.0,9.0,5.0,49.0
12-00670325,60628.0,9.0,5.0,53.0
12-00645908,60628.0,34.0,5.0,53.0
12-00645743,60628.0,6.0,5.0,49.0
12-00628651,60628.0,9.0,5.0,50.0
12-00608236,60628.0,34.0,22.0,49.0
12-00597063,60628.0,34.0,5.0,53.0
12-00601804,60628.0,34.0,22.0,49.0
12-00594668,60628.0,9.0,5.0,49.0
12-00593289,60628.0,9.0,5.0,53.0
12-00588475,60628.0,8.0,5.0,50.0
12-00575274,60628.0,9.0,5.0,53.0
12-00565504,60628.0,34.0,22.0,49.0
12-00553914,60628.0,8.0,5.0,50.0
12-00546489,60628.0,9.0,5.0,53.0
12-00546557,60628.0,9.0,5.0,53.0
12-00546515,60628.0,9.0,5.0,53.0
12-00546503,60628.0,9.0,5.0,53.0
12-00546538,60628.0,9.0,5.0,53.0
12-00546595,60628.0,9.0,5.0,53.0
12-00546568,60628.0,9.0,5.0,53.0
12-00546587,60628.0,9.0,5.0,53.0
12-00546852,60628.0,9.0,5.0,53.0
12-00546836,60628.0,9.0,5.0,53.0
12-00546845,60628.0,9.0,5.0,53.0
12-00547613,60628.0,9.0,5.0,53.0
12-00547816,60628.0,9.0,5.0,53.0
12-00548886,60628.0,9.0,5.0,53.0
12-00547543,60628.0,9.0,5.0,50.0
12-00540418,60628.0,34.0,5.0,53.0
12-00540411,60628.0,34.0,5.0,53.0
12-00540394,60628.0,34.0,5.0,49.0
12-00540388,60628.0,34.0,5.0,49.0
12-00540581,60628.0,34.0,5.0,53.0
12-00540571,60628.0,34.0,5.0,53.0
12-00540588,60628.0,34.0,5.0,53.0
12-00540591,60628.0,9.0,5.0,49.0
12-00461508,60628.0,34.0,5.0,53.0
12-00461426,60628.0,34.0,5.0,53.0
12-00459083,60628.0,9.0,5.0,53.0
12-00355443,60628.0,9.0,5.0,49.0
12-00184460,60628.0,9.0,5.0,53.0
12-00184947,60628.0,9.0,5.0,49.0
12-00184736,60628.0,34.0,5.0,53.0
12-00178227,60628.0,9.0,5.0,53.0
12-00178151,60628.0,34.0,5.0,53.0
12-00178177,60628.0,9.0,5.0,53.0
12-00178219,60628.0,9.0,5.0,53.0
12-00178144,60628.0,34.0,5.0,53.0
12-00178145,60628.0,34.0,5.0,53.0
12-00178158,60628.0,34.0,5.0,53.0
12-00178161,60628.0,34.0,5.0,53.0
12-00178169,60628.0,34.0,5.0,53.0
12-00178188,60628.0,9.0,5.0,53.0
12-00178329,60628.0,9.0,5.0,53.0
12-00179095,60628.0,9.0,5.0,53.0
12-00183303,60628.0,9.0,5.0,53.0
12-00172797,60628.0,34.0,5.0,53.0
12-00173822,60628.0,9.0,5.0,50.0
12-00173878,60628.0,34.0,5.0,49.0
12-00173023,60628.0,34.0,5.0,49.0
12-00173044,60628.0,34.0,5.0,49.0
12-00173648,60628.0,34.0,5.0,49.0
12-00174672,60628.0,9.0,5.0,53.0
12-00174684,60628.0,9.0,5.0,53.0
12-00176374,60628.0,9.0,5.0,53.0
12-00153915,60628.0,9.0,5.0,53.0
12-00156285,60628.0,9.0,5.0,53.0
12-00141051,60628.0,34.0,5.0,53.0
12-00134377,60628.0,34.0,5.0,49.0
12-00134466,60628.0,34.0,5.0,49.0
12-00136920,60628.0,34.0,5.0,49.0
12-00125132,60628.0,9.0,5.0,53.0
12-00125139,60628.0,9.0,5.0,53.0
12-00125153,60628.0,9.0,5.0,53.0
12-00122117,60628.0,9.0,5.0,53.0
12-00119865,60628.0,9.0,5.0,49.0
12-00107387,60628.0,9.0,5.0,53.0
12-00107392,60628.0,9.0,5.0,53.0
12-00107396,60628.0,9.0,5.0,53.0
12-00107399,60628.0,9.0,5.0,53.0
12-00107391,60628.0,9.0,5.0,53.0
12-00103262,60628.0,9.0,5.0,53.0
12-00103298,60628.0,9.0,5.0,53.0
12-00102784,60628.0,9.0,5.0,50.0
12-00103235,60628.0,9.0,5.0,53.0
12-00102693,60628.0,9.0,5.0,49.0
12-00102951,60628.0,9.0,5.0,53.0
12-00102965,60628.0,9.0,5.0,53.0
12-00103048,60628.0,9.0,5.0,53.0
12-00103057,60628.0,9.0,5.0,53.0
12-00103141,60628.0,9.0,5.0,53.0
12-00103285,60628.0,9.0,5.0,53.0
12-00103315,60628.0,9.0,5.0,53.0
12-00095647,60628.0,9.0,5.0,53.0
12-00095689,60628.0,9.0,5.0,53.0
12-00095677,60628.0,9.0,5.0,53.0
12-00085727,60628.0,9.0,5.0,53.0
12-00081134,60628.0,9.0,5.0,53.0
12-00078818,60628.0,34.0,5.0,53.0
12-00069120,60628.0,34.0,5.0,53.0
12-00067891,60628.0,9.0,5.0,53.0
12-00067892,60628.0,9.0,5.0,53.0
12-00045904,60628.0,9.0,5.0,53.0
12-00033665,60628.0,34.0,5.0,49.0
12-00025297,60628.0,34.0,5.0,53.0
11-04307872,60628.0,34.0,5.0,49.0
11-04307864,60628.0,34.0,5.0,49.0
11-04301050,60628.0,9.0,5.0,53.0
11-04303343,60628.0,9.0,5.0,53.0
11-04297980,60628.0,9.0,5.0,53.0
11-04284921,60628.0,34.0,5.0,49.0
11-04284482,60628.0,9.0,5.0,49.0
11-04282592,60628.0,9.0,5.0,49.0
11-04279936,60628.0,34.0,5.0,49.0
11-04272755,60628.0,34.0,5.0,53.0
11-04271874,60628.0,9.0,5.0,50.0
11-04253018,60628.0,9.0,5.0,50.0
11-04253032,60628.0,9.0,5.0,50.0
11-04253039,60628.0,9.0,5.0,50.0
11-04249164,60628.0,34.0,5.0,49.0
11-04240136,60628.0,9.0,5.0,53.0
11-04240055,60628.0,9.0,5.0,50.0
11-04240006,60628.0,9.0,5.0,49.0
11-04239971,60628.0,8.0,5.0,50.0
11-04243084,60628.0,9.0,5.0,53.0
11-04234459,60628.0,34.0,5.0,49.0
11-04232867,60628.0,34.0,5.0,49.0
11-04219382,60628.0,8.0,5.0,50.0
11-04213309,60628.0,9.0,5.0,49.0
11-04217911,60628.0,9.0,5.0,50.0
11-04217910,60628.0,9.0,5.0,50.0
11-04219375,60628.0,8.0,5.0,50.0
11-04217913,60628.0,9.0,5.0,50.0
11-04207443,60628.0,34.0,5.0,49.0
11-04187311,60628.0,34.0,5.0,49.0
11-04187276,60628.0,9.0,5.0,49.0
11-04187251,60628.0,34.0,5.0,49.0
11-04182584,60628.0,9.0,5.0,49.0
11-04180778,60628.0,34.0,5.0,53.0
11-04171994,60628.0,34.0,22.0,49.0
11-04157422,60628.0,9.0,5.0,53.0
11-04156580,60628.0,34.0,5.0,49.0
11-04150582,60628.0,21.0,22.0,73.0
11-04154073,60628.0,34.0,22.0,49.0
11-04147758,60628.0,9.0,5.0,53.0
11-04148393,60628.0,9.0,5.0,53.0
11-04148394,60628.0,9.0,5.0,53.0
11-04142500,60628.0,34.0,5.0,49.0
11-04144293,60628.0,34.0,5.0,53.0
11-04139986,60628.0,9.0,5.0,53.0
11-04128290,60628.0,8.0,5.0,50.0
11-04090398,60628.0,34.0,5.0,53.0
11-04085404,60628.0,34.0,5.0,49.0
11-04083932,60628.0,9.0,5.0,49.0
11-04075479,60628.0,34.0,22.0,49.0
11-04075521,60628.0,34.0,22.0,49.0
11-04073205,60628.0,9.0,5.0,53.0
11-04074230,60628.0,34.0,5.0,53.0
11-04065488,60628.0,9.0,5.0,53.0
11-04061298,60628.0,34.0,22.0,49.0
11-04061296,60628.0,34.0,22.0,49.0
11-04061106,60628.0,34.0,5.0,53.0
11-04040509,60628.0,34.0,5.0,49.0
11-04041876,60628.0,34.0,22.0,49.0
11-04044007,60628.0,34.0,5.0,49.0
11-04041172,60628.0,34.0,5.0,49.0
11-04044200,60628.0,9.0,5.0,49.0
11-04033736,60628.0,34.0,5.0,53.0
11-04033686,60628.0,34.0,5.0,53.0
11-04026384,60628.0,6.0,5.0,49.0
11-04015358,60628.0,9.0,5.0,53.0
11-04020044,60628.0,34.0,22.0,49.0
11-04020032,60628.0,34.0,22.0,49.0
11-04002335,60628.0,34.0,22.0,49.0
11-04002122,60628.0,9.0,5.0,53.0
11-03999852,60628.0,34.0,5.0,53.0
11-03998396,60628.0,9.0,5.0,49.0
11-03985477,60628.0,21.0,22.0,73.0
11-03985033,60628.0,9.0,5.0,49.0
11-03981285,60628.0,34.0,5.0,49.0
11-03976792,60628.0,34.0,5.0,53.0
11-03970234,60628.0,9.0,5.0,53.0
11-03959154,60628.0,6.0,5.0,49.0
11-03957808,60628.0,9.0,5.0,49.0
11-03958456,60628.0,34.0,5.0,53.0
11-03945466,60628.0,9.0,5.0,49.0
11-03945490,60628.0,34.0,22.0,49.0
11-03948276,60628.0,9.0,5.0,53.0
11-03938393,60628.0,9.0,5.0,53.0
11-03938146,60628.0,9.0,5.0,53.0
11-03928356,60628.0,9.0,5.0,53.0
11-03929646,60628.0,9.0,5.0,49.0
11-03923022,60628.0,9.0,5.0,53.0
11-03910974,60628.0,8.0,5.0,50.0
11-03902280,60628.0,9.0,5.0,49.0
11-03896978,60628.0,8.0,5.0,50.0
11-03885247,60628.0,6.0,5.0,49.0
11-03881397,60628.0,9.0,5.0,53.0
11-03881381,60628.0,9.0,5.0,53.0
11-03877408,60628.0,9.0,5.0,49.0
11-03867897,60628.0,9.0,5.0,49.0
11-03871265,60628.0,9.0,5.0,49.0
11-03869525,60628.0,9.0,5.0,49.0
11-03874259,60628.0,9.0,5.0,53.0
11-03874798,60628.0,34.0,5.0,49.0
11-03866581,60628.0,9.0,5.0,49.0
11-03866412,60628.0,9.0,5.0,49.0
11-03863109,60628.0,9.0,5.0,49.0
11-03863139,60628.0,9.0,5.0,49.0
11-03865321,60628.0,9.0,5.0,53.0
11-03863077,60628.0,9.0,5.0,49.0
11-03856467,60628.0,9.0,5.0,49.0
11-03856424,60628.0,9.0,5.0,49.0
11-03854856,60628.0,9.0,5.0,49.0
11-03856422,60628.0,9.0,5.0,49.0
11-03854926,60628.0,9.0,5.0,49.0
11-03857916,60628.0,9.0,5.0,49.0
11-03846237,60628.0,9.0,5.0,53.0
11-03846233,60628.0,34.0,5.0,53.0
11-03846244,60628.0,9.0,5.0,53.0
11-03847233,60628.0,9.0,5.0,49.0
11-03848009,60628.0,34.0,5.0,49.0
11-03843669,60628.0,34.0,5.0,49.0
11-03843826,60628.0,9.0,5.0,49.0
11-03841190,60628.0,9.0,5.0,53.0
11-03828593,60628.0,9.0,5.0,50.0
11-03832623,60628.0,9.0,5.0,53.0
11-03833830,60628.0,9.0,5.0,49.0
11-03830182,60628.0,9.0,5.0,49.0
11-03830170,60628.0,9.0,5.0,49.0
11-03830163,60628.0,9.0,5.0,49.0
11-03830157,60628.0,9.0,5.0,49.0
11-03822137,60628.0,9.0,5.0,49.0
11-03822813,60628.0,9.0,5.0,50.0
11-03818878,60628.0,9.0,5.0,49.0
11-03818926,60628.0,9.0,5.0,53.0
11-03804946,60628.0,9.0,5.0,53.0
11-03811223,60628.0,34.0,22.0,49.0
11-03811211,60628.0,34.0,22.0,49.0
11-03810252,60628.0,9.0,5.0,49.0
11-03803752,60628.0,34.0,5.0,53.0
11-03801393,60628.0,9.0,5.0,53.0
11-03800944,60628.0,34.0,5.0,53.0
11-03800081,60628.0,9.0,5.0,49.0
11-03800531,60628.0,9.0,5.0,49.0
11-03794763,60628.0,9.0,5.0,49.0
11-03788806,60628.0,9.0,5.0,53.0
11-03785133,60628.0,9.0,5.0,49.0
11-03780947,60628.0,9.0,5.0,53.0
11-03774081,60628.0,9.0,5.0,53.0
11-03775606,60628.0,9.0,5.0,53.0
11-03772319,60628.0,9.0,5.0,53.0
11-03774119,60628.0,34.0,5.0,53.0
11-03774093,60628.0,34.0,5.0,49.0
11-03774095,60628.0,34.0,5.0,49.0
11-03774113,60628.0,34.0,5.0,53.0
11-03774104,60628.0,34.0,5.0,49.0
11-03774133,60628.0,34.0,5.0,53.0
11-03777356,60628.0,9.0,5.0,50.0
11-03764507,60628.0,8.0,5.0,50.0
11-03761711,60628.0,34.0,5.0,53.0
11-03761702,60628.0,34.0,5.0,53.0
11-03759705,60628.0,9.0,5.0,53.0
11-03754369,60628.0,34.0,5.0,49.0
11-03747544,60628.0,34.0,5.0,49.0
11-03747676,60628.0,34.0,5.0,49.0
11-03747690,60628.0,34.0,5.0,49.0
11-03747842,60628.0,34.0,5.0,49.0
11-03747856,60628.0,9.0,5.0,49.0
11-03747870,60628.0,9.0,5.0,49.0
11-03747864,60628.0,9.0,5.0,49.0
11-03753255,60628.0,9.0,5.0,49.0
11-03746823,60628.0,9.0,5.0,49.0
11-03746813,60628.0,9.0,5.0,49.0
11-03745966,60628.0,9.0,5.0,53.0
11-03740976,60628.0,9.0,5.0,53.0
11-03745445,60628.0,9.0,5.0,53.0
11-03724183,60628.0,9.0,5.0,49.0
11-03722909,60628.0,34.0,22.0,49.0
11-03730868,60628.0,9.0,5.0,49.0
11-03730785,60628.0,9.0,5.0,49.0
11-03733722,60628.0,9.0,5.0,53.0
11-03728729,60628.0,9.0,5.0,49.0
11-03733464,60628.0,9.0,5.0,53.0
11-03730921,60628.0,9.0,5.0,49.0
11-03714761,60628.0,9.0,5.0,49.0
11-03715089,60628.0,9.0,5.0,49.0
11-03717526,60628.0,34.0,5.0,49.0
11-03717527,60628.0,34.0,5.0,49.0
11-03706258,60628.0,34.0,5.0,49.0
11-03706226,60628.0,8.0,5.0,50.0
11-03710160,60628.0,9.0,5.0,49.0
11-03710929,60628.0,9.0,5.0,49.0
11-03710586,60628.0,9.0,5.0,49.0
11-03693448,60628.0,9.0,5.0,49.0
11-03690301,60628.0,9.0,5.0,53.0
11-03690291,60628.0,9.0,5.0,53.0
11-03690279,60628.0,9.0,5.0,53.0
11-03690261,60628.0,9.0,5.0,53.0
11-03689482,60628.0,34.0,5.0,49.0
11-03689367,60628.0,34.0,5.0,49.0
11-03694164,60628.0,9.0,5.0,53.0
11-03690459,60628.0,8.0,5.0,50.0
11-03684423,60628.0,34.0,5.0,53.0
11-03670669,60628.0,8.0,5.0,50.0
11-03673721,60628.0,9.0,5.0,50.0
11-03675059,60628.0,9.0,5.0,53.0
11-03665690,60628.0,9.0,5.0,49.0
11-03660620,60628.0,34.0,5.0,49.0
11-03646979,60628.0,34.0,5.0,53.0
11-03646903,60628.0,34.0,5.0,53.0
11-03650641,60628.0,9.0,5.0,53.0
11-03646992,60628.0,34.0,5.0,53.0
11-03647042,60628.0,34.0,5.0,53.0
11-03647012,60628.0,34.0,5.0,53.0
11-03647027,60628.0,34.0,5.0,53.0
11-03647065,60628.0,34.0,5.0,53.0
11-03641920,60628.0,34.0,5.0,53.0
11-03638260,60628.0,9.0,5.0,49.0
11-03634282,60628.0,34.0,5.0,53.0
11-03630511,60628.0,9.0,5.0,53.0
11-03619080,60628.0,34.0,5.0,53.0
11-03621624,60628.0,34.0,5.0,49.0
11-03616834,60628.0,9.0,5.0,53.0
11-03616772,60628.0,21.0,22.0,73.0
11-03602251,60628.0,34.0,5.0,49.0
11-03605239,60628.0,9.0,5.0,49.0
11-03606616,60628.0,9.0,5.0,50.0
11-03599479,60628.0,34.0,5.0,53.0
11-03588406,60628.0,34.0,5.0,53.0
11-03588706,60628.0,34.0,5.0,53.0
11-03585661,60628.0,34.0,5.0,53.0
11-03573886,60628.0,34.0,5.0,49.0
11-03579596,60628.0,9.0,5.0,53.0
11-03578710,60628.0,34.0,5.0,49.0
11-03578671,60628.0,34.0,5.0,49.0
11-03579598,60628.0,9.0,5.0,53.0
11-03580131,60628.0,34.0,5.0,53.0
11-03576921,60628.0,34.0,5.0,53.0
11-03574604,60628.0,34.0,5.0,53.0
11-03574583,60628.0,34.0,5.0,53.0
11-03574698,60628.0,34.0,5.0,53.0
11-03574623,60628.0,34.0,5.0,53.0
11-03574843,60628.0,34.0,22.0,49.0
11-03568736,60628.0,34.0,5.0,53.0
11-03568135,60628.0,34.0,5.0,53.0
11-03561922,60628.0,34.0,22.0,49.0
11-03554282,60628.0,34.0,5.0,53.0
11-03537373,60628.0,34.0,5.0,49.0
11-03538937,60628.0,34.0,22.0,49.0
11-03539349,60628.0,9.0,5.0,49.0
11-03527355,60628.0,34.0,5.0,53.0
11-03534823,60628.0,21.0,22.0,73.0
11-03530791,60628.0,34.0,5.0,49.0
11-03530396,60628.0,34.0,5.0,53.0
11-03503448,60628.0,34.0,5.0,49.0
11-03508498,60628.0,34.0,22.0,49.0
11-03503443,60628.0,34.0,5.0,49.0
11-03508707,60628.0,34.0,5.0,53.0
11-03501244,60628.0,34.0,5.0,49.0
11-03501161,60628.0,9.0,5.0,49.0
11-03501216,60628.0,34.0,5.0,49.0
11-03501189,60628.0,34.0,5.0,49.0
11-03501889,60628.0,34.0,5.0,53.0
11-03491672,60628.0,34.0,5.0,49.0
11-03480328,60628.0,9.0,5.0,49.0
11-03480358,60628.0,9.0,5.0,49.0
11-03480255,60628.0,9.0,5.0,49.0
11-03480018,60628.0,9.0,5.0,49.0
11-03479943,60628.0,9.0,5.0,49.0
11-03469887,60628.0,34.0,5.0,53.0
11-03471136,60628.0,9.0,5.0,49.0
11-03471126,60628.0,9.0,5.0,49.0
11-03471087,60628.0,9.0,5.0,49.0
11-03471123,60628.0,9.0,5.0,49.0
11-03471095,60628.0,9.0,5.0,49.0
11-03471111,60628.0,9.0,5.0,49.0
11-03471105,60628.0,9.0,5.0,49.0
11-03474518,60628.0,34.0,22.0,49.0
11-03469861,60628.0,34.0,5.0,53.0
11-03452237,60628.0,34.0,5.0,53.0
11-03458376,60628.0,9.0,5.0,49.0
11-03443506,60628.0,9.0,5.0,50.0
11-03439308,60628.0,34.0,5.0,53.0
11-03412678,60628.0,34.0,22.0,49.0
11-03417104,60628.0,9.0,5.0,49.0
11-03405619,60628.0,8.0,5.0,50.0
11-03394855,60628.0,34.0,5.0,49.0
11-03394297,60628.0,9.0,5.0,49.0
11-03394488,60628.0,9.0,5.0,53.0
11-03394882,60628.0,9.0,5.0,49.0
11-03382996,60628.0,9.0,5.0,50.0
11-03371918,60628.0,21.0,5.0,49.0
11-03354529,60628.0,9.0,5.0,53.0
11-03340233,60628.0,34.0,5.0,53.0
11-03334979,60628.0,9.0,5.0,49.0
11-03326511,60628.0,9.0,5.0,49.0
11-03321352,60628.0,9.0,5.0,49.0
11-03305259,60628.0,9.0,5.0,49.0
11-03299681,60628.0,9.0,5.0,53.0
11-03298688,60628.0,9.0,5.0,53.0
11-03295547,60628.0,34.0,5.0,53.0
11-03285092,60628.0,21.0,22.0,73.0
11-03279491,60628.0,9.0,5.0,53.0
11-03259183,60628.0,9.0,5.0,53.0
11-03264235,60628.0,34.0,5.0,49.0
11-03246736,60628.0,9.0,22.0,73.0
11-03203627,60628.0,34.0,5.0,53.0
11-03182325,60628.0,9.0,5.0,49.0
11-03147782,60628.0,34.0,5.0,53.0
11-03148872,60628.0,34.0,5.0,53.0
11-02955739,60628.0,34.0,5.0,53.0
11-02910099,60628.0,34.0,5.0,53.0
11-02878696,60628.0,9.0,5.0,49.0
11-02863728,60628.0,34.0,5.0,53.0
11-02866893,60628.0,34.0,5.0,53.0
11-02870416,60628.0,9.0,5.0,49.0
11-02803410,60628.0,9.0,5.0,53.0
11-02803377,60628.0,9.0,5.0,53.0
11-02803434,60628.0,9.0,5.0,53.0
11-02741310,60628.0,9.0,5.0,53.0
11-02668600,60628.0,8.0,5.0,50.0
11-02656804,60628.0,9.0,5.0,49.0
11-02621504,60628.0,34.0,5.0,53.0
11-02489671,60628.0,21.0,5.0,49.0
11-02443855,60628.0,9.0,5.0,53.0
11-02443878,60628.0,9.0,5.0,53.0
11-02454415,60628.0,9.0,5.0,49.0
11-02375966,60628.0,9.0,5.0,53.0
11-02376025,60628.0,9.0,5.0,53.0
11-02376074,60628.0,9.0,5.0,53.0
11-02376050,60628.0,9.0,5.0,53.0
11-02298794,60628.0,34.0,5.0,53.0
11-02202822,60628.0,34.0,5.0,49.0
11-02157158,60628.0,9.0,5.0,49.0
11-02164034,60628.0,9.0,5.0,49.0
11-02163981,60628.0,9.0,5.0,49.0
11-02163955,60628.0,9.0,5.0,49.0
11-02163921,60628.0,9.0,5.0,49.0
11-02164167,60628.0,9.0,5.0,49.0
11-02164140,60628.0,9.0,5.0,49.0
11-02164108,60628.0,9.0,5.0,49.0
11-02164203,60628.0,9.0,5.0,49.0
11-02164242,60628.0,9.0,5.0,49.0
11-02164292,60628.0,9.0,5.0,49.0
11-02052990,60628.0,9.0,5.0,49.0
11-02055357,60628.0,9.0,5.0,49.0
11-02031354,60628.0,9.0,5.0,53.0
11-02031355,60628.0,9.0,5.0,53.0
11-01930215,60628.0,34.0,5.0,53.0
11-01870568,60628.0,21.0,5.0,49.0
11-01730756,60628.0,9.0,5.0,53.0
11-01658589,60628.0,9.0,5.0,49.0
11-01626379,60628.0,9.0,5.0,49.0
11-01550835,60628.0,9.0,5.0,49.0
11-01550768,60628.0,9.0,5.0,49.0
11-01399458,60628.0,9.0,5.0,49.0
11-01364853,60628.0,9.0,5.0,49.0
11-01371022,60628.0,9.0,5.0,49.0
11-01374447,60628.0,9.0,5.0,49.0
11-01365496,60628.0,9.0,5.0,49.0
11-01377954,60628.0,9.0,5.0,49.0
11-01340146,60628.0,9.0,5.0,49.0
11-01213597,60628.0,34.0,22.0,75.0
11-01143960,60628.0,34.0,22.0,49.0
11-01116160,60628.0,34.0,22.0,49.0
11-01123714,60628.0,21.0,22.0,73.0
11-01118897,60628.0,9.0,5.0,49.0
11-01093281,60628.0,34.0,22.0,49.0
11-01060031,60628.0,34.0,5.0,53.0
11-01032354,60628.0,9.0,5.0,49.0
11-01010482,60628.0,34.0,5.0,53.0
11-01008352,60628.0,9.0,5.0,49.0
11-01013346,60628.0,9.0,5.0,54.0
11-00990860,60628.0,9.0,5.0,50.0
11-00963764,60628.0,9.0,5.0,50.0
11-00951878,60628.0,9.0,5.0,50.0
11-00962118,60628.0,9.0,5.0,50.0
11-00952222,60628.0,9.0,5.0,49.0
11-00926074,60628.0,9.0,5.0,50.0
11-00928519,60628.0,9.0,5.0,53.0
11-00895341,60628.0,9.0,5.0,49.0
11-00829467,60628.0,9.0,5.0,49.0
11-00807453,60628.0,9.0,5.0,49.0
11-00800472,60628.0,34.0,5.0,53.0
11-00787719,60628.0,9.0,5.0,53.0
11-00734387,60628.0,9.0,5.0,53.0
11-00694143,60628.0,34.0,5.0,49.0
11-00636531,60628.0,9.0,5.0,49.0
11-00617722,60628.0,34.0,5.0,49.0
11-00613658,60628.0,9.0,5.0,50.0
11-00595289,60628.0,9.0,5.0,50.0
11-00579434,60628.0,9.0,5.0,53.0
11-00565300,60628.0,34.0,22.0,49.0
11-00528848,60628.0,34.0,22.0,49.0
11-00503716,60628.0,9.0,5.0,53.0
11-00483847,60628.0,34.0,22.0,49.0
11-00474689,60628.0,34.0,5.0,53.0
11-00476812,60628.0,34.0,5.0,49.0
11-00477242,60628.0,9.0,5.0,53.0
11-00475424,60628.0,34.0,5.0,53.0
11-00477229,60628.0,9.0,5.0,53.0
11-00447824,60628.0,9.0,5.0,53.0
11-00445895,60628.0,9.0,5.0,49.0
11-00445868,60628.0,9.0,5.0,49.0
11-00446086,60628.0,9.0,5.0,53.0
11-00439388,60628.0,34.0,5.0,53.0
11-00434560,60628.0,9.0,5.0,53.0
11-00431958,60628.0,34.0,5.0,53.0
11-00411790,60628.0,9.0,5.0,49.0
11-00398528,60628.0,9.0,5.0,49.0
11-00392481,60628.0,9.0,5.0,53.0
11-00377019,60628.0,9.0,5.0,49.0
11-00383331,60628.0,34.0,22.0,49.0
11-00384631,60628.0,9.0,5.0,50.0
11-00362860,60628.0,34.0,5.0,49.0
11-00362866,60628.0,9.0,5.0,53.0
11-00362861,60628.0,9.0,5.0,53.0
11-00334965,60628.0,34.0,5.0,49.0
11-00330568,60628.0,34.0,5.0,49.0
11-00326032,60628.0,6.0,5.0,49.0
11-00313277,60628.0,34.0,5.0,53.0
11-00279305,60628.0,9.0,5.0,49.0
11-00284551,60628.0,34.0,5.0,53.0
11-00217657,60628.0,34.0,5.0,53.0
11-00217643,60628.0,34.0,5.0,53.0
11-00143530,60628.0,9.0,5.0,49.0
11-00143160,60628.0,9.0,5.0,49.0
11-00135098,60628.0,34.0,5.0,53.0
11-00136367,60628.0,9.0,5.0,53.0
11-00130818,60628.0,6.0,5.0,49.0
11-00085308,60628.0,34.0,5.0,49.0
11-00082161,60628.0,34.0,22.0,73.0
11-00072311,60628.0,34.0,5.0,53.0
11-00069678,60628.0,34.0,5.0,53.0
11-00062270,60628.0,34.0,5.0,49.0
11-00062294,60628.0,34.0,5.0,49.0
11-00062308,60628.0,34.0,5.0,49.0
11-00062320,60628.0,34.0,5.0,49.0
11-00062324,60628.0,34.0,5.0,49.0
11-00064045,60628.0,34.0,5.0,53.0
11-00064070,60628.0,34.0,5.0,53.0
11-00052803,60628.0,34.0,5.0,49.0
11-00038844,60628.0,9.0,5.0,49.0
11-00032551,60628.0,9.0,5.0,53.0
11-00035032,60628.0,34.0,5.0,49.0
11-00035057,60628.0,34.0,5.0,49.0
11-00035070,60628.0,34.0,5.0,49.0
11-00035231,60628.0,34.0,5.0,49.0
11-00035155,60628.0,34.0,5.0,49.0
11-00035207,60628.0,34.0,5.0,49.0
11-00035223,60628.0,34.0,5.0,49.0
11-00035280,60628.0,34.0,5.0,49.0
11-00021031,60628.0,9.0,5.0,53.0
11-00023404,60628.0,9.0,5.0,53.0
11-00023566,60628.0,9.0,5.0,53.0
