15-04852304,60621.0,17.0,7.0,68.0
15-04852310,60621.0,6.0,7.0,68.0
15-04809276,60621.0,6.0,7.0,68.0
15-04726854,60621.0,20.0,7.0,68.0
15-04670460,60621.0,20.0,3.0,68.0
15-04543614,60621.0,20.0,7.0,68.0
15-04522295,60621.0,6.0,7.0,68.0
15-04498577,60621.0,6.0,7.0,68.0
15-04499121,60621.0,16.0,7.0,68.0
15-04499125,60621.0,16.0,7.0,68.0
15-04378984,60621.0,20.0,7.0,68.0
15-04378988,60621.0,20.0,7.0,68.0
15-04379313,60621.0,16.0,7.0,68.0
15-04379322,60621.0,16.0,7.0,68.0
15-04353016,60621.0,16.0,7.0,68.0
15-04144002,60621.0,20.0,7.0,68.0
15-04059524,60621.0,20.0,3.0,69.0
15-03891206,60621.0,20.0,7.0,68.0
15-03806028,60621.0,16.0,7.0,68.0
15-03751476,60621.0,20.0,7.0,68.0
15-03679960,60621.0,6.0,7.0,68.0
15-03587233,60621.0,6.0,7.0,69.0
15-03586964,60621.0,16.0,7.0,68.0
15-03590451,60621.0,16.0,7.0,68.0
15-03550662,60621.0,6.0,7.0,69.0
15-03296962,60621.0,20.0,2.0,40.0
15-02915774,60621.0,17.0,7.0,68.0
15-02895813,60621.0,17.0,7.0,68.0
15-02808592,60621.0,17.0,7.0,68.0
15-02782827,60621.0,20.0,7.0,68.0
15-02749237,60621.0,20.0,7.0,68.0
15-02749237,60621.0,20.0,7.0,68.0
15-02729884,60621.0,16.0,7.0,68.0
15-02328665,60621.0,6.0,7.0,68.0
15-02328587,60621.0,16.0,7.0,68.0
15-02195903,60621.0,16.0,7.0,68.0
15-02123294,60621.0,16.0,7.0,68.0
15-02103515,60621.0,6.0,7.0,68.0
15-02103390,60621.0,6.0,7.0,68.0
15-02103450,60621.0,6.0,7.0,68.0
15-02005543,60621.0,16.0,7.0,68.0
15-02005512,60621.0,16.0,7.0,68.0
15-02005476,60621.0,17.0,7.0,68.0
15-02005617,60621.0,16.0,7.0,68.0
15-01846442,60621.0,17.0,7.0,69.0
15-01489668,60621.0,17.0,7.0,68.0
15-01457262,60621.0,20.0,3.0,69.0
15-01458967,60621.0,20.0,7.0,68.0
15-01368304,60621.0,16.0,7.0,68.0
15-01336597,60621.0,16.0,7.0,68.0
15-01336410,60621.0,6.0,7.0,68.0
15-01317030,60621.0,17.0,7.0,68.0
15-01319991,60621.0,20.0,7.0,68.0
15-01326534,60621.0,6.0,7.0,68.0
15-01304136,60621.0,6.0,7.0,68.0
15-01216542,60621.0,16.0,7.0,68.0
15-01167714,60621.0,16.0,7.0,68.0
15-01163829,60621.0,16.0,7.0,68.0
15-01028503,60621.0,20.0,3.0,69.0
15-01028948,60621.0,20.0,3.0,68.0
15-00965796,60621.0,20.0,3.0,68.0
15-00938786,60621.0,20.0,3.0,68.0
15-00880771,60621.0,17.0,7.0,68.0
15-00880775,60621.0,17.0,7.0,68.0
15-00880044,60621.0,20.0,7.0,68.0
15-00880054,60621.0,20.0,7.0,68.0
15-00880058,60621.0,20.0,7.0,68.0
15-00880067,60621.0,16.0,7.0,68.0
15-00881314,60621.0,17.0,7.0,68.0
15-00881297,60621.0,17.0,7.0,68.0
15-00839438,60621.0,20.0,7.0,68.0
15-00823336,60621.0,16.0,7.0,68.0
15-00823320,60621.0,16.0,7.0,68.0
15-00823288,60621.0,16.0,7.0,68.0
15-00823370,60621.0,16.0,7.0,68.0
15-00826455,60621.0,20.0,7.0,68.0
15-00815075,60621.0,17.0,7.0,68.0
15-00803051,60621.0,17.0,7.0,68.0
15-00803357,60621.0,17.0,7.0,68.0
15-00803319,60621.0,17.0,7.0,68.0
15-00808276,60621.0,20.0,3.0,69.0
15-00788011,60621.0,20.0,7.0,68.0
15-00747155,60621.0,20.0,2.0,40.0
15-00705128,60621.0,6.0,7.0,68.0
15-00692434,60621.0,20.0,2.0,40.0
15-00665747,60621.0,20.0,7.0,68.0
15-00675355,60621.0,20.0,2.0,40.0
15-00651926,60621.0,16.0,7.0,68.0
15-00652101,60621.0,16.0,7.0,68.0
15-00556370,60621.0,17.0,7.0,68.0
15-00540540,60621.0,20.0,2.0,68.0
15-00522425,60621.0,16.0,7.0,68.0
15-00522067,60621.0,20.0,7.0,68.0
15-00427039,60621.0,16.0,7.0,68.0
15-00287881,60621.0,20.0,7.0,68.0
15-00276222,60621.0,17.0,7.0,68.0
15-00276459,60621.0,17.0,7.0,68.0
15-00280498,60621.0,16.0,7.0,68.0
15-00272802,60621.0,17.0,7.0,68.0
15-00269523,60621.0,20.0,7.0,68.0
15-00269534,60621.0,20.0,7.0,68.0
15-00173855,60621.0,17.0,7.0,68.0
15-00150705,60621.0,16.0,7.0,68.0
15-00147174,60621.0,20.0,7.0,68.0
15-00127640,60621.0,3.0,2.0,40.0
15-00126455,60621.0,6.0,7.0,68.0
15-00126497,60621.0,20.0,7.0,68.0
15-00126486,60621.0,3.0,7.0,68.0
15-00121908,60621.0,17.0,7.0,68.0
15-00118168,60621.0,6.0,7.0,68.0
15-00118172,60621.0,17.0,7.0,68.0
15-00110621,60621.0,17.0,7.0,68.0
15-00100547,60621.0,17.0,7.0,68.0
15-00100584,60621.0,16.0,7.0,68.0
15-00100560,60621.0,17.0,7.0,68.0
15-00099399,60621.0,20.0,7.0,68.0
15-00099144,60621.0,20.0,7.0,68.0
15-00083998,60621.0,20.0,7.0,68.0
15-00083997,60621.0,20.0,7.0,68.0
15-00083995,60621.0,20.0,7.0,68.0
15-00084005,60621.0,20.0,7.0,68.0
15-00053340,60621.0,16.0,7.0,68.0
15-00053367,60621.0,20.0,7.0,68.0
15-00053364,60621.0,16.0,7.0,68.0
15-00053356,60621.0,16.0,7.0,68.0
15-00004714,60621.0,16.0,7.0,68.0
15-00004778,60621.0,20.0,7.0,68.0
14-02153860,60621.0,6.0,7.0,69.0
14-02103003,60621.0,20.0,7.0,69.0
14-02098154,60621.0,20.0,7.0,68.0
14-02087052,60621.0,20.0,2.0,40.0
14-02087808,60621.0,20.0,7.0,69.0
14-02083177,60621.0,20.0,2.0,40.0
14-02080689,60621.0,3.0,2.0,68.0
14-02080680,60621.0,6.0,7.0,69.0
14-02076577,60621.0,20.0,2.0,40.0
14-02069873,60621.0,20.0,2.0,40.0
14-02069898,60621.0,6.0,7.0,69.0
14-02069881,60621.0,6.0,7.0,69.0
14-02056673,60621.0,20.0,2.0,40.0
14-02062182,60621.0,20.0,2.0,40.0
14-02061732,60621.0,20.0,2.0,40.0
14-02061720,60621.0,6.0,7.0,69.0
14-02061705,60621.0,6.0,7.0,69.0
14-02061874,60621.0,6.0,7.0,69.0
14-02061868,60621.0,6.0,7.0,69.0
14-02048680,60621.0,6.0,7.0,69.0
14-02048679,60621.0,6.0,7.0,69.0
14-02040483,60621.0,20.0,7.0,68.0
14-02030677,60621.0,6.0,7.0,69.0
14-02030671,60621.0,6.0,7.0,69.0
14-02030685,60621.0,6.0,7.0,69.0
14-02027826,60621.0,6.0,7.0,69.0
14-02017679,60621.0,6.0,7.0,69.0
14-02013907,60621.0,20.0,7.0,68.0
14-02007536,60621.0,20.0,7.0,68.0
14-01999996,60621.0,20.0,7.0,68.0
14-01968574,60621.0,16.0,7.0,68.0
14-01968572,60621.0,16.0,7.0,68.0
14-01961817,60621.0,16.0,7.0,68.0
14-01961813,60621.0,16.0,7.0,68.0
14-01953889,60621.0,20.0,7.0,68.0
14-01953904,60621.0,16.0,7.0,68.0
14-01953908,60621.0,20.0,7.0,68.0
14-01953924,60621.0,16.0,7.0,68.0
14-01955680,60621.0,16.0,7.0,68.0
14-01955713,60621.0,20.0,7.0,68.0
14-01955715,60621.0,20.0,7.0,68.0
14-01955729,60621.0,3.0,7.0,68.0
14-01955725,60621.0,3.0,7.0,68.0
14-01955722,60621.0,20.0,7.0,68.0
14-01955718,60621.0,20.0,7.0,68.0
14-01942795,60621.0,20.0,7.0,68.0
14-01942733,60621.0,20.0,7.0,68.0
14-01916089,60621.0,20.0,7.0,68.0
14-01910040,60621.0,20.0,7.0,68.0
14-01910041,60621.0,20.0,7.0,68.0
14-01909235,60621.0,17.0,7.0,68.0
14-01882192,60621.0,16.0,7.0,68.0
14-01882189,60621.0,16.0,7.0,68.0
14-01882197,60621.0,17.0,7.0,68.0
14-01875405,60621.0,16.0,7.0,68.0
14-01875417,60621.0,16.0,7.0,68.0
14-01875415,60621.0,16.0,7.0,68.0
14-01835030,60621.0,16.0,7.0,68.0
14-01826148,60621.0,16.0,7.0,68.0
14-01807234,60621.0,17.0,7.0,69.0
14-01799033,60621.0,20.0,7.0,68.0
14-01797040,60621.0,3.0,2.0,68.0
14-01769683,60621.0,6.0,7.0,69.0
14-01731834,60621.0,20.0,7.0,68.0
14-01731035,60621.0,17.0,7.0,68.0
14-01725303,60621.0,6.0,7.0,69.0
14-01714251,60621.0,20.0,2.0,40.0
14-01714211,60621.0,6.0,7.0,69.0
14-01646712,60621.0,6.0,7.0,69.0
14-01618024,60621.0,17.0,7.0,68.0
14-01571677,60621.0,17.0,7.0,68.0
14-01527432,60621.0,17.0,7.0,68.0
14-01508126,60621.0,20.0,2.0,40.0
14-01480184,60621.0,16.0,7.0,68.0
14-01469974,60621.0,17.0,7.0,69.0
14-01461933,60621.0,17.0,7.0,68.0
14-01461839,60621.0,6.0,7.0,69.0
14-01461928,60621.0,16.0,7.0,68.0
14-01457829,60621.0,17.0,7.0,68.0
14-01465016,60621.0,20.0,7.0,68.0
14-01465011,60621.0,6.0,7.0,68.0
14-01465083,60621.0,16.0,7.0,68.0
14-01465218,60621.0,17.0,7.0,68.0
14-01465212,60621.0,20.0,7.0,68.0
14-01465204,60621.0,20.0,7.0,68.0
14-01461679,60621.0,20.0,7.0,68.0
14-01454256,60621.0,17.0,7.0,68.0
14-01454253,60621.0,17.0,7.0,69.0
14-01444259,60621.0,17.0,7.0,68.0
14-01444304,60621.0,17.0,7.0,68.0
14-01444291,60621.0,17.0,7.0,68.0
14-01437045,60621.0,17.0,7.0,68.0
14-01437039,60621.0,17.0,7.0,68.0
14-01437058,60621.0,17.0,7.0,68.0
14-01429893,60621.0,16.0,7.0,68.0
14-01429890,60621.0,16.0,7.0,68.0
14-01429888,60621.0,17.0,7.0,68.0
14-01429900,60621.0,16.0,7.0,68.0
14-01426391,60621.0,16.0,7.0,68.0
14-01426387,60621.0,17.0,7.0,68.0
14-01426398,60621.0,16.0,7.0,68.0
14-01426396,60621.0,16.0,7.0,68.0
14-01405662,60621.0,17.0,7.0,69.0
14-01402693,60621.0,16.0,7.0,68.0
14-01394645,60621.0,20.0,7.0,68.0
14-01384529,60621.0,17.0,7.0,68.0
14-01366273,60621.0,3.0,2.0,68.0
14-01349890,60621.0,20.0,7.0,68.0
14-01347530,60621.0,20.0,7.0,68.0
14-01341916,60621.0,3.0,7.0,68.0
14-01322940,60621.0,17.0,7.0,68.0
14-01322942,60621.0,17.0,7.0,68.0
14-01322944,60621.0,17.0,7.0,68.0
14-01313424,60621.0,3.0,7.0,68.0
14-01309387,60621.0,16.0,7.0,68.0
14-01296718,60621.0,17.0,7.0,68.0
14-01280144,60621.0,20.0,7.0,68.0
14-01264855,60621.0,20.0,7.0,68.0
14-01225601,60621.0,6.0,7.0,68.0
14-01208816,60621.0,6.0,7.0,68.0
14-01196971,60621.0,16.0,7.0,68.0
14-01169057,60621.0,17.0,7.0,68.0
14-01138666,60621.0,20.0,7.0,68.0
14-01105139,60621.0,17.0,7.0,68.0
14-01073788,60621.0,17.0,7.0,68.0
14-01074390,60621.0,17.0,7.0,68.0
14-01073289,60621.0,6.0,7.0,69.0
14-01066804,60621.0,20.0,2.0,40.0
14-01040457,60621.0,17.0,7.0,68.0
14-01040451,60621.0,17.0,7.0,68.0
14-01042018,60621.0,20.0,2.0,40.0
14-01033320,60621.0,16.0,7.0,68.0
14-01026150,60621.0,6.0,7.0,68.0
14-01011481,60621.0,16.0,7.0,68.0
14-01011478,60621.0,16.0,7.0,68.0
14-00939626,60621.0,17.0,7.0,68.0
14-00932197,60621.0,6.0,7.0,68.0
14-00878072,60621.0,20.0,3.0,69.0
14-00871978,60621.0,17.0,7.0,68.0
14-00859355,60621.0,6.0,7.0,68.0
14-00830008,60621.0,17.0,7.0,68.0
14-00830702,60621.0,20.0,2.0,40.0
14-00822097,60621.0,3.0,2.0,40.0
14-00822083,60621.0,3.0,2.0,40.0
14-00811305,60621.0,17.0,7.0,68.0
14-00811302,60621.0,16.0,7.0,68.0
14-00811311,60621.0,17.0,7.0,68.0
14-00811307,60621.0,17.0,7.0,68.0
14-00811377,60621.0,16.0,7.0,68.0
14-00811380,60621.0,16.0,7.0,68.0
14-00811291,60621.0,16.0,7.0,68.0
14-00811297,60621.0,16.0,7.0,68.0
14-00798972,60621.0,17.0,7.0,68.0
14-00791355,60621.0,20.0,7.0,68.0
14-00784446,60621.0,20.0,7.0,68.0
14-00784568,60621.0,3.0,7.0,68.0
14-00784584,60621.0,3.0,7.0,68.0
14-00784596,60621.0,3.0,7.0,68.0
14-00761013,60621.0,3.0,7.0,68.0
14-00761002,60621.0,20.0,7.0,68.0
14-00760087,60621.0,20.0,7.0,68.0
14-00759655,60621.0,3.0,7.0,68.0
14-00764444,60621.0,3.0,2.0,40.0
14-00742211,60621.0,20.0,7.0,68.0
14-00723924,60621.0,16.0,7.0,68.0
14-00723920,60621.0,16.0,7.0,68.0
14-00709794,60621.0,16.0,7.0,68.0
14-00710646,60621.0,6.0,7.0,68.0
14-00708215,60621.0,6.0,7.0,68.0
14-00695549,60621.0,6.0,7.0,68.0
14-00661092,60621.0,6.0,7.0,68.0
14-00656441,60621.0,16.0,7.0,68.0
14-00651868,60621.0,20.0,7.0,68.0
14-00635212,60621.0,20.0,7.0,68.0
14-00636479,60621.0,16.0,7.0,68.0
14-00626236,60621.0,16.0,7.0,68.0
14-00598786,60621.0,6.0,7.0,68.0
14-00592297,60621.0,6.0,7.0,68.0
14-00582016,60621.0,6.0,7.0,68.0
14-00528526,60621.0,17.0,7.0,68.0
14-00518508,60621.0,6.0,7.0,68.0
14-00501945,60621.0,16.0,7.0,68.0
14-00501878,60621.0,6.0,7.0,68.0
14-00483644,60621.0,17.0,7.0,68.0
14-00480464,60621.0,6.0,7.0,69.0
14-00476048,60621.0,20.0,2.0,68.0
14-00476047,60621.0,20.0,2.0,68.0
14-00476054,60621.0,20.0,7.0,68.0
14-00471397,60621.0,16.0,7.0,68.0
14-00450837,60621.0,20.0,3.0,69.0
14-00438052,60621.0,6.0,7.0,68.0
14-00438123,60621.0,16.0,7.0,68.0
14-00425479,60621.0,16.0,7.0,68.0
14-00400130,60621.0,16.0,7.0,68.0
14-00370422,60621.0,17.0,7.0,68.0
14-00355877,60621.0,17.0,7.0,68.0
14-00355844,60621.0,17.0,7.0,68.0
14-00355914,60621.0,17.0,7.0,68.0
14-00310824,60621.0,20.0,2.0,40.0
14-00288879,60621.0,17.0,7.0,68.0
14-00277785,60621.0,20.0,7.0,68.0
14-00271254,60621.0,17.0,7.0,68.0
14-00262149,60621.0,16.0,7.0,68.0
14-00245732,60621.0,17.0,7.0,68.0
14-00218476,60621.0,17.0,7.0,68.0
14-00218482,60621.0,17.0,7.0,68.0
14-00218769,60621.0,6.0,7.0,68.0
14-00211924,60621.0,17.0,7.0,68.0
14-00201595,60621.0,17.0,7.0,68.0
14-00201465,60621.0,17.0,7.0,68.0
14-00201445,60621.0,17.0,7.0,68.0
14-00201430,60621.0,17.0,7.0,68.0
14-00201505,60621.0,6.0,7.0,68.0
14-00157489,60621.0,6.0,7.0,68.0
14-00147002,60621.0,17.0,7.0,68.0
14-00146779,60621.0,17.0,7.0,68.0
14-00109964,60621.0,20.0,7.0,68.0
14-00110952,60621.0,17.0,7.0,69.0
14-00070240,60621.0,20.0,7.0,68.0
14-00070232,60621.0,20.0,7.0,68.0
14-00070247,60621.0,20.0,7.0,68.0
14-00070245,60621.0,20.0,7.0,68.0
14-00017688,60621.0,16.0,7.0,68.0
14-00017353,60621.0,16.0,7.0,68.0
14-00010096,60621.0,17.0,7.0,68.0
13-01906229,60621.0,17.0,7.0,68.0
13-01890184,60621.0,6.0,3.0,69.0
13-01888344,60621.0,17.0,7.0,68.0
13-01884710,60621.0,17.0,7.0,68.0
13-01873933,60621.0,6.0,7.0,69.0
13-01875621,60621.0,20.0,3.0,40.0
13-01849104,60621.0,17.0,7.0,68.0
13-01849106,60621.0,17.0,7.0,68.0
13-01849107,60621.0,17.0,7.0,68.0
14-00028885,60621.0,20.0,7.0,68.0
13-01811488,60621.0,17.0,7.0,68.0
13-01804379,60621.0,17.0,7.0,68.0
13-01793318,60621.0,17.0,7.0,68.0
13-01793368,60621.0,17.0,7.0,68.0
13-01792322,60621.0,17.0,7.0,68.0
13-01789896,60621.0,20.0,2.0,40.0
13-01780333,60621.0,20.0,7.0,68.0
13-01778339,60621.0,20.0,7.0,68.0
13-01754185,60621.0,17.0,7.0,68.0
13-01754359,60621.0,6.0,7.0,68.0
13-01750826,60621.0,20.0,7.0,68.0
13-01750597,60621.0,20.0,7.0,68.0
13-01709017,60621.0,6.0,7.0,68.0
13-01702588,60621.0,20.0,7.0,68.0
13-01633491,60621.0,20.0,7.0,68.0
13-01617736,60621.0,17.0,7.0,68.0
13-01617622,60621.0,20.0,7.0,68.0
13-01608330,60621.0,17.0,7.0,68.0
13-01595010,60621.0,17.0,7.0,69.0
13-01552560,60621.0,17.0,7.0,68.0
13-01552586,60621.0,17.0,7.0,68.0
13-01514390,60621.0,3.0,2.0,68.0
13-01498895,60621.0,17.0,7.0,68.0
13-01498244,60621.0,20.0,7.0,68.0
13-01485833,60621.0,6.0,7.0,69.0
13-01485109,60621.0,17.0,7.0,68.0
13-01485112,60621.0,17.0,7.0,68.0
13-01485137,60621.0,20.0,7.0,68.0
13-01479492,60621.0,17.0,7.0,68.0
13-01461374,60621.0,16.0,7.0,68.0
13-01444163,60621.0,20.0,7.0,68.0
13-01448898,60621.0,6.0,7.0,68.0
13-01435282,60621.0,20.0,7.0,68.0
13-01404823,60621.0,6.0,7.0,68.0
13-01404831,60621.0,6.0,7.0,68.0
13-01399160,60621.0,20.0,3.0,69.0
13-01392821,60621.0,16.0,7.0,68.0
13-01377153,60621.0,3.0,7.0,68.0
13-01377065,60621.0,3.0,7.0,68.0
13-01368050,60621.0,6.0,7.0,68.0
13-01368062,60621.0,20.0,7.0,68.0
13-01369969,60621.0,17.0,7.0,68.0
13-01360828,60621.0,20.0,7.0,68.0
13-01359323,60621.0,20.0,7.0,68.0
13-01359586,60621.0,16.0,7.0,68.0
13-01359210,60621.0,20.0,7.0,68.0
13-01359194,60621.0,20.0,7.0,68.0
13-01359162,60621.0,20.0,7.0,68.0
13-01359397,60621.0,20.0,7.0,68.0
13-01359537,60621.0,16.0,7.0,68.0
13-01359444,60621.0,16.0,7.0,68.0
13-01359470,60621.0,16.0,7.0,68.0
13-01359420,60621.0,16.0,7.0,68.0
13-01359559,60621.0,16.0,7.0,68.0
13-01359554,60621.0,16.0,7.0,68.0
13-01359406,60621.0,16.0,7.0,68.0
13-01359610,60621.0,16.0,7.0,68.0
13-01338090,60621.0,17.0,7.0,69.0
13-01340878,60621.0,17.0,7.0,69.0
13-01339511,60621.0,20.0,7.0,68.0
13-01340351,60621.0,17.0,7.0,69.0
13-01340298,60621.0,17.0,7.0,69.0
13-01340283,60621.0,17.0,7.0,69.0
13-01340345,60621.0,17.0,7.0,69.0
13-01340333,60621.0,6.0,7.0,69.0
13-01340321,60621.0,17.0,7.0,69.0
13-01340303,60621.0,17.0,7.0,69.0
13-01340352,60621.0,17.0,7.0,69.0
13-01340536,60621.0,6.0,7.0,68.0
13-01340506,60621.0,6.0,7.0,68.0
13-01340482,60621.0,6.0,7.0,68.0
13-01340586,60621.0,20.0,7.0,68.0
13-01340564,60621.0,20.0,7.0,68.0
13-01340542,60621.0,6.0,7.0,68.0
13-01340561,60621.0,20.0,7.0,68.0
13-01340544,60621.0,6.0,7.0,68.0
13-01340624,60621.0,17.0,7.0,68.0
13-01340612,60621.0,17.0,7.0,68.0
13-01340601,60621.0,17.0,7.0,68.0
13-01340630,60621.0,17.0,7.0,68.0
13-01340654,60621.0,17.0,7.0,68.0
13-01340640,60621.0,17.0,7.0,68.0
13-01302896,60621.0,16.0,7.0,68.0
13-01292215,60621.0,3.0,7.0,68.0
13-01298789,60621.0,17.0,7.0,68.0
13-01298775,60621.0,17.0,7.0,68.0
13-01282388,60621.0,17.0,7.0,69.0
13-01282378,60621.0,17.0,7.0,68.0
13-01282396,60621.0,16.0,7.0,68.0
13-01282901,60621.0,17.0,7.0,68.0
13-01282887,60621.0,17.0,7.0,68.0
13-01264678,60621.0,3.0,2.0,40.0
13-01261763,60621.0,3.0,7.0,68.0
13-01252315,60621.0,16.0,7.0,68.0
13-01245359,60621.0,16.0,7.0,68.0
13-01245478,60621.0,16.0,7.0,68.0
13-01245539,60621.0,16.0,7.0,68.0
13-01245286,60621.0,16.0,7.0,68.0
13-01245275,60621.0,16.0,7.0,68.0
13-01245252,60621.0,16.0,7.0,68.0
13-01245254,60621.0,16.0,7.0,68.0
13-01246940,60621.0,16.0,7.0,68.0
13-01245436,60621.0,16.0,7.0,68.0
13-01238280,60621.0,17.0,7.0,68.0
13-01238294,60621.0,17.0,7.0,68.0
13-01238391,60621.0,16.0,7.0,68.0
13-01238325,60621.0,17.0,7.0,68.0
13-01240192,60621.0,17.0,7.0,68.0
13-01240187,60621.0,16.0,7.0,68.0
13-01240159,60621.0,16.0,7.0,68.0
13-01240152,60621.0,16.0,7.0,68.0
13-01240142,60621.0,16.0,7.0,68.0
13-01240200,60621.0,17.0,7.0,68.0
13-01238701,60621.0,17.0,7.0,68.0
13-01238663,60621.0,17.0,7.0,68.0
13-01239027,60621.0,17.0,7.0,68.0
13-01239479,60621.0,17.0,7.0,68.0
13-01239518,60621.0,17.0,7.0,69.0
13-01239562,60621.0,17.0,7.0,69.0
13-01232618,60621.0,20.0,7.0,68.0
13-01233435,60621.0,20.0,7.0,68.0
13-01233420,60621.0,20.0,7.0,68.0
13-01230968,60621.0,17.0,7.0,68.0
13-01232022,60621.0,20.0,7.0,68.0
13-01232210,60621.0,6.0,7.0,68.0
13-01232042,60621.0,6.0,7.0,68.0
13-01232056,60621.0,20.0,7.0,68.0
13-01232080,60621.0,20.0,7.0,68.0
13-01232196,60621.0,20.0,7.0,68.0
13-01232144,60621.0,20.0,7.0,68.0
13-01232163,60621.0,20.0,7.0,68.0
13-01232323,60621.0,6.0,7.0,68.0
13-01232326,60621.0,6.0,7.0,68.0
13-01230662,60621.0,6.0,7.0,68.0
13-01231092,60621.0,16.0,7.0,68.0
13-01231010,60621.0,16.0,7.0,68.0
13-01229974,60621.0,20.0,7.0,68.0
13-01229969,60621.0,20.0,7.0,68.0
13-01229961,60621.0,20.0,7.0,68.0
13-01229957,60621.0,20.0,7.0,68.0
13-01229952,60621.0,20.0,7.0,68.0
13-01229936,60621.0,6.0,7.0,68.0
13-01229950,60621.0,20.0,7.0,68.0
13-01229944,60621.0,16.0,7.0,68.0
13-01229505,60621.0,17.0,7.0,68.0
13-01229517,60621.0,16.0,7.0,68.0
13-01229535,60621.0,16.0,7.0,68.0
13-01229577,60621.0,16.0,7.0,68.0
13-01229566,60621.0,16.0,7.0,68.0
13-01223973,60621.0,17.0,7.0,68.0
13-01211226,60621.0,20.0,7.0,68.0
13-01205057,60621.0,20.0,3.0,69.0
13-01201989,60621.0,20.0,7.0,68.0
13-01205476,60621.0,20.0,7.0,68.0
13-01201983,60621.0,16.0,7.0,68.0
13-01178303,60621.0,17.0,7.0,68.0
13-01178332,60621.0,17.0,7.0,68.0
13-01179175,60621.0,6.0,7.0,68.0
13-01179160,60621.0,16.0,7.0,68.0
13-01179155,60621.0,16.0,7.0,68.0
13-01179286,60621.0,6.0,7.0,68.0
13-01179273,60621.0,17.0,7.0,68.0
13-01179360,60621.0,17.0,7.0,68.0
13-01179384,60621.0,17.0,7.0,68.0
13-01179444,60621.0,17.0,7.0,68.0
13-01177465,60621.0,17.0,7.0,68.0
13-01177444,60621.0,17.0,7.0,69.0
13-01177478,60621.0,17.0,7.0,68.0
13-01178233,60621.0,17.0,7.0,68.0
13-01178283,60621.0,17.0,7.0,68.0
13-01176944,60621.0,17.0,7.0,68.0
13-01177073,60621.0,17.0,7.0,68.0
13-01177030,60621.0,16.0,7.0,68.0
13-01177168,60621.0,17.0,7.0,69.0
13-01177118,60621.0,17.0,7.0,68.0
13-01177330,60621.0,6.0,7.0,69.0
13-01177262,60621.0,17.0,7.0,69.0
13-01177436,60621.0,6.0,7.0,69.0
13-01177406,60621.0,17.0,7.0,69.0
13-01179155,60621.0,16.0,7.0,68.0
13-01166222,60621.0,16.0,7.0,68.0
13-01180399,60621.0,6.0,7.0,68.0
13-01180340,60621.0,6.0,7.0,68.0
13-01180386,60621.0,6.0,7.0,68.0
13-01179589,60621.0,6.0,7.0,68.0
13-01179461,60621.0,16.0,7.0,68.0
13-01179570,60621.0,6.0,7.0,68.0
13-01179478,60621.0,6.0,7.0,68.0
13-01179521,60621.0,6.0,7.0,68.0
13-01180355,60621.0,6.0,7.0,68.0
13-01180427,60621.0,6.0,7.0,68.0
13-01180481,60621.0,16.0,7.0,68.0
13-01180465,60621.0,20.0,7.0,68.0
13-01166367,60621.0,17.0,7.0,68.0
13-01166328,60621.0,6.0,3.0,69.0
13-01165789,60621.0,17.0,7.0,69.0
13-01166214,60621.0,16.0,7.0,68.0
13-01167318,60621.0,16.0,7.0,68.0
13-01167290,60621.0,20.0,7.0,68.0
13-01167304,60621.0,16.0,7.0,68.0
13-01167357,60621.0,20.0,7.0,68.0
13-01167335,60621.0,16.0,7.0,68.0
13-01167327,60621.0,16.0,7.0,68.0
13-01167341,60621.0,16.0,7.0,68.0
13-01167372,60621.0,20.0,7.0,68.0
13-01167738,60621.0,16.0,7.0,68.0
13-01167668,60621.0,20.0,7.0,68.0
13-01166042,60621.0,6.0,7.0,68.0
13-01167814,60621.0,20.0,7.0,68.0
13-01166511,60621.0,17.0,7.0,68.0
13-01167765,60621.0,16.0,7.0,68.0
13-01168088,60621.0,16.0,7.0,68.0
13-01167871,60621.0,16.0,7.0,68.0
13-01167831,60621.0,16.0,7.0,68.0
13-01167860,60621.0,16.0,7.0,68.0
13-01167856,60621.0,16.0,7.0,68.0
13-01168083,60621.0,20.0,7.0,68.0
13-01168020,60621.0,16.0,7.0,68.0
13-01167987,60621.0,16.0,7.0,68.0
13-01167962,60621.0,16.0,7.0,68.0
13-01168077,60621.0,16.0,7.0,68.0
13-01168045,60621.0,16.0,7.0,68.0
13-01168068,60621.0,16.0,7.0,68.0
13-01168058,60621.0,16.0,7.0,68.0
13-01166432,60621.0,17.0,7.0,68.0
13-01168096,60621.0,20.0,7.0,68.0
13-01166399,60621.0,17.0,7.0,68.0
13-01166588,60621.0,17.0,7.0,68.0
13-01166599,60621.0,17.0,7.0,68.0
13-01166694,60621.0,16.0,7.0,68.0
13-01166877,60621.0,16.0,7.0,68.0
13-01166788,60621.0,16.0,7.0,68.0
13-01166744,60621.0,16.0,7.0,68.0
13-01166767,60621.0,16.0,7.0,68.0
13-01166770,60621.0,16.0,7.0,68.0
13-01166843,60621.0,16.0,7.0,68.0
13-01166857,60621.0,16.0,7.0,68.0
13-01166902,60621.0,16.0,7.0,68.0
13-01166033,60621.0,6.0,7.0,68.0
13-01165995,60621.0,20.0,7.0,68.0
13-01165991,60621.0,20.0,7.0,68.0
13-01165983,60621.0,16.0,7.0,68.0
13-01166206,60621.0,17.0,7.0,68.0
13-01166203,60621.0,6.0,7.0,68.0
13-01166194,60621.0,6.0,7.0,68.0
13-01166094,60621.0,20.0,7.0,68.0
13-01166087,60621.0,16.0,7.0,68.0
13-01166048,60621.0,20.0,7.0,68.0
13-01166057,60621.0,20.0,7.0,68.0
13-01166146,60621.0,6.0,7.0,68.0
13-01166157,60621.0,20.0,7.0,68.0
13-01166170,60621.0,16.0,7.0,68.0
13-01166182,60621.0,6.0,7.0,68.0
13-01157860,60621.0,6.0,7.0,68.0
13-01158005,60621.0,17.0,7.0,68.0
13-01157853,60621.0,17.0,7.0,68.0
13-01157995,60621.0,17.0,7.0,68.0
13-01157992,60621.0,16.0,7.0,68.0
13-01157974,60621.0,16.0,7.0,68.0
13-01157869,60621.0,17.0,7.0,68.0
13-01157984,60621.0,17.0,7.0,68.0
13-01157978,60621.0,17.0,7.0,68.0
13-01157981,60621.0,17.0,7.0,68.0
13-01166514,60621.0,17.0,7.0,69.0
13-01166444,60621.0,17.0,7.0,69.0
13-01163442,60621.0,16.0,7.0,68.0
13-01158260,60621.0,16.0,7.0,68.0
13-01158249,60621.0,16.0,7.0,68.0
13-01158228,60621.0,20.0,7.0,68.0
13-01158225,60621.0,17.0,7.0,68.0
13-01158242,60621.0,20.0,7.0,68.0
13-01158234,60621.0,16.0,7.0,68.0
13-01157835,60621.0,17.0,7.0,68.0
13-01157850,60621.0,17.0,7.0,68.0
13-01157825,60621.0,17.0,7.0,68.0
13-01157789,60621.0,17.0,7.0,68.0
13-01157771,60621.0,17.0,7.0,68.0
13-01157764,60621.0,17.0,7.0,68.0
13-01157758,60621.0,17.0,7.0,68.0
13-01159128,60621.0,6.0,7.0,68.0
13-01159098,60621.0,6.0,7.0,69.0
13-01157802,60621.0,17.0,7.0,68.0
13-01157737,60621.0,17.0,7.0,68.0
13-01157670,60621.0,17.0,7.0,68.0
13-01157659,60621.0,17.0,7.0,68.0
13-01157814,60621.0,17.0,7.0,68.0
13-01157682,60621.0,17.0,7.0,68.0
13-01157704,60621.0,17.0,7.0,68.0
13-01157693,60621.0,17.0,7.0,68.0
13-01159158,60621.0,6.0,7.0,69.0
13-01159220,60621.0,6.0,7.0,68.0
13-01159950,60621.0,17.0,7.0,69.0
13-01159843,60621.0,17.0,7.0,69.0
13-01159937,60621.0,17.0,7.0,69.0
13-01150471,60621.0,16.0,7.0,68.0
13-01152899,60621.0,16.0,7.0,68.0
13-01152879,60621.0,16.0,7.0,68.0
13-01152519,60621.0,17.0,7.0,68.0
13-01150447,60621.0,16.0,7.0,68.0
13-01149720,60621.0,16.0,7.0,68.0
13-01150542,60621.0,16.0,7.0,68.0
13-01150493,60621.0,16.0,7.0,68.0
13-01150510,60621.0,16.0,7.0,68.0
13-01150615,60621.0,16.0,7.0,68.0
13-01150723,60621.0,16.0,7.0,68.0
13-01150786,60621.0,16.0,7.0,68.0
13-01150965,60621.0,16.0,7.0,68.0
13-01150949,60621.0,16.0,7.0,68.0
13-01155474,60621.0,17.0,7.0,68.0
13-01154822,60621.0,17.0,7.0,68.0
13-01154814,60621.0,17.0,7.0,68.0
13-01154593,60621.0,20.0,7.0,68.0
13-01154585,60621.0,6.0,7.0,69.0
13-01154607,60621.0,6.0,7.0,69.0
13-01154601,60621.0,6.0,7.0,69.0
13-01154595,60621.0,20.0,7.0,68.0
13-01154618,60621.0,6.0,7.0,69.0
13-01154608,60621.0,17.0,7.0,69.0
13-01154619,60621.0,6.0,7.0,69.0
13-01154628,60621.0,6.0,7.0,68.0
13-01154808,60621.0,17.0,7.0,68.0
13-01154698,60621.0,6.0,7.0,69.0
13-01154699,60621.0,6.0,7.0,69.0
13-01154714,60621.0,6.0,7.0,69.0
13-01154707,60621.0,6.0,7.0,69.0
13-01154703,60621.0,6.0,7.0,69.0
13-01154806,60621.0,17.0,7.0,68.0
13-01154741,60621.0,17.0,7.0,69.0
13-01154790,60621.0,17.0,7.0,68.0
13-01154785,60621.0,17.0,7.0,68.0
13-01154784,60621.0,17.0,7.0,68.0
13-01151227,60621.0,16.0,7.0,68.0
13-01151189,60621.0,16.0,7.0,68.0
13-01151262,60621.0,16.0,7.0,68.0
13-01151296,60621.0,16.0,7.0,68.0
13-01159300,60621.0,17.0,7.0,68.0
13-01158866,60621.0,17.0,7.0,68.0
13-01158813,60621.0,17.0,7.0,68.0
13-01158780,60621.0,17.0,7.0,68.0
13-01158574,60621.0,17.0,7.0,68.0
13-01158570,60621.0,17.0,7.0,68.0
13-01159329,60621.0,17.0,7.0,68.0
13-01159284,60621.0,17.0,7.0,68.0
13-01159266,60621.0,17.0,7.0,68.0
13-01136282,60621.0,16.0,7.0,68.0
13-01104059,60621.0,6.0,7.0,69.0
13-01089899,60621.0,20.0,3.0,40.0
13-01057681,60621.0,20.0,2.0,40.0
13-01022281,60621.0,20.0,7.0,68.0
13-01014759,60621.0,17.0,7.0,68.0
13-01014811,60621.0,17.0,7.0,68.0
13-01015656,60621.0,16.0,7.0,68.0
13-01001005,60621.0,6.0,7.0,69.0
13-00973101,60621.0,17.0,7.0,68.0
13-00968513,60621.0,20.0,2.0,40.0
13-00949527,60621.0,17.0,7.0,68.0
13-00957721,60621.0,20.0,7.0,68.0
13-00959382,60621.0,17.0,7.0,68.0
13-00938416,60621.0,16.0,7.0,68.0
13-00920118,60621.0,16.0,7.0,68.0
13-00914275,60621.0,16.0,7.0,68.0
13-00911432,60621.0,16.0,7.0,68.0
13-00903911,60621.0,6.0,7.0,69.0
13-00902300,60621.0,3.0,7.0,68.0
13-00880170,60621.0,20.0,2.0,40.0
13-00867227,60621.0,3.0,7.0,68.0
13-00847631,60621.0,3.0,7.0,68.0
13-00847596,60621.0,20.0,7.0,68.0
13-00797178,60621.0,20.0,7.0,68.0
13-00797536,60621.0,16.0,7.0,68.0
13-00797608,60621.0,16.0,7.0,68.0
13-00790055,60621.0,20.0,7.0,68.0
13-00789629,60621.0,3.0,7.0,68.0
13-00789349,60621.0,20.0,7.0,68.0
13-00784070,60621.0,3.0,7.0,68.0
13-00784063,60621.0,3.0,7.0,68.0
13-00784225,60621.0,6.0,7.0,69.0
13-00784306,60621.0,3.0,7.0,68.0
13-00784284,60621.0,3.0,7.0,68.0
13-00784292,60621.0,3.0,7.0,68.0
13-00784059,60621.0,20.0,7.0,68.0
13-00784049,60621.0,3.0,7.0,68.0
13-00784046,60621.0,3.0,7.0,68.0
13-00762739,60621.0,16.0,7.0,68.0
13-00762738,60621.0,17.0,7.0,68.0
13-00755940,60621.0,6.0,7.0,69.0
13-00748389,60621.0,16.0,7.0,68.0
13-00748382,60621.0,16.0,7.0,68.0
13-00713613,60621.0,20.0,7.0,68.0
13-00716366,60621.0,20.0,2.0,40.0
13-00717907,60621.0,17.0,7.0,68.0
13-00715135,60621.0,3.0,7.0,68.0
13-00715142,60621.0,3.0,7.0,68.0
13-00711876,60621.0,17.0,7.0,68.0
13-00710576,60621.0,16.0,7.0,68.0
13-00700260,60621.0,17.0,7.0,68.0
13-00700022,60621.0,17.0,7.0,69.0
13-00700042,60621.0,17.0,7.0,69.0
13-00698183,60621.0,17.0,7.0,68.0
13-00681098,60621.0,17.0,7.0,68.0
13-00649664,60621.0,17.0,7.0,68.0
13-00642355,60621.0,20.0,7.0,68.0
13-00642671,60621.0,20.0,7.0,68.0
13-00642698,60621.0,20.0,7.0,68.0
13-00642676,60621.0,20.0,7.0,68.0
13-00642689,60621.0,20.0,7.0,68.0
13-00644138,60621.0,20.0,7.0,68.0
13-00633672,60621.0,20.0,7.0,68.0
13-00642863,60621.0,20.0,7.0,68.0
13-00626410,60621.0,20.0,7.0,68.0
13-00626135,60621.0,20.0,7.0,68.0
13-00618947,60621.0,20.0,7.0,68.0
13-00620655,60621.0,17.0,7.0,68.0
13-00614384,60621.0,20.0,7.0,68.0
13-00604285,60621.0,3.0,7.0,68.0
13-00604270,60621.0,3.0,7.0,68.0
13-00569778,60621.0,6.0,7.0,69.0
13-00569951,60621.0,17.0,7.0,69.0
13-00569956,60621.0,17.0,7.0,68.0
13-00570740,60621.0,17.0,7.0,68.0
13-00570673,60621.0,17.0,7.0,68.0
13-00556374,60621.0,16.0,7.0,68.0
13-00556355,60621.0,17.0,7.0,68.0
13-00551853,60621.0,20.0,7.0,68.0
13-00541909,60621.0,6.0,7.0,69.0
13-00539998,60621.0,17.0,7.0,68.0
13-00540003,60621.0,17.0,7.0,68.0
13-00540012,60621.0,17.0,7.0,68.0
13-00544198,60621.0,16.0,7.0,68.0
13-00544115,60621.0,17.0,7.0,68.0
13-00527067,60621.0,3.0,2.0,40.0
13-00527092,60621.0,3.0,7.0,68.0
13-00524804,60621.0,16.0,7.0,68.0
13-00525091,60621.0,20.0,7.0,68.0
13-00525096,60621.0,20.0,7.0,68.0
13-00523751,60621.0,20.0,7.0,68.0
13-00523737,60621.0,20.0,7.0,68.0
13-00523709,60621.0,20.0,7.0,68.0
13-00523666,60621.0,20.0,7.0,68.0
13-00523973,60621.0,3.0,7.0,68.0
13-00523962,60621.0,20.0,7.0,68.0
13-00523912,60621.0,20.0,7.0,68.0
13-00523813,60621.0,20.0,7.0,68.0
13-00523953,60621.0,20.0,7.0,68.0
13-00523939,60621.0,20.0,7.0,68.0
13-00524021,60621.0,20.0,7.0,68.0
13-00523987,60621.0,3.0,7.0,68.0
13-00523976,60621.0,20.0,7.0,68.0
13-00524032,60621.0,20.0,7.0,68.0
13-00512843,60621.0,20.0,2.0,68.0
13-00512829,60621.0,20.0,7.0,68.0
13-00509607,60621.0,6.0,7.0,69.0
13-00509620,60621.0,17.0,7.0,68.0
13-00512922,60621.0,20.0,7.0,68.0
13-00512919,60621.0,20.0,7.0,68.0
13-00512912,60621.0,20.0,7.0,68.0
13-00512936,60621.0,20.0,7.0,68.0
13-00428300,60621.0,16.0,7.0,68.0
13-00419436,60621.0,16.0,7.0,68.0
13-00419428,60621.0,20.0,7.0,68.0
13-00408035,60621.0,16.0,7.0,68.0
13-00406503,60621.0,16.0,7.0,68.0
13-00409106,60621.0,16.0,7.0,68.0
13-00383323,60621.0,16.0,7.0,68.0
13-00380697,60621.0,16.0,7.0,68.0
13-00356168,60621.0,16.0,7.0,68.0
13-00356166,60621.0,16.0,7.0,68.0
13-00356161,60621.0,16.0,7.0,68.0
13-00356158,60621.0,16.0,7.0,68.0
13-00356155,60621.0,16.0,7.0,68.0
13-00356244,60621.0,16.0,7.0,68.0
13-00349908,60621.0,3.0,2.0,68.0
13-00326417,60621.0,16.0,7.0,68.0
13-00311052,60621.0,20.0,7.0,68.0
13-00304086,60621.0,20.0,7.0,68.0
13-00303813,60621.0,20.0,7.0,68.0
13-00301558,60621.0,17.0,7.0,68.0
13-00301553,60621.0,17.0,7.0,68.0
13-00301586,60621.0,17.0,7.0,68.0
13-00301569,60621.0,17.0,7.0,68.0
13-00301568,60621.0,17.0,7.0,68.0
13-00301582,60621.0,17.0,7.0,68.0
13-00301598,60621.0,3.0,7.0,68.0
13-00301591,60621.0,20.0,7.0,68.0
13-00303831,60621.0,20.0,7.0,68.0
13-00303810,60621.0,20.0,7.0,68.0
13-00295980,60621.0,20.0,7.0,68.0
13-00205452,60621.0,16.0,7.0,68.0
13-00189328,60621.0,20.0,7.0,68.0
13-00174246,60621.0,20.0,7.0,68.0
13-00167539,60621.0,20.0,7.0,68.0
13-00137293,60621.0,16.0,7.0,68.0
13-00126746,60621.0,17.0,7.0,68.0
13-00126751,60621.0,17.0,7.0,68.0
13-00126755,60621.0,17.0,7.0,68.0
13-00126763,60621.0,17.0,7.0,68.0
13-00126766,60621.0,17.0,7.0,68.0
13-00126770,60621.0,17.0,7.0,68.0
13-00116612,60621.0,16.0,7.0,68.0
13-00116150,60621.0,17.0,7.0,68.0
13-00116230,60621.0,17.0,7.0,68.0
13-00116250,60621.0,17.0,7.0,68.0
13-00116273,60621.0,17.0,7.0,68.0
13-00116299,60621.0,17.0,7.0,68.0
13-00116331,60621.0,17.0,7.0,68.0
13-00116919,60621.0,17.0,7.0,68.0
13-00119245,60621.0,20.0,7.0,68.0
13-00110192,60621.0,16.0,7.0,68.0
13-00094032,60621.0,16.0,7.0,68.0
13-00086004,60621.0,20.0,7.0,68.0
13-00079357,60621.0,20.0,7.0,68.0
13-00038217,60621.0,3.0,2.0,68.0
13-00031821,60621.0,20.0,3.0,69.0
13-00026799,60621.0,3.0,2.0,68.0
13-00021092,60621.0,16.0,7.0,68.0
13-00015980,60621.0,3.0,2.0,68.0
13-00015995,60621.0,3.0,2.0,68.0
13-00008140,60621.0,3.0,2.0,68.0
12-02056038,60621.0,16.0,7.0,68.0
12-02052917,60621.0,16.0,7.0,68.0
12-02043856,60621.0,16.0,7.0,68.0
12-02042004,60621.0,3.0,2.0,68.0
12-02027292,60621.0,16.0,7.0,68.0
12-02020807,60621.0,6.0,7.0,69.0
12-02008241,60621.0,16.0,7.0,68.0
12-02006294,60621.0,16.0,7.0,68.0
12-01993260,60621.0,6.0,7.0,68.0
12-01954992,60621.0,16.0,7.0,68.0
12-01939964,60621.0,3.0,2.0,68.0
12-01933946,60621.0,20.0,7.0,68.0
12-01925340,60621.0,16.0,7.0,68.0
12-01918251,60621.0,17.0,7.0,68.0
12-01915652,60621.0,20.0,7.0,68.0
12-01915647,60621.0,6.0,7.0,68.0
12-01897334,60621.0,6.0,7.0,69.0
12-01897322,60621.0,6.0,7.0,68.0
12-01897301,60621.0,6.0,7.0,68.0
12-01897410,60621.0,3.0,7.0,68.0
12-01891682,60621.0,17.0,7.0,68.0
12-01878341,60621.0,17.0,7.0,68.0
12-01873072,60621.0,17.0,7.0,68.0
12-01870708,60621.0,20.0,7.0,68.0
12-01870701,60621.0,20.0,7.0,68.0
12-01872486,60621.0,17.0,7.0,68.0
12-01868913,60621.0,17.0,7.0,68.0
12-01854120,60621.0,20.0,3.0,69.0
12-01851631,60621.0,16.0,7.0,68.0
12-01852235,60621.0,16.0,7.0,68.0
12-01836896,60621.0,20.0,7.0,68.0
12-01831097,60621.0,20.0,3.0,69.0
12-01806396,60621.0,20.0,7.0,68.0
12-01800049,60621.0,20.0,7.0,68.0
12-01800017,60621.0,20.0,7.0,68.0
12-01794338,60621.0,16.0,7.0,68.0
12-01792370,60621.0,20.0,7.0,68.0
12-01790552,60621.0,16.0,7.0,68.0
12-01783111,60621.0,20.0,3.0,69.0
12-01751207,60621.0,16.0,7.0,68.0
12-01740112,60621.0,20.0,7.0,68.0
12-01725260,60621.0,6.0,7.0,69.0
12-01718973,60621.0,17.0,7.0,68.0
12-01701893,60621.0,16.0,7.0,68.0
12-01692339,60621.0,16.0,7.0,68.0
12-01691453,60621.0,16.0,7.0,68.0
12-01686522,60621.0,17.0,7.0,68.0
12-01685087,60621.0,16.0,7.0,68.0
12-01682008,60621.0,20.0,7.0,68.0
12-01675872,60621.0,16.0,7.0,68.0
12-01667074,60621.0,16.0,7.0,68.0
12-01666827,60621.0,6.0,7.0,69.0
12-01661897,60621.0,20.0,7.0,68.0
12-01661954,60621.0,20.0,7.0,68.0
12-01661903,60621.0,6.0,7.0,68.0
12-01656014,60621.0,16.0,7.0,68.0
12-01656751,60621.0,16.0,7.0,68.0
12-01651090,60621.0,16.0,7.0,68.0
12-01639396,60621.0,20.0,7.0,68.0
12-01639270,60621.0,20.0,7.0,68.0
12-01633078,60621.0,16.0,7.0,68.0
12-01633104,60621.0,20.0,7.0,68.0
12-01621680,60621.0,16.0,7.0,68.0
12-01620248,60621.0,20.0,7.0,68.0
12-01603678,60621.0,16.0,7.0,68.0
12-01601831,60621.0,6.0,7.0,68.0
12-01597147,60621.0,16.0,7.0,68.0
12-01599804,60621.0,16.0,7.0,68.0
12-01599794,60621.0,20.0,7.0,68.0
12-01586158,60621.0,20.0,7.0,68.0
12-01580929,60621.0,16.0,7.0,68.0
12-01579349,60621.0,20.0,7.0,68.0
12-01543706,60621.0,16.0,7.0,68.0
12-01545092,60621.0,20.0,7.0,68.0
12-01541642,60621.0,17.0,7.0,68.0
12-01543602,60621.0,16.0,7.0,68.0
12-01515372,60621.0,17.0,7.0,68.0
12-01513821,60621.0,20.0,7.0,68.0
12-01514530,60621.0,16.0,7.0,68.0
12-01514540,60621.0,16.0,7.0,68.0
12-01487874,60621.0,20.0,2.0,40.0
12-01487914,60621.0,20.0,2.0,40.0
12-01482629,60621.0,20.0,2.0,40.0
12-01476679,60621.0,16.0,7.0,68.0
12-01469328,60621.0,20.0,7.0,68.0
12-01470547,60621.0,20.0,7.0,68.0
12-01468835,60621.0,16.0,7.0,68.0
12-01468481,60621.0,16.0,7.0,68.0
12-01467826,60621.0,20.0,7.0,68.0
12-01458093,60621.0,17.0,7.0,68.0
12-01443051,60621.0,16.0,7.0,68.0
12-01434595,60621.0,16.0,7.0,68.0
12-01431556,60621.0,17.0,7.0,68.0
12-01432328,60621.0,17.0,7.0,68.0
12-01424712,60621.0,20.0,7.0,68.0
12-01424715,60621.0,16.0,7.0,68.0
12-01410584,60621.0,16.0,7.0,68.0
12-01403936,60621.0,16.0,7.0,68.0
12-01403270,60621.0,17.0,7.0,68.0
12-01375833,60621.0,16.0,7.0,68.0
12-01371302,60621.0,20.0,7.0,68.0
12-01363013,60621.0,17.0,7.0,68.0
12-01348212,60621.0,16.0,7.0,68.0
12-01348238,60621.0,16.0,7.0,68.0
12-01344137,60621.0,17.0,7.0,69.0
12-01340475,60621.0,20.0,7.0,68.0
12-01340521,60621.0,20.0,7.0,68.0
12-01324398,60621.0,16.0,7.0,68.0
12-01302343,60621.0,16.0,7.0,68.0
12-01295505,60621.0,16.0,7.0,68.0
12-01291022,60621.0,16.0,7.0,68.0
12-01282541,60621.0,20.0,7.0,68.0
12-01287232,60621.0,16.0,7.0,68.0
12-01287388,60621.0,16.0,7.0,68.0
12-01274360,60621.0,20.0,7.0,68.0
12-01271322,60621.0,16.0,7.0,68.0
12-01271314,60621.0,16.0,7.0,68.0
12-01276190,60621.0,16.0,7.0,68.0
12-01268539,60621.0,20.0,7.0,68.0
12-01246161,60621.0,17.0,7.0,68.0
12-01246677,60621.0,17.0,7.0,68.0
12-01246467,60621.0,6.0,7.0,69.0
12-01231900,60621.0,17.0,7.0,69.0
12-01232921,60621.0,17.0,7.0,68.0
12-01219734,60621.0,16.0,7.0,68.0
12-01215176,60621.0,20.0,7.0,68.0
12-01205045,60621.0,20.0,7.0,68.0
12-01122886,60621.0,17.0,7.0,68.0
12-01118179,60621.0,17.0,7.0,68.0
12-01100929,60621.0,20.0,7.0,68.0
12-01100195,60621.0,16.0,7.0,68.0
12-01093890,60621.0,17.0,7.0,69.0
12-01093499,60621.0,17.0,7.0,68.0
12-01087508,60621.0,16.0,7.0,68.0
12-01083284,60621.0,17.0,7.0,69.0
12-01051947,60621.0,16.0,7.0,68.0
12-01047387,60621.0,16.0,7.0,68.0
12-01044004,60621.0,20.0,7.0,68.0
12-01037223,60621.0,16.0,7.0,68.0
12-01037424,60621.0,20.0,2.0,40.0
12-01027024,60621.0,20.0,7.0,68.0
12-01032657,60621.0,16.0,7.0,68.0
12-01017907,60621.0,17.0,7.0,69.0
12-01012419,60621.0,3.0,7.0,68.0
12-01012450,60621.0,3.0,7.0,68.0
12-01013378,60621.0,3.0,7.0,68.0
12-00964330,60621.0,20.0,7.0,68.0
12-00966107,60621.0,16.0,7.0,68.0
12-00943157,60621.0,17.0,7.0,68.0
12-00914703,60621.0,20.0,7.0,68.0
12-00914683,60621.0,6.0,7.0,68.0
12-00916435,60621.0,17.0,7.0,68.0
12-00832191,60621.0,17.0,7.0,68.0
12-00825766,60621.0,17.0,7.0,68.0
12-00818579,60621.0,16.0,7.0,68.0
12-00812412,60621.0,20.0,2.0,68.0
12-00812672,60621.0,20.0,7.0,68.0
12-00807585,60621.0,16.0,7.0,68.0
12-00774222,60621.0,16.0,7.0,68.0
12-00773878,60621.0,16.0,7.0,68.0
12-00775305,60621.0,6.0,7.0,68.0
12-00766629,60621.0,16.0,7.0,68.0
12-00750879,60621.0,20.0,7.0,68.0
12-00745712,60621.0,6.0,7.0,69.0
12-00750002,60621.0,16.0,7.0,68.0
12-00745728,60621.0,17.0,7.0,69.0
12-00739136,60621.0,6.0,7.0,69.0
12-00720976,60621.0,17.0,7.0,68.0
12-00719761,60621.0,20.0,7.0,68.0
12-00666416,60621.0,16.0,7.0,68.0
12-00659546,60621.0,20.0,7.0,68.0
12-00620800,60621.0,16.0,7.0,68.0
12-00604342,60621.0,16.0,7.0,68.0
12-00604337,60621.0,16.0,7.0,68.0
12-00604334,60621.0,16.0,7.0,68.0
12-00604328,60621.0,16.0,7.0,68.0
12-00569477,60621.0,16.0,7.0,68.0
12-00551983,60621.0,17.0,7.0,68.0
12-00551973,60621.0,17.0,7.0,68.0
12-00541209,60621.0,6.0,7.0,68.0
12-00217162,60621.0,20.0,7.0,68.0
12-00216032,60621.0,20.0,7.0,68.0
12-00216023,60621.0,20.0,7.0,68.0
12-00207952,60621.0,6.0,7.0,68.0
12-00197310,60621.0,3.0,7.0,68.0
12-00133227,60621.0,3.0,7.0,68.0
12-00128535,60621.0,20.0,7.0,68.0
12-00128627,60621.0,3.0,7.0,68.0
12-00128651,60621.0,3.0,7.0,68.0
12-00119112,60621.0,3.0,7.0,68.0
12-00117286,60621.0,3.0,7.0,68.0
12-00117191,60621.0,6.0,7.0,68.0
12-00113063,60621.0,20.0,7.0,68.0
12-00113070,60621.0,20.0,7.0,68.0
12-00102519,60621.0,3.0,7.0,68.0
12-00091092,60621.0,3.0,2.0,68.0
12-00082548,60621.0,3.0,2.0,68.0
12-00077909,60621.0,3.0,2.0,68.0
12-00067439,60621.0,6.0,7.0,68.0
12-00063438,60621.0,3.0,2.0,68.0
12-00064020,60621.0,20.0,7.0,68.0
12-00054821,60621.0,3.0,2.0,68.0
12-00042546,60621.0,17.0,7.0,68.0
12-00034320,60621.0,20.0,7.0,68.0
12-00038986,60621.0,16.0,7.0,68.0
12-00019945,60621.0,6.0,7.0,68.0
12-00011589,60621.0,6.0,7.0,68.0
11-04304425,60621.0,17.0,7.0,68.0
11-04307300,60621.0,3.0,7.0,68.0
11-04299465,60621.0,20.0,7.0,68.0
11-04284706,60621.0,20.0,7.0,68.0
11-04263553,60621.0,16.0,7.0,68.0
11-04263450,60621.0,16.0,7.0,68.0
11-04263539,60621.0,16.0,7.0,68.0
11-04263564,60621.0,20.0,7.0,68.0
11-04263574,60621.0,20.0,7.0,68.0
11-04259784,60621.0,20.0,7.0,68.0
11-04259782,60621.0,20.0,2.0,40.0
11-04259794,60621.0,20.0,7.0,68.0
11-04260125,60621.0,20.0,7.0,68.0
11-04249674,60621.0,20.0,7.0,68.0
11-04247615,60621.0,6.0,7.0,68.0
11-04216266,60621.0,3.0,7.0,68.0
11-04182239,60621.0,20.0,7.0,68.0
11-04168438,60621.0,16.0,7.0,68.0
11-04168424,60621.0,20.0,7.0,68.0
11-04162286,60621.0,20.0,7.0,68.0
11-04162409,60621.0,20.0,7.0,68.0
11-04149468,60621.0,16.0,7.0,68.0
11-04135030,60621.0,16.0,7.0,68.0
11-04135042,60621.0,17.0,7.0,68.0
11-04138667,60621.0,16.0,7.0,68.0
11-04129242,60621.0,20.0,7.0,68.0
11-04129234,60621.0,20.0,7.0,68.0
11-04129228,60621.0,20.0,7.0,68.0
11-04105539,60621.0,20.0,7.0,68.0
11-04105549,60621.0,20.0,7.0,68.0
11-04105542,60621.0,20.0,7.0,68.0
11-04089698,60621.0,20.0,7.0,68.0
11-04080164,60621.0,6.0,7.0,68.0
11-04076374,60621.0,6.0,7.0,69.0
11-04067934,60621.0,20.0,7.0,68.0
11-04068925,60621.0,20.0,7.0,68.0
11-04065019,60621.0,20.0,7.0,68.0
11-04065016,60621.0,16.0,7.0,68.0
11-04065012,60621.0,16.0,7.0,68.0
11-04065007,60621.0,20.0,7.0,68.0
11-04065022,60621.0,16.0,7.0,68.0
11-04065109,60621.0,17.0,7.0,69.0
11-04039962,60621.0,6.0,7.0,68.0
11-03992036,60621.0,16.0,7.0,68.0
11-03977339,60621.0,16.0,7.0,68.0
11-03945441,60621.0,16.0,7.0,68.0
11-03945519,60621.0,6.0,7.0,68.0
11-03926948,60621.0,6.0,7.0,69.0
11-03932260,60621.0,16.0,7.0,68.0
11-03918031,60621.0,3.0,7.0,68.0
11-03918057,60621.0,6.0,7.0,68.0
11-03910616,60621.0,20.0,7.0,68.0
11-03910601,60621.0,17.0,7.0,68.0
11-03910591,60621.0,17.0,7.0,68.0
11-03910596,60621.0,17.0,7.0,68.0
11-03910620,60621.0,6.0,7.0,69.0
11-03907251,60621.0,17.0,7.0,69.0
11-03895853,60621.0,6.0,7.0,68.0
11-03895845,60621.0,20.0,7.0,68.0
11-03862678,60621.0,16.0,7.0,68.0
11-03862648,60621.0,16.0,7.0,68.0
11-03862519,60621.0,16.0,7.0,68.0
11-03862637,60621.0,20.0,7.0,68.0
11-03855588,60621.0,20.0,7.0,68.0
11-03855432,60621.0,20.0,7.0,68.0
11-03856420,60621.0,16.0,7.0,68.0
11-03855901,60621.0,20.0,7.0,68.0
11-03851826,60621.0,20.0,7.0,68.0
11-03847395,60621.0,16.0,7.0,68.0
11-03844460,60621.0,16.0,7.0,68.0
11-03842163,60621.0,20.0,7.0,68.0
11-03842165,60621.0,20.0,7.0,68.0
11-03840036,60621.0,20.0,7.0,68.0
11-03836508,60621.0,20.0,7.0,68.0
11-03840341,60621.0,20.0,7.0,68.0
11-03831910,60621.0,20.0,7.0,68.0
11-03829584,60621.0,6.0,7.0,69.0
11-03823451,60621.0,6.0,7.0,69.0
11-03817454,60621.0,6.0,7.0,69.0
11-03807026,60621.0,20.0,7.0,68.0
11-03804485,60621.0,20.0,7.0,68.0
11-03805807,60621.0,17.0,7.0,68.0
11-03806341,60621.0,17.0,7.0,69.0
11-03811329,60621.0,16.0,7.0,68.0
11-03804501,60621.0,6.0,7.0,69.0
11-03806309,60621.0,17.0,7.0,69.0
11-03806285,60621.0,17.0,7.0,69.0
11-03806325,60621.0,17.0,7.0,69.0
11-03796351,60621.0,16.0,7.0,68.0
11-03796967,60621.0,3.0,7.0,68.0
11-03796957,60621.0,6.0,7.0,68.0
11-03790869,60621.0,17.0,7.0,69.0
11-03778842,60621.0,16.0,7.0,68.0
11-03765610,60621.0,17.0,7.0,68.0
11-03765652,60621.0,17.0,7.0,68.0
11-03765637,60621.0,17.0,7.0,68.0
11-03766822,60621.0,20.0,7.0,68.0
11-03757256,60621.0,20.0,7.0,68.0
11-03757263,60621.0,20.0,7.0,68.0
11-03757289,60621.0,17.0,7.0,68.0
11-03757275,60621.0,17.0,7.0,68.0
11-03759626,60621.0,17.0,7.0,68.0
11-03759619,60621.0,17.0,7.0,68.0
11-03759615,60621.0,17.0,7.0,68.0
11-03749703,60621.0,16.0,7.0,68.0
11-03749698,60621.0,16.0,7.0,68.0
11-03749720,60621.0,6.0,7.0,68.0
11-03749711,60621.0,16.0,7.0,68.0
11-03749735,60621.0,20.0,7.0,68.0
11-03750379,60621.0,20.0,3.0,68.0
11-03742236,60621.0,6.0,7.0,69.0
11-03722866,60621.0,20.0,3.0,68.0
11-03730654,60621.0,20.0,7.0,68.0
11-03713009,60621.0,20.0,7.0,68.0
11-03713043,60621.0,6.0,7.0,69.0
11-03713033,60621.0,6.0,7.0,69.0
11-03706121,60621.0,17.0,7.0,68.0
11-03706645,60621.0,20.0,7.0,68.0
11-03706726,60621.0,16.0,7.0,68.0
11-03706721,60621.0,16.0,7.0,68.0
11-03706684,60621.0,20.0,7.0,68.0
11-03706675,60621.0,20.0,7.0,68.0
11-03706692,60621.0,20.0,7.0,68.0
11-03706708,60621.0,20.0,7.0,68.0
11-03706707,60621.0,20.0,7.0,68.0
11-03706698,60621.0,20.0,7.0,68.0
11-03706747,60621.0,16.0,7.0,68.0
11-03706737,60621.0,16.0,7.0,68.0
11-03698569,60621.0,16.0,7.0,68.0
11-03681238,60621.0,20.0,7.0,68.0
11-03683873,60621.0,20.0,7.0,68.0
11-03681821,60621.0,16.0,7.0,68.0
11-03673539,60621.0,20.0,3.0,40.0
11-03661708,60621.0,17.0,7.0,68.0
11-03665630,60621.0,20.0,7.0,68.0
11-03665568,60621.0,17.0,7.0,68.0
11-03665555,60621.0,17.0,7.0,68.0
11-03665584,60621.0,17.0,7.0,68.0
11-03665514,60621.0,16.0,7.0,68.0
11-03665524,60621.0,16.0,7.0,68.0
11-03665510,60621.0,16.0,7.0,68.0
11-03665613,60621.0,17.0,7.0,68.0
11-03665608,60621.0,17.0,7.0,68.0
11-03665594,60621.0,17.0,7.0,68.0
11-03644842,60621.0,16.0,7.0,68.0
11-03644836,60621.0,16.0,7.0,68.0
11-03644826,60621.0,16.0,7.0,68.0
11-03644816,60621.0,16.0,7.0,68.0
11-03636902,60621.0,16.0,7.0,68.0
11-03639387,60621.0,6.0,7.0,69.0
11-03625174,60621.0,16.0,7.0,68.0
11-03627710,60621.0,6.0,7.0,69.0
11-03601821,60621.0,6.0,7.0,69.0
11-03612551,60621.0,16.0,7.0,68.0
11-03588347,60621.0,17.0,7.0,68.0
11-03576119,60621.0,16.0,7.0,68.0
11-03551359,60621.0,17.0,7.0,68.0
11-03538986,60621.0,17.0,7.0,68.0
11-03538974,60621.0,17.0,7.0,68.0
11-03538949,60621.0,6.0,7.0,68.0
11-03538958,60621.0,6.0,7.0,68.0
11-03536014,60621.0,16.0,7.0,68.0
11-03527699,60621.0,17.0,7.0,68.0
11-03534006,60621.0,16.0,7.0,68.0
11-03500568,60621.0,17.0,7.0,68.0
11-03503999,60621.0,20.0,2.0,40.0
11-03483699,60621.0,6.0,7.0,69.0
11-03466445,60621.0,20.0,7.0,68.0
11-03457537,60621.0,16.0,7.0,68.0
11-03457509,60621.0,16.0,7.0,68.0
11-03415158,60621.0,6.0,7.0,68.0
11-03415152,60621.0,6.0,7.0,68.0
11-03415378,60621.0,6.0,7.0,68.0
11-03415365,60621.0,17.0,7.0,68.0
11-03383885,60621.0,6.0,7.0,68.0
11-03383822,60621.0,6.0,7.0,69.0
11-03383876,60621.0,6.0,7.0,68.0
11-03383813,60621.0,6.0,7.0,68.0
11-03383807,60621.0,6.0,7.0,68.0
11-03383836,60621.0,3.0,7.0,68.0
11-03383864,60621.0,6.0,7.0,68.0
11-03383855,60621.0,6.0,7.0,68.0
11-03383845,60621.0,6.0,7.0,69.0
11-03383903,60621.0,6.0,7.0,68.0
11-03383910,60621.0,6.0,7.0,68.0
11-03380084,60621.0,17.0,7.0,68.0
11-03381015,60621.0,6.0,7.0,68.0
11-03363559,60621.0,17.0,7.0,68.0
11-03363549,60621.0,16.0,7.0,68.0
11-03363522,60621.0,16.0,7.0,68.0
11-03366054,60621.0,20.0,7.0,68.0
11-03344968,60621.0,20.0,7.0,68.0
11-03344925,60621.0,20.0,7.0,68.0
11-03346997,60621.0,16.0,7.0,68.0
11-03335413,60621.0,16.0,7.0,68.0
11-03278750,60621.0,16.0,7.0,68.0
11-03268730,60621.0,16.0,7.0,68.0
11-03237099,60621.0,20.0,7.0,68.0
11-03237171,60621.0,20.0,7.0,68.0
11-03237908,60621.0,20.0,7.0,68.0
11-03237931,60621.0,20.0,7.0,68.0
11-03237895,60621.0,3.0,7.0,68.0
11-03237874,60621.0,20.0,7.0,68.0
11-03237888,60621.0,3.0,7.0,68.0
11-03238868,60621.0,20.0,7.0,68.0
11-03201847,60621.0,17.0,7.0,69.0
11-03182691,60621.0,20.0,7.0,68.0
11-03182730,60621.0,20.0,7.0,68.0
11-03182723,60621.0,3.0,7.0,68.0
11-03182770,60621.0,16.0,7.0,68.0
11-03182941,60621.0,16.0,7.0,68.0
11-03182982,60621.0,16.0,7.0,68.0
11-03182965,60621.0,16.0,7.0,68.0
11-03159126,60621.0,16.0,7.0,68.0
11-02900418,60621.0,17.0,7.0,68.0
11-02912756,60621.0,17.0,7.0,68.0
11-02712129,60621.0,16.0,7.0,68.0
11-02656164,60621.0,17.0,7.0,68.0
11-02656132,60621.0,17.0,7.0,68.0
11-02656105,60621.0,17.0,7.0,68.0
11-02612634,60621.0,16.0,7.0,68.0
11-02529581,60621.0,17.0,7.0,68.0
11-02413366,60621.0,16.0,7.0,68.0
11-02413271,60621.0,16.0,7.0,68.0
11-02413306,60621.0,16.0,7.0,68.0
11-02158471,60621.0,16.0,7.0,68.0
11-02089094,60621.0,16.0,7.0,68.0
11-02044305,60621.0,16.0,7.0,68.0
11-02058087,60621.0,17.0,7.0,69.0
11-01870430,60621.0,6.0,7.0,68.0
11-01870396,60621.0,6.0,7.0,68.0
11-01870387,60621.0,17.0,7.0,68.0
11-01871517,60621.0,20.0,7.0,68.0
11-01871505,60621.0,20.0,7.0,68.0
11-01871351,60621.0,20.0,7.0,68.0
11-01872228,60621.0,20.0,7.0,68.0
11-01872156,60621.0,20.0,7.0,68.0
11-01870748,60621.0,17.0,7.0,68.0
11-01869302,60621.0,16.0,7.0,68.0
11-01796683,60621.0,20.0,7.0,68.0
11-01797686,60621.0,20.0,7.0,68.0
11-01796746,60621.0,20.0,7.0,68.0
11-01797292,60621.0,20.0,7.0,68.0
11-01798081,60621.0,16.0,7.0,68.0
11-01801752,60621.0,17.0,7.0,68.0
11-01691050,60621.0,16.0,7.0,68.0
11-01663713,60621.0,6.0,7.0,68.0
11-01624871,60621.0,20.0,7.0,68.0
11-01624945,60621.0,6.0,7.0,69.0
11-01556586,60621.0,16.0,7.0,68.0
11-01421826,60621.0,16.0,7.0,68.0
11-01390411,60621.0,6.0,7.0,68.0
11-01389852,60621.0,6.0,7.0,68.0
11-01389797,60621.0,6.0,7.0,68.0
11-01337107,60621.0,6.0,7.0,68.0
11-01242393,60621.0,3.0,2.0,68.0
11-01242285,60621.0,16.0,7.0,68.0
11-01242264,60621.0,16.0,7.0,68.0
11-01242536,60621.0,16.0,7.0,68.0
11-01242684,60621.0,20.0,7.0,68.0
11-01242611,60621.0,16.0,7.0,68.0
11-01242645,60621.0,20.0,7.0,68.0
11-01240489,60621.0,17.0,7.0,68.0
11-01240033,60621.0,17.0,7.0,68.0
11-01218411,60621.0,16.0,7.0,68.0
11-01210920,60621.0,20.0,7.0,68.0
11-01182721,60621.0,20.0,3.0,40.0
11-01152556,60621.0,20.0,3.0,40.0
11-01122824,60621.0,17.0,7.0,68.0
11-01036265,60621.0,16.0,7.0,68.0
11-01036100,60621.0,16.0,7.0,68.0
11-01039143,60621.0,16.0,7.0,68.0
11-01039149,60621.0,16.0,7.0,68.0
11-01038891,60621.0,3.0,7.0,68.0
11-00802934,60621.0,16.0,7.0,68.0
11-00787997,60621.0,16.0,7.0,68.0
11-00778624,60621.0,16.0,7.0,68.0
11-00757620,60621.0,20.0,3.0,68.0
11-00716697,60621.0,16.0,7.0,68.0
11-00694670,60621.0,16.0,7.0,68.0
11-00657437,60621.0,16.0,7.0,68.0
11-00653051,60621.0,16.0,7.0,68.0
11-00630223,60621.0,16.0,7.0,68.0
11-00630204,60621.0,16.0,7.0,68.0
11-00630181,60621.0,20.0,7.0,68.0
11-00630159,60621.0,20.0,7.0,68.0
11-00630232,60621.0,20.0,7.0,68.0
11-00636162,60621.0,6.0,7.0,68.0
11-00560869,60621.0,20.0,7.0,68.0
11-00563272,60621.0,20.0,7.0,68.0
11-00547640,60621.0,20.0,7.0,68.0
11-00525924,60621.0,20.0,7.0,68.0
11-00516415,60621.0,20.0,7.0,68.0
11-00474608,60621.0,16.0,7.0,68.0
11-00440545,60621.0,20.0,7.0,68.0
11-00437195,60621.0,16.0,7.0,68.0
11-00437184,60621.0,16.0,7.0,68.0
11-00436987,60621.0,20.0,7.0,68.0
11-00437224,60621.0,6.0,7.0,68.0
11-00437215,60621.0,6.0,7.0,68.0
11-00437205,60621.0,6.0,7.0,68.0
11-00437281,60621.0,17.0,7.0,68.0
11-00437301,60621.0,17.0,7.0,68.0
11-00426341,60621.0,6.0,7.0,68.0
11-00422294,60621.0,16.0,7.0,68.0
11-00422143,60621.0,16.0,7.0,68.0
11-00393946,60621.0,20.0,7.0,68.0
11-00336099,60621.0,20.0,7.0,68.0
11-00336007,60621.0,20.0,7.0,68.0
11-00281150,60621.0,6.0,7.0,68.0
11-00264266,60621.0,6.0,7.0,68.0
11-00159336,60621.0,20.0,7.0,68.0
11-00159591,60621.0,16.0,7.0,68.0
11-00159645,60621.0,16.0,7.0,68.0
11-00159653,60621.0,16.0,7.0,68.0
11-00159661,60621.0,16.0,7.0,68.0
11-00125029,60621.0,20.0,7.0,68.0
11-00119288,60621.0,20.0,2.0,40.0
11-00100002,60621.0,17.0,7.0,68.0
11-00103908,60621.0,17.0,7.0,68.0
11-00082700,60621.0,16.0,7.0,68.0
11-00082674,60621.0,17.0,7.0,68.0
11-00082137,60621.0,20.0,2.0,40.0
11-00070739,60621.0,20.0,7.0,68.0
11-00060705,60621.0,16.0,7.0,68.0
11-00050174,60621.0,6.0,7.0,68.0
11-00050159,60621.0,6.0,7.0,68.0
11-00050199,60621.0,16.0,7.0,68.0
11-00050210,60621.0,16.0,7.0,68.0
11-00050217,60621.0,20.0,7.0,68.0
11-00050223,60621.0,16.0,7.0,68.0
11-00052049,60621.0,17.0,7.0,68.0
11-00013863,60621.0,16.0,7.0,68.0
15-04726325,60621.0,20.0,7.0,68.0
