15-04829374,60637.0,5.0,3.0,41.0
15-04822674,60637.0,5.0,2.0,41.0
15-04822427,60637.0,5.0,2.0,41.0
15-04670993,60637.0,20.0,3.0,42.0
15-04671004,60637.0,5.0,2.0,41.0
15-04622168,60637.0,5.0,2.0,41.0
15-04566912,60637.0,5.0,3.0,42.0
15-04566769,60637.0,20.0,3.0,42.0
15-04433932,60637.0,20.0,3.0,42.0
15-04375805,60637.0,5.0,3.0,43.0
15-03902501,60637.0,5.0,2.0,41.0
15-03890032,60637.0,20.0,3.0,42.0
15-03889913,60637.0,5.0,2.0,41.0
15-03889985,60637.0,20.0,3.0,42.0
15-03841994,60637.0,20.0,3.0,42.0
15-03752982,60637.0,5.0,3.0,41.0
15-03750414,60637.0,20.0,3.0,42.0
15-03752986,60637.0,5.0,2.0,41.0
15-03703761,60637.0,20.0,3.0,42.0
15-03705134,60637.0,20.0,3.0,42.0
15-03681656,60637.0,5.0,2.0,41.0
15-03657182,60637.0,5.0,2.0,41.0
15-03659778,60637.0,20.0,3.0,42.0
15-03659829,60637.0,20.0,3.0,42.0
15-03634748,60637.0,20.0,3.0,42.0
15-03590503,60637.0,20.0,2.0,40.0
15-03564794,60637.0,20.0,3.0,42.0
15-03564807,60637.0,20.0,3.0,42.0
15-03564855,60637.0,20.0,3.0,42.0
15-03564788,60637.0,20.0,2.0,42.0
15-03530971,60637.0,20.0,3.0,42.0
15-03472581,60637.0,5.0,2.0,41.0
15-03472615,60637.0,5.0,2.0,41.0
15-03391129,60637.0,5.0,3.0,42.0
15-03255196,60637.0,5.0,2.0,41.0
15-03218110,60637.0,20.0,3.0,42.0
15-03137438,60637.0,5.0,3.0,42.0
15-03142166,60637.0,20.0,3.0,42.0
15-03110090,60637.0,5.0,3.0,42.0
15-03066526,60637.0,5.0,2.0,41.0
15-03066501,60637.0,5.0,2.0,41.0
15-03066214,60637.0,5.0,2.0,41.0
15-02959233,60637.0,5.0,2.0,41.0
15-02915782,60637.0,20.0,3.0,42.0
15-02902990,60637.0,20.0,3.0,42.0
15-02873577,60637.0,20.0,3.0,42.0
15-02610511,60637.0,20.0,3.0,42.0
15-02610619,60637.0,20.0,3.0,42.0
15-02174802,60637.0,5.0,3.0,43.0
15-02148788,60637.0,20.0,2.0,40.0
15-02114519,60637.0,5.0,3.0,43.0
15-02067842,60637.0,20.0,2.0,40.0
15-01978751,60637.0,20.0,2.0,40.0
15-01952740,60637.0,5.0,3.0,42.0
15-01952725,60637.0,5.0,3.0,69.0
15-01882263,60637.0,6.0,3.0,69.0
15-01699833,60637.0,5.0,2.0,41.0
15-01661879,60637.0,5.0,2.0,41.0
15-01661281,60637.0,5.0,2.0,41.0
15-01664229,60637.0,20.0,3.0,69.0
15-01672270,60637.0,20.0,3.0,69.0
15-01529374,60637.0,20.0,3.0,69.0
15-01366393,60637.0,20.0,3.0,42.0
15-01374276,60637.0,5.0,2.0,41.0
15-01375410,60637.0,5.0,2.0,41.0
15-01375502,60637.0,5.0,2.0,41.0
15-01319819,60637.0,5.0,3.0,42.0
15-01288841,60637.0,5.0,2.0,41.0
15-01274006,60637.0,5.0,2.0,41.0
15-01274006,60637.0,5.0,2.0,41.0
15-01242826,60637.0,20.0,3.0,42.0
15-01242826,60637.0,20.0,3.0,42.0
15-01162126,60637.0,5.0,2.0,41.0
15-01068533,60637.0,20.0,2.0,40.0
15-01043061,60637.0,5.0,2.0,41.0
15-00900668,60637.0,20.0,3.0,69.0
15-00878228,60637.0,5.0,2.0,41.0
15-00835833,60637.0,6.0,3.0,69.0
15-00835841,60637.0,20.0,3.0,69.0
15-00826609,60637.0,20.0,3.0,42.0
15-00812443,60637.0,20.0,3.0,42.0
15-00787067,60637.0,5.0,2.0,41.0
15-00694514,60637.0,5.0,2.0,41.0
15-00529143,60637.0,5.0,2.0,41.0
15-00463655,60637.0,20.0,3.0,42.0
15-00307819,60637.0,20.0,3.0,42.0
15-00276933,60637.0,20.0,3.0,40.0
15-00276929,60637.0,20.0,2.0,40.0
15-00276920,60637.0,20.0,2.0,40.0
15-00244330,60637.0,20.0,3.0,42.0
15-00238424,60637.0,20.0,3.0,42.0
15-00225183,60637.0,20.0,3.0,42.0
15-00190086,60637.0,5.0,3.0,43.0
15-00183415,60637.0,5.0,3.0,69.0
15-00153327,60637.0,5.0,2.0,41.0
15-00153310,60637.0,5.0,2.0,41.0
15-00153307,60637.0,5.0,2.0,41.0
15-00127647,60637.0,20.0,2.0,40.0
15-00107812,60637.0,5.0,3.0,43.0
15-00090173,60637.0,5.0,2.0,41.0
15-00090191,60637.0,5.0,2.0,41.0
15-00035825,60637.0,20.0,3.0,40.0
14-02180877,60637.0,5.0,3.0,42.0
14-02180872,60637.0,5.0,3.0,42.0
14-02180874,60637.0,5.0,3.0,42.0
14-02163680,60637.0,5.0,2.0,41.0
14-02133805,60637.0,5.0,2.0,41.0
14-02112747,60637.0,5.0,3.0,42.0
14-02110132,60637.0,5.0,3.0,42.0
14-02096979,60637.0,5.0,3.0,42.0
14-02103114,60637.0,5.0,3.0,42.0
14-02103148,60637.0,5.0,3.0,42.0
14-02103129,60637.0,5.0,3.0,42.0
14-02094552,60637.0,5.0,3.0,42.0
14-02094172,60637.0,5.0,2.0,41.0
14-02094162,60637.0,5.0,3.0,42.0
14-02094160,60637.0,5.0,3.0,42.0
14-02094155,60637.0,5.0,3.0,42.0
14-02074745,60637.0,6.0,3.0,69.0
14-02053691,60637.0,5.0,2.0,41.0
14-02051360,60637.0,5.0,2.0,41.0
14-02027839,60637.0,6.0,3.0,42.0
14-02015390,60637.0,6.0,3.0,42.0
14-02012047,60637.0,20.0,3.0,42.0
14-02006050,60637.0,6.0,3.0,42.0
14-01999424,60637.0,5.0,2.0,41.0
14-01984965,60637.0,20.0,3.0,42.0
14-01968417,60637.0,20.0,3.0,42.0
14-01965634,60637.0,5.0,2.0,41.0
14-01945221,60637.0,5.0,3.0,41.0
14-01944551,60637.0,20.0,3.0,42.0
14-01932265,60637.0,5.0,2.0,41.0
14-01932262,60637.0,5.0,2.0,41.0
14-01926502,60637.0,20.0,3.0,42.0
14-01925598,60637.0,20.0,3.0,42.0
14-01916020,60637.0,5.0,2.0,41.0
14-01916022,60637.0,5.0,2.0,41.0
14-01914030,60637.0,20.0,3.0,42.0
14-01914594,60637.0,20.0,3.0,42.0
14-01912246,60637.0,6.0,3.0,69.0
14-01911599,60637.0,20.0,3.0,42.0
14-01911595,60637.0,20.0,3.0,42.0
14-01900658,60637.0,5.0,2.0,41.0
14-01878757,60637.0,6.0,3.0,69.0
14-01882248,60637.0,5.0,3.0,42.0
14-01883166,60637.0,20.0,3.0,42.0
14-01872112,60637.0,20.0,2.0,40.0
14-01872103,60637.0,6.0,3.0,42.0
14-01852910,60637.0,20.0,3.0,42.0
14-01852922,60637.0,20.0,2.0,40.0
14-01837295,60637.0,20.0,3.0,42.0
14-01822808,60637.0,5.0,3.0,43.0
14-01822801,60637.0,5.0,3.0,43.0
14-01795815,60637.0,5.0,3.0,43.0
14-01795801,60637.0,5.0,3.0,43.0
14-01790591,60637.0,5.0,2.0,41.0
14-01774599,60637.0,5.0,3.0,43.0
14-01773915,60637.0,20.0,3.0,42.0
14-01775329,60637.0,5.0,3.0,43.0
14-01763573,60637.0,5.0,2.0,41.0
14-01760752,60637.0,5.0,2.0,41.0
14-01754019,60637.0,20.0,3.0,40.0
14-01751019,60637.0,20.0,3.0,42.0
14-01752534,60637.0,5.0,2.0,41.0
14-01677163,60637.0,5.0,2.0,41.0
14-01673783,60637.0,20.0,3.0,42.0
14-01659077,60637.0,20.0,3.0,42.0
14-01664235,60637.0,5.0,2.0,41.0
14-01665108,60637.0,5.0,2.0,41.0
14-01648013,60637.0,5.0,3.0,43.0
14-01655227,60637.0,5.0,2.0,41.0
14-01655212,60637.0,5.0,2.0,41.0
14-01639030,60637.0,20.0,3.0,42.0
14-01632663,60637.0,5.0,2.0,41.0
14-01632645,60637.0,5.0,2.0,41.0
14-01622441,60637.0,5.0,3.0,69.0
14-01610533,60637.0,20.0,3.0,42.0
14-01603434,60637.0,20.0,3.0,42.0
14-01598313,60637.0,5.0,2.0,41.0
14-01594803,60637.0,20.0,3.0,42.0
14-01594804,60637.0,20.0,3.0,42.0
14-01588368,60637.0,6.0,3.0,42.0
14-01563777,60637.0,20.0,3.0,69.0
14-01550867,60637.0,20.0,3.0,69.0
14-01529816,60637.0,5.0,2.0,41.0
14-01534113,60637.0,5.0,2.0,41.0
14-01509849,60637.0,20.0,2.0,40.0
14-01501156,60637.0,5.0,2.0,41.0
14-01501147,60637.0,20.0,3.0,42.0
14-01501366,60637.0,5.0,2.0,41.0
14-01501310,60637.0,5.0,2.0,41.0
14-01501272,60637.0,5.0,2.0,41.0
14-01501245,60637.0,5.0,2.0,41.0
14-01485922,60637.0,5.0,2.0,41.0
14-01484784,60637.0,20.0,3.0,42.0
14-01484094,60637.0,6.0,3.0,69.0
14-01474866,60637.0,5.0,3.0,42.0
14-01470047,60637.0,5.0,3.0,42.0
14-01470035,60637.0,5.0,3.0,43.0
14-01458150,60637.0,5.0,2.0,41.0
14-01457793,60637.0,6.0,3.0,69.0
14-01444039,60637.0,20.0,2.0,40.0
14-01440242,60637.0,6.0,3.0,69.0
14-01438342,60637.0,5.0,2.0,41.0
14-01435882,60637.0,20.0,2.0,40.0
14-01435834,60637.0,20.0,2.0,40.0
14-01429156,60637.0,5.0,3.0,42.0
14-01426032,60637.0,20.0,2.0,40.0
14-01426027,60637.0,20.0,2.0,40.0
14-01420585,60637.0,5.0,3.0,42.0
14-01376970,60637.0,20.0,3.0,69.0
14-01377147,60637.0,20.0,3.0,69.0
14-01368528,60637.0,20.0,3.0,42.0
14-01366333,60637.0,5.0,2.0,41.0
14-01366736,60637.0,20.0,2.0,40.0
14-01370084,60637.0,6.0,3.0,42.0
14-01341961,60637.0,20.0,3.0,42.0
14-01341958,60637.0,20.0,3.0,42.0
14-01339373,60637.0,20.0,3.0,42.0
14-01339970,60637.0,20.0,3.0,42.0
14-01336144,60637.0,20.0,3.0,42.0
14-01314910,60637.0,20.0,3.0,42.0
14-01309386,60637.0,20.0,3.0,42.0
14-01270391,60637.0,20.0,3.0,42.0
14-01270427,60637.0,5.0,3.0,41.0
14-01269763,60637.0,5.0,3.0,41.0
14-01209130,60637.0,5.0,3.0,42.0
14-01209148,60637.0,5.0,3.0,42.0
14-01209161,60637.0,20.0,3.0,42.0
14-01209158,60637.0,20.0,3.0,42.0
14-01197649,60637.0,5.0,3.0,42.0
14-01191198,60637.0,5.0,2.0,41.0
14-01190745,60637.0,5.0,2.0,41.0
14-01190733,60637.0,5.0,2.0,41.0
14-01190727,60637.0,5.0,2.0,41.0
14-01183150,60637.0,5.0,2.0,41.0
14-01185370,60637.0,5.0,3.0,41.0
14-01169471,60637.0,5.0,2.0,41.0
14-01169428,60637.0,5.0,2.0,41.0
14-01152480,60637.0,6.0,3.0,42.0
14-01140406,60637.0,5.0,3.0,42.0
14-01109916,60637.0,5.0,3.0,42.0
14-01073828,60637.0,20.0,3.0,42.0
14-01034777,60637.0,20.0,3.0,42.0
14-01035919,60637.0,20.0,2.0,40.0
14-01028437,60637.0,20.0,2.0,40.0
14-00970616,60637.0,20.0,3.0,42.0
14-00961779,60637.0,5.0,3.0,41.0
14-00933384,60637.0,20.0,3.0,42.0
14-00911649,60637.0,20.0,3.0,42.0
14-00912927,60637.0,20.0,3.0,42.0
14-00907839,60637.0,5.0,2.0,41.0
14-00879989,60637.0,20.0,3.0,42.0
14-00875017,60637.0,5.0,2.0,41.0
14-00874996,60637.0,20.0,3.0,40.0
14-00874993,60637.0,20.0,3.0,40.0
14-00874985,60637.0,20.0,3.0,40.0
14-00828673,60637.0,5.0,3.0,41.0
14-00804742,60637.0,6.0,3.0,69.0
14-00786392,60637.0,20.0,3.0,40.0
14-00789411,60637.0,5.0,3.0,42.0
14-00761244,60637.0,20.0,3.0,42.0
14-00744832,60637.0,20.0,3.0,40.0
14-00728606,60637.0,20.0,3.0,42.0
14-00728608,60637.0,20.0,3.0,42.0
14-00728607,60637.0,20.0,3.0,42.0
14-00703394,60637.0,20.0,3.0,42.0
14-00651466,60637.0,5.0,3.0,42.0
14-00651455,60637.0,20.0,3.0,42.0
14-00651463,60637.0,5.0,3.0,42.0
14-00651451,60637.0,5.0,3.0,42.0
14-00602995,60637.0,6.0,3.0,69.0
14-00592291,60637.0,6.0,3.0,42.0
14-00592289,60637.0,6.0,3.0,42.0
14-00587635,60637.0,6.0,3.0,69.0
14-00578548,60637.0,6.0,3.0,42.0
14-00582204,60637.0,5.0,2.0,41.0
14-00582190,60637.0,5.0,2.0,41.0
14-00562619,60637.0,5.0,3.0,43.0
14-00545039,60637.0,20.0,3.0,42.0
14-00537898,60637.0,20.0,3.0,42.0
14-00535606,60637.0,5.0,2.0,41.0
14-00523512,60637.0,20.0,2.0,40.0
14-00518734,60637.0,20.0,2.0,40.0
14-00500734,60637.0,20.0,2.0,42.0
14-00500728,60637.0,20.0,2.0,42.0
14-00500718,60637.0,20.0,2.0,40.0
14-00500938,60637.0,20.0,2.0,42.0
14-00500939,60637.0,20.0,2.0,42.0
14-00468603,60637.0,20.0,3.0,42.0
14-00468571,60637.0,20.0,3.0,42.0
14-00468563,60637.0,20.0,3.0,42.0
14-00468556,60637.0,20.0,3.0,42.0
14-00456235,60637.0,20.0,3.0,42.0
14-00455834,60637.0,20.0,3.0,42.0
14-00446226,60637.0,5.0,2.0,41.0
14-00446217,60637.0,5.0,2.0,41.0
14-00344533,60637.0,5.0,2.0,41.0
14-00306951,60637.0,20.0,2.0,42.0
14-00250574,60637.0,20.0,2.0,40.0
14-00242549,60637.0,5.0,2.0,41.0
14-00211152,60637.0,5.0,3.0,42.0
14-00211161,60637.0,5.0,3.0,42.0
14-00185972,60637.0,20.0,3.0,42.0
14-00175061,60637.0,5.0,3.0,43.0
14-00163746,60637.0,5.0,3.0,42.0
14-00152132,60637.0,20.0,3.0,42.0
14-00152131,60637.0,20.0,3.0,42.0
14-00135398,60637.0,5.0,3.0,43.0
14-00055818,60637.0,20.0,3.0,42.0
14-00033579,60637.0,5.0,2.0,41.0
13-01911975,60637.0,20.0,3.0,42.0
13-01840342,60637.0,20.0,3.0,69.0
13-01835710,60637.0,20.0,3.0,42.0
13-01831089,60637.0,5.0,3.0,42.0
13-01831106,60637.0,5.0,3.0,42.0
13-01831101,60637.0,5.0,3.0,42.0
13-01822619,60637.0,20.0,3.0,42.0
13-01812789,60637.0,20.0,3.0,42.0
13-01803110,60637.0,5.0,3.0,42.0
13-01804426,60637.0,5.0,2.0,41.0
13-01792742,60637.0,20.0,3.0,42.0
13-01792731,60637.0,20.0,3.0,42.0
13-01792723,60637.0,20.0,3.0,42.0
13-01754246,60637.0,20.0,2.0,40.0
13-01754341,60637.0,20.0,2.0,40.0
13-01741922,60637.0,20.0,2.0,40.0
13-01727294,60637.0,5.0,3.0,42.0
13-01727268,60637.0,5.0,3.0,42.0
13-01727088,60637.0,20.0,3.0,42.0
13-01727198,60637.0,5.0,3.0,41.0
13-01727222,60637.0,5.0,2.0,41.0
13-01727209,60637.0,5.0,3.0,42.0
13-01727313,60637.0,5.0,3.0,42.0
13-01727646,60637.0,5.0,3.0,42.0
13-01727639,60637.0,5.0,3.0,42.0
13-01727343,60637.0,5.0,3.0,42.0
13-01727629,60637.0,5.0,3.0,42.0
13-01727407,60637.0,5.0,3.0,42.0
13-01727370,60637.0,5.0,3.0,42.0
13-01727347,60637.0,5.0,3.0,42.0
13-01727569,60637.0,5.0,3.0,42.0
13-01727618,60637.0,20.0,3.0,42.0
13-01727598,60637.0,20.0,3.0,42.0
13-01727595,60637.0,5.0,3.0,42.0
13-01727167,60637.0,20.0,3.0,40.0
13-01722515,60637.0,20.0,2.0,40.0
13-01710146,60637.0,5.0,2.0,41.0
13-01710042,60637.0,5.0,2.0,41.0
13-01710025,60637.0,5.0,2.0,41.0
13-01710055,60637.0,5.0,2.0,41.0
13-01699617,60637.0,5.0,2.0,41.0
13-01702413,60637.0,20.0,3.0,42.0
13-01702112,60637.0,20.0,3.0,42.0
13-01691471,60637.0,5.0,3.0,42.0
13-01691443,60637.0,20.0,3.0,42.0
13-01686049,60637.0,5.0,2.0,41.0
13-01684531,60637.0,5.0,2.0,41.0
13-01675068,60637.0,20.0,3.0,42.0
13-01676105,60637.0,5.0,2.0,41.0
13-01676075,60637.0,5.0,2.0,41.0
13-01669752,60637.0,6.0,3.0,69.0
13-01620219,60637.0,5.0,2.0,41.0
13-01597712,60637.0,20.0,2.0,40.0
13-01580598,60637.0,20.0,3.0,42.0
13-01516553,60637.0,5.0,2.0,41.0
13-01507591,60637.0,6.0,3.0,69.0
13-01498959,60637.0,5.0,3.0,42.0
13-01491492,60637.0,20.0,3.0,42.0
13-01491515,60637.0,20.0,3.0,42.0
13-01484871,60637.0,20.0,3.0,69.0
13-01479576,60637.0,20.0,3.0,42.0
13-01479567,60637.0,20.0,3.0,42.0
13-01479644,60637.0,5.0,2.0,41.0
13-01479777,60637.0,5.0,2.0,41.0
13-01458398,60637.0,20.0,3.0,42.0
13-01444440,60637.0,5.0,2.0,41.0
13-01421193,60637.0,20.0,3.0,69.0
13-01423861,60637.0,20.0,3.0,42.0
13-01408847,60637.0,6.0,3.0,69.0
13-01405789,60637.0,5.0,2.0,41.0
13-01405877,60637.0,5.0,2.0,41.0
13-01405972,60637.0,5.0,2.0,41.0
13-01405943,60637.0,5.0,2.0,41.0
13-01399258,60637.0,5.0,3.0,41.0
13-01386844,60637.0,5.0,2.0,41.0
13-01371322,60637.0,6.0,3.0,69.0
13-01366019,60637.0,20.0,3.0,42.0
13-01361153,60637.0,20.0,3.0,42.0
13-01361104,60637.0,20.0,3.0,42.0
13-01361150,60637.0,20.0,3.0,69.0
13-01360847,60637.0,20.0,3.0,69.0
13-01360843,60637.0,20.0,3.0,69.0
13-01360882,60637.0,20.0,3.0,40.0
13-01360870,60637.0,20.0,3.0,42.0
13-01361067,60637.0,20.0,3.0,69.0
13-01356493,60637.0,6.0,3.0,69.0
13-01361007,60637.0,20.0,3.0,40.0
13-01360993,60637.0,20.0,3.0,69.0
13-01360959,60637.0,20.0,3.0,69.0
13-01361157,60637.0,20.0,2.0,40.0
13-01361149,60637.0,20.0,2.0,40.0
13-01361119,60637.0,20.0,3.0,40.0
13-01361028,60637.0,20.0,3.0,40.0
13-01361063,60637.0,20.0,3.0,40.0
13-01361183,60637.0,20.0,2.0,40.0
13-01350922,60637.0,5.0,3.0,41.0
13-01338097,60637.0,5.0,3.0,42.0
13-01339734,60637.0,5.0,2.0,41.0
13-01339570,60637.0,5.0,2.0,41.0
13-01339551,60637.0,20.0,3.0,42.0
13-01337763,60637.0,5.0,2.0,41.0
13-01329027,60637.0,5.0,3.0,41.0
13-01332623,60637.0,20.0,3.0,69.0
13-01322020,60637.0,20.0,3.0,42.0
13-01321875,60637.0,20.0,3.0,42.0
13-01321962,60637.0,20.0,2.0,40.0
13-01317205,60637.0,5.0,3.0,41.0
13-01308839,60637.0,5.0,2.0,41.0
13-01305726,60637.0,5.0,2.0,41.0
13-01306070,60637.0,20.0,3.0,42.0
13-01291327,60637.0,5.0,2.0,41.0
13-01298640,60637.0,5.0,3.0,43.0
13-01291415,60637.0,5.0,2.0,41.0
13-01284499,60637.0,5.0,3.0,42.0
13-01273261,60637.0,20.0,3.0,42.0
13-01273241,60637.0,20.0,3.0,42.0
13-01273089,60637.0,20.0,3.0,42.0
13-01273227,60637.0,20.0,3.0,42.0
13-01273216,60637.0,20.0,3.0,42.0
13-01273289,60637.0,20.0,3.0,42.0
13-01273274,60637.0,20.0,3.0,42.0
13-01253305,60637.0,20.0,3.0,42.0
13-01235879,60637.0,20.0,3.0,42.0
13-01231243,60637.0,20.0,2.0,40.0
13-01231219,60637.0,20.0,2.0,40.0
13-01234035,60637.0,5.0,3.0,69.0
13-01204968,60637.0,20.0,3.0,40.0
13-01204931,60637.0,20.0,3.0,40.0
13-01204914,60637.0,20.0,3.0,69.0
13-01205451,60637.0,20.0,3.0,40.0
13-01205049,60637.0,20.0,3.0,42.0
13-01205034,60637.0,20.0,3.0,40.0
13-01205024,60637.0,5.0,2.0,41.0
13-01205022,60637.0,20.0,3.0,69.0
13-01206359,60637.0,5.0,3.0,42.0
13-01204907,60637.0,20.0,3.0,42.0
13-01205160,60637.0,20.0,3.0,40.0
13-01205141,60637.0,20.0,3.0,69.0
13-01205438,60637.0,20.0,3.0,40.0
13-01205429,60637.0,20.0,3.0,40.0
13-01205398,60637.0,20.0,3.0,40.0
13-01205674,60637.0,20.0,3.0,40.0
13-01205637,60637.0,20.0,3.0,42.0
13-01205635,60637.0,20.0,3.0,69.0
13-01205655,60637.0,20.0,3.0,40.0
13-01205648,60637.0,20.0,3.0,40.0
13-01199665,60637.0,5.0,3.0,42.0
13-01178749,60637.0,20.0,3.0,42.0
13-01178592,60637.0,20.0,3.0,40.0
13-01178555,60637.0,20.0,3.0,40.0
13-01178707,60637.0,20.0,3.0,42.0
13-01178622,60637.0,20.0,3.0,42.0
13-01178662,60637.0,20.0,3.0,42.0
13-01178866,60637.0,20.0,3.0,42.0
13-01179409,60637.0,20.0,3.0,42.0
13-01179432,60637.0,20.0,3.0,42.0
13-01176973,60637.0,20.0,3.0,40.0
13-01176948,60637.0,20.0,3.0,69.0
13-01177010,60637.0,20.0,3.0,40.0
13-01176993,60637.0,20.0,3.0,40.0
13-01177021,60637.0,20.0,3.0,40.0
13-01177123,60637.0,5.0,2.0,41.0
13-01177112,60637.0,5.0,2.0,41.0
13-01165779,60637.0,20.0,3.0,40.0
13-01166369,60637.0,20.0,3.0,42.0
13-01166243,60637.0,20.0,2.0,42.0
13-01166233,60637.0,20.0,2.0,42.0
13-01166259,60637.0,20.0,3.0,42.0
13-01166284,60637.0,20.0,2.0,42.0
13-01166269,60637.0,20.0,3.0,42.0
13-01166276,60637.0,20.0,3.0,42.0
13-01166305,60637.0,20.0,3.0,42.0
13-01165776,60637.0,20.0,3.0,40.0
13-01165659,60637.0,20.0,3.0,40.0
13-01165650,60637.0,20.0,3.0,69.0
13-01166385,60637.0,20.0,3.0,42.0
13-01165770,60637.0,20.0,3.0,40.0
13-01165726,60637.0,20.0,3.0,42.0
13-01165716,60637.0,20.0,3.0,40.0
13-01165697,60637.0,20.0,3.0,40.0
13-01165695,60637.0,20.0,3.0,40.0
13-01165674,60637.0,20.0,3.0,40.0
13-01165678,60637.0,20.0,3.0,40.0
13-01165691,60637.0,20.0,3.0,40.0
13-01165684,60637.0,20.0,3.0,40.0
13-01165704,60637.0,20.0,3.0,40.0
13-01165702,60637.0,20.0,3.0,40.0
13-01165724,60637.0,20.0,3.0,40.0
13-01165763,60637.0,20.0,3.0,40.0
13-01165731,60637.0,20.0,3.0,42.0
13-01165749,60637.0,20.0,3.0,40.0
13-01165736,60637.0,20.0,3.0,69.0
13-01165925,60637.0,20.0,3.0,42.0
13-01165919,60637.0,20.0,3.0,42.0
13-01166428,60637.0,20.0,3.0,42.0
13-01166423,60637.0,20.0,3.0,42.0
13-01166416,60637.0,20.0,3.0,42.0
13-01166398,60637.0,20.0,3.0,42.0
13-01166407,60637.0,20.0,3.0,42.0
13-01166054,60637.0,20.0,3.0,42.0
13-01158924,60637.0,20.0,3.0,42.0
13-01158908,60637.0,20.0,3.0,42.0
13-01158994,60637.0,20.0,3.0,42.0
13-01158969,60637.0,20.0,3.0,42.0
13-01158931,60637.0,20.0,3.0,42.0
13-01158952,60637.0,20.0,3.0,42.0
13-01159067,60637.0,20.0,3.0,42.0
13-01159024,60637.0,20.0,3.0,42.0
13-01159012,60637.0,20.0,3.0,42.0
13-01155232,60637.0,5.0,3.0,42.0
13-01155083,60637.0,20.0,3.0,42.0
13-01155038,60637.0,20.0,3.0,42.0
13-01155103,60637.0,20.0,3.0,42.0
13-01155111,60637.0,5.0,3.0,42.0
13-01155190,60637.0,5.0,3.0,42.0
13-01155195,60637.0,5.0,3.0,42.0
13-01149022,60637.0,5.0,3.0,41.0
13-01126733,60637.0,5.0,2.0,41.0
13-01136469,60637.0,5.0,2.0,41.0
13-01096196,60637.0,5.0,3.0,43.0
13-01057808,60637.0,5.0,3.0,43.0
13-01057790,60637.0,5.0,3.0,43.0
13-01058061,60637.0,5.0,3.0,43.0
13-01059475,60637.0,5.0,3.0,43.0
13-01049864,60637.0,5.0,2.0,41.0
13-01046870,60637.0,6.0,3.0,69.0
13-01038180,60637.0,20.0,2.0,40.0
13-01025297,60637.0,20.0,3.0,42.0
13-01004720,60637.0,5.0,3.0,43.0
13-01004713,60637.0,5.0,3.0,43.0
13-00996278,60637.0,5.0,2.0,41.0
13-00996288,60637.0,5.0,2.0,41.0
13-00999961,60637.0,20.0,3.0,42.0
13-00985438,60637.0,5.0,3.0,43.0
13-00985411,60637.0,5.0,3.0,43.0
13-00984761,60637.0,5.0,3.0,43.0
13-00958474,60637.0,20.0,3.0,42.0
13-00947781,60637.0,20.0,3.0,42.0
13-00948495,60637.0,20.0,3.0,42.0
13-00948320,60637.0,20.0,3.0,42.0
13-00961442,60637.0,5.0,3.0,43.0
13-00959065,60637.0,5.0,3.0,43.0
13-00961425,60637.0,5.0,3.0,43.0
13-00961435,60637.0,5.0,3.0,43.0
13-00958983,60637.0,5.0,3.0,43.0
13-00938768,60637.0,20.0,3.0,42.0
13-00937514,60637.0,20.0,3.0,42.0
13-00912809,60637.0,5.0,3.0,42.0
13-00912150,60637.0,20.0,2.0,40.0
13-00893447,60637.0,6.0,3.0,69.0
13-00889338,60637.0,5.0,2.0,41.0
13-00856642,60637.0,20.0,3.0,42.0
13-00847506,60637.0,5.0,3.0,69.0
13-00847791,60637.0,5.0,3.0,42.0
13-00805944,60637.0,20.0,3.0,42.0
13-00774990,60637.0,5.0,2.0,41.0
13-00753703,60637.0,5.0,2.0,41.0
13-00736766,60637.0,20.0,3.0,42.0
13-00735726,60637.0,20.0,3.0,42.0
13-00720470,60637.0,6.0,3.0,69.0
13-00716304,60637.0,5.0,2.0,41.0
13-00713618,60637.0,5.0,2.0,41.0
13-00713628,60637.0,5.0,2.0,41.0
13-00718023,60637.0,20.0,2.0,40.0
13-00714085,60637.0,20.0,3.0,69.0
13-00716320,60637.0,20.0,3.0,42.0
13-00716532,60637.0,20.0,3.0,42.0
13-00713216,60637.0,5.0,2.0,41.0
13-00718010,60637.0,20.0,3.0,40.0
13-00718001,60637.0,20.0,3.0,40.0
13-00714742,60637.0,5.0,3.0,42.0
13-00714766,60637.0,5.0,3.0,42.0
13-00714758,60637.0,5.0,3.0,42.0
13-00713244,60637.0,20.0,3.0,42.0
13-00713228,60637.0,5.0,2.0,41.0
13-00713326,60637.0,20.0,2.0,40.0
13-00713304,60637.0,20.0,3.0,42.0
13-00713290,60637.0,20.0,3.0,42.0
13-00714778,60637.0,5.0,3.0,42.0
13-00714019,60637.0,5.0,2.0,41.0
13-00714009,60637.0,5.0,2.0,41.0
13-00714044,60637.0,5.0,2.0,41.0
13-00714067,60637.0,5.0,3.0,43.0
13-00714169,60637.0,5.0,3.0,43.0
13-00714057,60637.0,5.0,2.0,41.0
13-00714053,60637.0,5.0,2.0,41.0
13-00714065,60637.0,5.0,3.0,41.0
13-00714290,60637.0,5.0,3.0,43.0
13-00714284,60637.0,5.0,3.0,43.0
13-00714458,60637.0,5.0,3.0,43.0
13-00714434,60637.0,5.0,3.0,43.0
13-00714423,60637.0,5.0,3.0,43.0
13-00714445,60637.0,5.0,3.0,43.0
13-00714573,60637.0,5.0,3.0,42.0
13-00714517,60637.0,5.0,2.0,41.0
13-00714511,60637.0,5.0,2.0,41.0
13-00714551,60637.0,5.0,2.0,41.0
13-00714556,60637.0,5.0,2.0,41.0
13-00714581,60637.0,20.0,2.0,40.0
13-00714575,60637.0,20.0,3.0,42.0
13-00692238,60637.0,20.0,3.0,40.0
13-00681914,60637.0,20.0,3.0,42.0
13-00661495,60637.0,6.0,3.0,69.0
13-00661422,60637.0,6.0,3.0,69.0
13-00661420,60637.0,6.0,3.0,69.0
13-00661518,60637.0,6.0,3.0,69.0
13-00661516,60637.0,6.0,3.0,69.0
13-00661505,60637.0,6.0,3.0,69.0
13-00659620,60637.0,5.0,2.0,41.0
13-00659621,60637.0,5.0,2.0,41.0
13-00641929,60637.0,5.0,2.0,41.0
13-00642709,60637.0,5.0,2.0,41.0
13-00636961,60637.0,6.0,3.0,69.0
13-00637229,60637.0,6.0,3.0,69.0
13-00637292,60637.0,6.0,3.0,69.0
13-00642894,60637.0,5.0,2.0,41.0
13-00609221,60637.0,20.0,2.0,40.0
13-00599435,60637.0,5.0,2.0,41.0
13-00569792,60637.0,20.0,2.0,40.0
13-00569788,60637.0,20.0,2.0,40.0
13-00562433,60637.0,5.0,3.0,42.0
13-00559582,60637.0,20.0,2.0,40.0
13-00556156,60637.0,20.0,3.0,42.0
13-00556149,60637.0,20.0,3.0,42.0
13-00556140,60637.0,20.0,3.0,42.0
13-00544204,60637.0,20.0,3.0,42.0
13-00550461,60637.0,5.0,2.0,41.0
13-00550451,60637.0,5.0,2.0,41.0
13-00550232,60637.0,5.0,3.0,43.0
13-00550441,60637.0,5.0,2.0,41.0
13-00550267,60637.0,5.0,2.0,41.0
13-00541988,60637.0,20.0,2.0,40.0
13-00542008,60637.0,20.0,3.0,40.0
13-00538317,60637.0,20.0,2.0,40.0
13-00540054,60637.0,20.0,2.0,40.0
13-00539928,60637.0,20.0,3.0,42.0
13-00539919,60637.0,20.0,3.0,42.0
13-00539913,60637.0,20.0,3.0,42.0
13-00539905,60637.0,20.0,3.0,42.0
13-00539953,60637.0,20.0,3.0,40.0
13-00539938,60637.0,20.0,3.0,42.0
13-00539946,60637.0,20.0,3.0,40.0
13-00539941,60637.0,20.0,3.0,42.0
13-00539994,60637.0,20.0,2.0,40.0
13-00539988,60637.0,20.0,3.0,40.0
13-00539985,60637.0,20.0,3.0,40.0
13-00540043,60637.0,20.0,2.0,40.0
13-00540028,60637.0,20.0,2.0,40.0
13-00540037,60637.0,20.0,2.0,40.0
13-00540034,60637.0,20.0,2.0,40.0
13-00540060,60637.0,20.0,2.0,40.0
13-00540065,60637.0,5.0,3.0,69.0
13-00534167,60637.0,5.0,2.0,41.0
13-00526933,60637.0,20.0,2.0,40.0
13-00526743,60637.0,20.0,2.0,40.0
13-00537105,60637.0,5.0,3.0,42.0
13-00509580,60637.0,5.0,3.0,69.0
13-00509930,60637.0,5.0,3.0,43.0
13-00513647,60637.0,20.0,2.0,40.0
13-00499971,60637.0,20.0,3.0,42.0
13-00486520,60637.0,20.0,3.0,42.0
13-00487228,60637.0,5.0,2.0,41.0
13-00479002,60637.0,20.0,3.0,42.0
13-00477088,60637.0,20.0,3.0,42.0
13-00450015,60637.0,5.0,3.0,69.0
13-00449191,60637.0,20.0,3.0,42.0
13-00449197,60637.0,20.0,3.0,42.0
13-00428290,60637.0,20.0,3.0,40.0
13-00428286,60637.0,20.0,3.0,42.0
13-00424090,60637.0,20.0,3.0,42.0
13-00421849,60637.0,20.0,3.0,40.0
13-00421843,60637.0,20.0,3.0,40.0
13-00421839,60637.0,20.0,3.0,40.0
13-00421852,60637.0,20.0,3.0,40.0
13-00421862,60637.0,20.0,3.0,69.0
13-00421858,60637.0,20.0,3.0,40.0
13-00419402,60637.0,5.0,3.0,42.0
13-00413386,60637.0,20.0,3.0,40.0
13-00409343,60637.0,20.0,3.0,42.0
13-00390275,60637.0,5.0,2.0,41.0
13-00371256,60637.0,5.0,2.0,41.0
13-00337522,60637.0,20.0,3.0,42.0
13-00317937,60637.0,20.0,3.0,40.0
13-00319018,60637.0,20.0,2.0,40.0
13-00310714,60637.0,5.0,2.0,41.0
13-00310709,60637.0,5.0,2.0,41.0
13-00306361,60637.0,20.0,2.0,40.0
13-00306359,60637.0,20.0,2.0,40.0
13-00306354,60637.0,20.0,3.0,40.0
13-00304087,60637.0,20.0,3.0,42.0
13-00292964,60637.0,20.0,3.0,42.0
13-00286564,60637.0,20.0,3.0,42.0
13-00279047,60637.0,5.0,2.0,41.0
13-00277101,60637.0,20.0,3.0,42.0
13-00256018,60637.0,5.0,3.0,42.0
13-00251960,60637.0,5.0,2.0,41.0
13-00247457,60637.0,20.0,3.0,42.0
13-00223404,60637.0,20.0,3.0,40.0
13-00218174,60637.0,5.0,2.0,41.0
13-00218175,60637.0,5.0,2.0,41.0
13-00219461,60637.0,5.0,2.0,41.0
13-00218176,60637.0,5.0,2.0,41.0
13-00206735,60637.0,20.0,3.0,40.0
13-00206727,60637.0,20.0,3.0,40.0
13-00206744,60637.0,20.0,3.0,40.0
13-00206763,60637.0,20.0,3.0,40.0
13-00206769,60637.0,20.0,3.0,40.0
13-00198347,60637.0,5.0,2.0,41.0
13-00179624,60637.0,5.0,3.0,42.0
13-00179616,60637.0,5.0,3.0,42.0
13-00179597,60637.0,5.0,3.0,42.0
13-00179566,60637.0,20.0,3.0,42.0
13-00179558,60637.0,20.0,3.0,42.0
13-00179992,60637.0,5.0,3.0,42.0
13-00180009,60637.0,5.0,3.0,42.0
13-00180060,60637.0,5.0,3.0,42.0
13-00180048,60637.0,5.0,3.0,42.0
13-00180017,60637.0,5.0,3.0,42.0
13-00180132,60637.0,20.0,3.0,42.0
13-00180073,60637.0,5.0,3.0,42.0
13-00180067,60637.0,5.0,3.0,42.0
13-00180118,60637.0,5.0,3.0,42.0
13-00180125,60637.0,5.0,3.0,42.0
13-00180256,60637.0,5.0,3.0,42.0
13-00180287,60637.0,5.0,3.0,42.0
13-00180457,60637.0,5.0,3.0,42.0
13-00180273,60637.0,5.0,3.0,42.0
13-00180261,60637.0,5.0,3.0,42.0
13-00180291,60637.0,5.0,3.0,42.0
13-00180405,60637.0,5.0,3.0,42.0
13-00180390,60637.0,5.0,3.0,42.0
13-00180477,60637.0,5.0,3.0,42.0
13-00180467,60637.0,5.0,3.0,42.0
13-00180146,60637.0,5.0,3.0,42.0
13-00174256,60637.0,20.0,3.0,42.0
13-00174252,60637.0,20.0,3.0,42.0
13-00174274,60637.0,20.0,3.0,42.0
13-00174348,60637.0,20.0,3.0,42.0
13-00174332,60637.0,20.0,3.0,42.0
13-00174340,60637.0,20.0,3.0,42.0
13-00174361,60637.0,20.0,3.0,42.0
13-00174386,60637.0,20.0,3.0,42.0
13-00174368,60637.0,20.0,3.0,42.0
13-00174378,60637.0,20.0,3.0,42.0
13-00174735,60637.0,20.0,3.0,42.0
13-00174721,60637.0,20.0,3.0,42.0
13-00174717,60637.0,20.0,3.0,42.0
13-00174598,60637.0,20.0,3.0,42.0
13-00174691,60637.0,20.0,3.0,40.0
13-00174676,60637.0,20.0,3.0,42.0
13-00174768,60637.0,20.0,3.0,42.0
13-00174805,60637.0,20.0,3.0,42.0
13-00174741,60637.0,20.0,3.0,42.0
13-00174797,60637.0,20.0,3.0,42.0
13-00174774,60637.0,20.0,3.0,42.0
13-00174791,60637.0,20.0,3.0,42.0
13-00174783,60637.0,20.0,3.0,42.0
13-00177643,60637.0,5.0,2.0,41.0
13-00172350,60637.0,20.0,3.0,40.0
13-00168396,60637.0,20.0,3.0,42.0
13-00165441,60637.0,20.0,3.0,42.0
13-00165436,60637.0,20.0,2.0,40.0
13-00165445,60637.0,20.0,2.0,40.0
13-00162972,60637.0,20.0,2.0,40.0
13-00149984,60637.0,20.0,2.0,40.0
13-00142764,60637.0,20.0,3.0,40.0
13-00142773,60637.0,20.0,3.0,42.0
13-00142785,60637.0,20.0,3.0,42.0
13-00142790,60637.0,20.0,3.0,42.0
13-00128053,60637.0,20.0,2.0,40.0
13-00109987,60637.0,20.0,2.0,40.0
13-00109989,60637.0,20.0,2.0,40.0
13-00109995,60637.0,20.0,2.0,40.0
13-00109999,60637.0,20.0,2.0,40.0
13-00080308,60637.0,20.0,3.0,42.0
13-00074964,60637.0,20.0,2.0,40.0
13-00074283,60637.0,20.0,3.0,42.0
13-00074336,60637.0,20.0,3.0,42.0
13-00071554,60637.0,6.0,3.0,69.0
13-00074276,60637.0,20.0,3.0,42.0
13-00057289,60637.0,20.0,2.0,40.0
13-00047122,60637.0,20.0,3.0,42.0
13-00026804,60637.0,20.0,2.0,40.0
13-00015678,60637.0,5.0,3.0,43.0
12-02030427,60637.0,5.0,3.0,43.0
12-02011462,60637.0,20.0,3.0,42.0
12-01989096,60637.0,20.0,3.0,42.0
12-01960752,60637.0,3.0,2.0,40.0
12-01963446,60637.0,20.0,3.0,42.0
12-01963928,60637.0,5.0,2.0,41.0
12-01957799,60637.0,3.0,2.0,40.0
12-01948082,60637.0,5.0,2.0,41.0
12-01948109,60637.0,5.0,2.0,41.0
12-01945690,60637.0,5.0,2.0,41.0
12-01929702,60637.0,20.0,3.0,42.0
12-01929797,60637.0,20.0,3.0,42.0
12-01922675,60637.0,20.0,3.0,42.0
12-01921735,60637.0,5.0,3.0,41.0
12-01918565,60637.0,20.0,2.0,40.0
12-01918559,60637.0,20.0,2.0,40.0
12-01918577,60637.0,20.0,2.0,40.0
12-01918586,60637.0,20.0,2.0,40.0
12-01918631,60637.0,20.0,2.0,40.0
12-01918647,60637.0,20.0,2.0,40.0
12-01918600,60637.0,20.0,2.0,40.0
12-01918638,60637.0,20.0,2.0,40.0
12-01918722,60637.0,20.0,2.0,40.0
12-01918707,60637.0,20.0,2.0,40.0
12-01918697,60637.0,20.0,2.0,40.0
12-01918540,60637.0,20.0,2.0,40.0
12-01914604,60637.0,20.0,2.0,40.0
12-01916702,60637.0,20.0,2.0,40.0
12-01916697,60637.0,20.0,2.0,40.0
12-01916691,60637.0,20.0,2.0,40.0
12-01916682,60637.0,20.0,2.0,40.0
12-01916679,60637.0,20.0,2.0,40.0
12-01916708,60637.0,20.0,2.0,40.0
12-01908645,60637.0,5.0,3.0,42.0
12-01908684,60637.0,20.0,3.0,42.0
12-01908667,60637.0,20.0,3.0,42.0
12-01909102,60637.0,20.0,3.0,42.0
12-01909116,60637.0,20.0,3.0,42.0
12-01910756,60637.0,20.0,3.0,42.0
12-01910749,60637.0,5.0,3.0,42.0
12-01909522,60637.0,20.0,3.0,42.0
12-01909510,60637.0,20.0,3.0,42.0
12-01909532,60637.0,20.0,3.0,42.0
12-01909541,60637.0,20.0,3.0,42.0
12-01908396,60637.0,20.0,3.0,42.0
12-01901515,60637.0,20.0,3.0,42.0
12-01901499,60637.0,5.0,3.0,42.0
12-01901533,60637.0,20.0,3.0,42.0
12-01896887,60637.0,5.0,2.0,41.0
12-01897154,60637.0,6.0,3.0,69.0
12-01897193,60637.0,6.0,3.0,69.0
12-01897198,60637.0,6.0,3.0,69.0
12-01897220,60637.0,20.0,3.0,69.0
12-01897246,60637.0,20.0,3.0,69.0
12-01898137,60637.0,20.0,2.0,40.0
12-01897279,60637.0,20.0,3.0,69.0
12-01897392,60637.0,20.0,3.0,69.0
12-01897363,60637.0,6.0,3.0,69.0
12-01900291,60637.0,20.0,3.0,42.0
12-01881828,60637.0,20.0,3.0,42.0
12-01875627,60637.0,20.0,2.0,40.0
12-01850963,60637.0,20.0,3.0,42.0
12-01850959,60637.0,20.0,3.0,42.0
12-01847132,60637.0,20.0,3.0,42.0
12-01846571,60637.0,20.0,3.0,42.0
12-01820009,60637.0,20.0,3.0,42.0
12-01819609,60637.0,5.0,2.0,41.0
12-01800497,60637.0,5.0,3.0,42.0
12-01785783,60637.0,20.0,3.0,42.0
12-01787953,60637.0,20.0,3.0,42.0
12-01785953,60637.0,20.0,3.0,42.0
12-01751206,60637.0,5.0,2.0,41.0
12-01750990,60637.0,5.0,3.0,42.0
12-01746766,60637.0,5.0,3.0,42.0
12-01742859,60637.0,20.0,3.0,42.0
12-01737673,60637.0,20.0,3.0,42.0
12-01737666,60637.0,20.0,3.0,42.0
12-01737706,60637.0,20.0,3.0,40.0
12-01737699,60637.0,20.0,3.0,42.0
12-01737691,60637.0,20.0,3.0,42.0
12-01737685,60637.0,20.0,3.0,42.0
12-01738982,60637.0,20.0,3.0,42.0
12-01721516,60637.0,20.0,2.0,40.0
12-01707578,60637.0,5.0,2.0,41.0
12-01692450,60637.0,20.0,3.0,42.0
12-01687224,60637.0,20.0,3.0,42.0
12-01660051,60637.0,5.0,2.0,41.0
12-01661045,60637.0,20.0,3.0,42.0
12-01639664,60637.0,5.0,2.0,41.0
12-01639332,60637.0,5.0,2.0,41.0
12-01641402,60637.0,20.0,3.0,42.0
12-01636876,60637.0,5.0,2.0,41.0
12-01630522,60637.0,20.0,2.0,40.0
12-01636205,60637.0,5.0,2.0,41.0
12-01620021,60637.0,20.0,3.0,42.0
12-01611671,60637.0,5.0,3.0,41.0
12-01608268,60637.0,5.0,2.0,41.0
12-01613396,60637.0,5.0,3.0,69.0
12-01609582,60637.0,3.0,2.0,40.0
12-01602159,60637.0,20.0,3.0,40.0
12-01603697,60637.0,20.0,3.0,42.0
12-01604081,60637.0,5.0,2.0,41.0
12-01607004,60637.0,5.0,3.0,41.0
12-01593761,60637.0,5.0,3.0,41.0
12-01580101,60637.0,20.0,3.0,42.0
12-01578578,60637.0,20.0,3.0,40.0
12-01577498,60637.0,5.0,2.0,41.0
12-01556760,60637.0,5.0,3.0,41.0
12-01555109,60637.0,5.0,3.0,41.0
12-01536547,60637.0,5.0,2.0,41.0
12-01523815,60637.0,5.0,2.0,41.0
12-01523287,60637.0,20.0,2.0,40.0
12-01523280,60637.0,20.0,2.0,40.0
12-01523257,60637.0,20.0,2.0,40.0
12-01515211,60637.0,5.0,2.0,41.0
12-01514471,60637.0,5.0,3.0,41.0
12-01507029,60637.0,5.0,2.0,41.0
12-01502661,60637.0,5.0,2.0,41.0
12-01497610,60637.0,20.0,3.0,42.0
12-01496630,60637.0,20.0,2.0,40.0
12-01487918,60637.0,6.0,3.0,69.0
12-01487869,60637.0,20.0,3.0,40.0
12-01487950,60637.0,6.0,3.0,69.0
12-01482787,60637.0,5.0,2.0,41.0
12-01477599,60637.0,20.0,3.0,40.0
12-01472823,60637.0,20.0,3.0,40.0
12-01469669,60637.0,5.0,3.0,42.0
12-01470544,60637.0,5.0,3.0,42.0
12-01462733,60637.0,5.0,2.0,41.0
12-01467164,60637.0,20.0,3.0,40.0
12-01442793,60637.0,5.0,3.0,42.0
12-01442828,60637.0,5.0,3.0,42.0
12-01442982,60637.0,5.0,2.0,41.0
12-01447177,60637.0,20.0,3.0,42.0
12-01447180,60637.0,20.0,3.0,42.0
12-01438492,60637.0,5.0,3.0,43.0
12-01437081,60637.0,5.0,2.0,41.0
12-01429858,60637.0,20.0,2.0,40.0
12-01426351,60637.0,20.0,3.0,42.0
12-01430157,60637.0,5.0,2.0,41.0
12-01430178,60637.0,5.0,3.0,41.0
12-01418895,60637.0,20.0,3.0,42.0
12-01418887,60637.0,20.0,3.0,42.0
12-01415569,60637.0,20.0,3.0,42.0
12-01408775,60637.0,5.0,3.0,42.0
12-01395301,60637.0,20.0,3.0,42.0
12-01375342,60637.0,5.0,3.0,41.0
12-01380136,60637.0,5.0,2.0,41.0
12-01366783,60637.0,20.0,3.0,42.0
12-01367867,60637.0,20.0,3.0,42.0
12-01367853,60637.0,20.0,3.0,42.0
12-01367806,60637.0,20.0,3.0,42.0
12-01367838,60637.0,20.0,3.0,42.0
12-01367812,60637.0,20.0,3.0,42.0
12-01359630,60637.0,5.0,3.0,43.0
12-01359616,60637.0,5.0,3.0,43.0
12-01361261,60637.0,5.0,3.0,43.0
12-01356739,60637.0,20.0,3.0,42.0
12-01357355,60637.0,20.0,3.0,42.0
12-01352003,60637.0,20.0,3.0,42.0
12-01349045,60637.0,5.0,3.0,41.0
12-01349022,60637.0,5.0,3.0,41.0
12-01341557,60637.0,20.0,3.0,42.0
12-01344862,60637.0,20.0,3.0,69.0
12-01334485,60637.0,20.0,2.0,40.0
12-01310008,60637.0,20.0,3.0,69.0
12-01310878,60637.0,20.0,3.0,69.0
12-01315147,60637.0,6.0,3.0,69.0
12-01307693,60637.0,20.0,3.0,42.0
12-01282425,60637.0,20.0,2.0,40.0
12-01284788,60637.0,5.0,2.0,41.0
12-01275130,60637.0,20.0,3.0,42.0
12-01273688,60637.0,20.0,3.0,42.0
12-01248717,60637.0,5.0,3.0,41.0
12-01234977,60637.0,20.0,3.0,42.0
12-01227854,60637.0,5.0,2.0,41.0
12-01209402,60637.0,20.0,3.0,42.0
12-01204306,60637.0,20.0,3.0,42.0
12-01187366,60637.0,20.0,3.0,42.0
12-01188543,60637.0,5.0,3.0,41.0
12-01183298,60637.0,5.0,2.0,41.0
12-01184077,60637.0,5.0,2.0,41.0
12-01181910,60637.0,20.0,3.0,42.0
12-01188541,60637.0,5.0,3.0,41.0
12-01179753,60637.0,20.0,3.0,42.0
12-01178842,60637.0,20.0,3.0,42.0
12-01177875,60637.0,20.0,3.0,42.0
12-01169082,60637.0,5.0,2.0,41.0
12-01171747,60637.0,5.0,2.0,41.0
12-01171708,60637.0,5.0,2.0,41.0
12-01163944,60637.0,5.0,2.0,41.0
12-01163940,60637.0,5.0,2.0,41.0
12-01163950,60637.0,5.0,2.0,41.0
12-01163952,60637.0,5.0,2.0,41.0
12-01159001,60637.0,5.0,2.0,41.0
12-01160263,60637.0,5.0,2.0,41.0
12-01160265,60637.0,5.0,2.0,41.0
12-01158994,60637.0,5.0,2.0,41.0
12-01158206,60637.0,6.0,3.0,42.0
12-01146449,60637.0,5.0,2.0,41.0
12-01144240,60637.0,6.0,3.0,69.0
12-01144368,60637.0,5.0,2.0,41.0
12-01135544,60637.0,20.0,3.0,42.0
12-01094994,60637.0,20.0,3.0,42.0
12-01081051,60637.0,6.0,3.0,69.0
12-01079552,60637.0,5.0,2.0,41.0
12-01068482,60637.0,5.0,2.0,41.0
12-01068096,60637.0,20.0,3.0,69.0
12-01057801,60637.0,20.0,3.0,42.0
12-01058011,60637.0,6.0,3.0,69.0
12-01060200,60637.0,6.0,3.0,69.0
12-01060209,60637.0,6.0,3.0,69.0
12-01060215,60637.0,6.0,3.0,69.0
12-01062022,60637.0,20.0,3.0,42.0
12-01062027,60637.0,20.0,3.0,42.0
12-01062032,60637.0,20.0,3.0,42.0
12-01058396,60637.0,5.0,3.0,41.0
12-01039684,60637.0,5.0,3.0,41.0
12-01042624,60637.0,5.0,2.0,41.0
12-01035369,60637.0,5.0,3.0,42.0
12-01035312,60637.0,5.0,3.0,42.0
12-01039281,60637.0,20.0,3.0,42.0
12-01027158,60637.0,20.0,3.0,42.0
12-01032618,60637.0,5.0,3.0,42.0
12-00949838,60637.0,20.0,2.0,40.0
12-00942165,60637.0,20.0,3.0,42.0
12-00937416,60637.0,5.0,2.0,41.0
12-00919541,60637.0,20.0,2.0,40.0
12-00920092,60637.0,20.0,2.0,40.0
12-00912919,60637.0,20.0,3.0,42.0
12-00916651,60637.0,20.0,2.0,40.0
12-00910419,60637.0,20.0,3.0,42.0
12-00897852,60637.0,20.0,3.0,42.0
12-00893093,60637.0,20.0,3.0,42.0
12-00882278,60637.0,20.0,2.0,40.0
12-00882261,60637.0,20.0,2.0,40.0
12-00875289,60637.0,20.0,3.0,40.0
12-00843371,60637.0,20.0,2.0,40.0
12-00835339,60637.0,5.0,3.0,41.0
12-00835334,60637.0,5.0,3.0,41.0
12-00834246,60637.0,20.0,3.0,42.0
12-00832192,60637.0,20.0,2.0,40.0
12-00827189,60637.0,20.0,3.0,42.0
12-00831075,60637.0,20.0,2.0,40.0
12-00831337,60637.0,20.0,2.0,40.0
12-00824892,60637.0,20.0,3.0,42.0
12-00823889,60637.0,20.0,3.0,42.0
12-00816938,60637.0,20.0,3.0,42.0
12-00793461,60637.0,20.0,3.0,42.0
12-00779283,60637.0,5.0,2.0,41.0
12-00769580,60637.0,20.0,3.0,42.0
12-00760870,60637.0,20.0,3.0,42.0
12-00758923,60637.0,20.0,3.0,42.0
12-00754828,60637.0,20.0,3.0,40.0
12-00752136,60637.0,5.0,2.0,41.0
12-00732959,60637.0,20.0,3.0,40.0
12-00726495,60637.0,5.0,2.0,41.0
12-00727721,60637.0,5.0,3.0,42.0
12-00698297,60637.0,20.0,3.0,42.0
12-00695475,60637.0,3.0,2.0,40.0
12-00682101,60637.0,5.0,2.0,41.0
12-00669892,60637.0,5.0,3.0,43.0
12-00672007,60637.0,5.0,3.0,43.0
12-00658600,60637.0,5.0,2.0,41.0
12-00651860,60637.0,5.0,2.0,41.0
12-00635321,60637.0,20.0,3.0,69.0
12-00618258,60637.0,5.0,2.0,41.0
12-00618243,60637.0,5.0,2.0,41.0
12-00618238,60637.0,5.0,2.0,41.0
12-00610517,60637.0,5.0,3.0,69.0
12-00610525,60637.0,5.0,3.0,43.0
12-00610531,60637.0,5.0,3.0,43.0
12-00610332,60637.0,5.0,3.0,42.0
12-00615165,60637.0,20.0,3.0,42.0
12-00607430,60637.0,5.0,2.0,41.0
12-00546790,60637.0,20.0,3.0,42.0
12-00547753,60637.0,20.0,3.0,42.0
12-00548808,60637.0,20.0,3.0,42.0
12-00548793,60637.0,20.0,3.0,42.0
12-00548782,60637.0,20.0,3.0,42.0
12-00548775,60637.0,20.0,3.0,42.0
12-00548818,60637.0,20.0,3.0,42.0
12-00548824,60637.0,20.0,3.0,42.0
12-00548839,60637.0,20.0,3.0,42.0
12-00540562,60637.0,20.0,3.0,42.0
12-00537675,60637.0,20.0,3.0,42.0
12-00537674,60637.0,20.0,3.0,42.0
12-00537092,60637.0,5.0,21.0,41.0
12-00318037,60637.0,5.0,3.0,43.0
12-00318018,60637.0,5.0,3.0,69.0
12-00318420,60637.0,5.0,3.0,41.0
12-00313902,60637.0,20.0,3.0,42.0
12-00276482,60637.0,20.0,3.0,42.0
12-00287854,60637.0,20.0,3.0,42.0
12-00257091,60637.0,20.0,3.0,42.0
12-00243227,60637.0,20.0,3.0,42.0
12-00235856,60637.0,20.0,3.0,42.0
12-00242494,60637.0,20.0,3.0,42.0
12-00235857,60637.0,20.0,3.0,42.0
12-00235954,60637.0,20.0,3.0,42.0
12-00235930,60637.0,20.0,3.0,42.0
12-00235882,60637.0,20.0,3.0,42.0
12-00235955,60637.0,20.0,3.0,42.0
12-00217176,60637.0,20.0,3.0,69.0
12-00216359,60637.0,5.0,3.0,43.0
12-00216052,60637.0,20.0,3.0,42.0
12-00209510,60637.0,20.0,3.0,40.0
12-00209482,60637.0,20.0,3.0,40.0
12-00184935,60637.0,5.0,3.0,43.0
12-00177836,60637.0,5.0,3.0,69.0
12-00183115,60637.0,20.0,3.0,42.0
12-00175607,60637.0,20.0,3.0,42.0
12-00159990,60637.0,20.0,3.0,42.0
12-00146132,60637.0,20.0,3.0,42.0
12-00126503,60637.0,5.0,21.0,41.0
12-00119122,60637.0,5.0,21.0,41.0
12-00115263,60637.0,20.0,3.0,42.0
12-00111711,60637.0,6.0,3.0,42.0
12-00111774,60637.0,6.0,3.0,42.0
12-00066898,60637.0,20.0,3.0,42.0
12-00065653,60637.0,5.0,21.0,41.0
12-00049009,60637.0,20.0,2.0,40.0
12-00049562,60637.0,20.0,3.0,40.0
12-00042370,60637.0,5.0,3.0,41.0
12-00044405,60637.0,5.0,21.0,41.0
12-00033011,60637.0,20.0,3.0,42.0
12-00023158,60637.0,20.0,3.0,42.0
11-04315712,60637.0,5.0,21.0,41.0
11-04293466,60637.0,20.0,3.0,42.0
11-04282824,60637.0,20.0,3.0,42.0
11-04239230,60637.0,5.0,21.0,41.0
11-04239138,60637.0,5.0,21.0,41.0
11-04198024,60637.0,5.0,21.0,41.0
11-04159049,60637.0,20.0,3.0,42.0
11-04141337,60637.0,20.0,3.0,42.0
11-04140671,60637.0,5.0,3.0,43.0
11-04136497,60637.0,20.0,3.0,42.0
11-04121275,60637.0,20.0,2.0,40.0
11-04114345,60637.0,20.0,3.0,42.0
11-04113693,60637.0,5.0,3.0,43.0
11-04113752,60637.0,5.0,3.0,41.0
11-04086364,60637.0,20.0,3.0,40.0
11-04079982,60637.0,20.0,3.0,40.0
11-04079975,60637.0,20.0,3.0,40.0
11-04046214,60637.0,5.0,21.0,41.0
11-04023527,60637.0,5.0,3.0,42.0
11-04022412,60637.0,5.0,21.0,41.0
11-04003134,60637.0,20.0,3.0,40.0
11-03944648,60637.0,5.0,21.0,41.0
11-03938082,60637.0,20.0,3.0,42.0
11-03930130,60637.0,20.0,3.0,42.0
11-03930112,60637.0,5.0,3.0,42.0
11-03914195,60637.0,5.0,21.0,41.0
11-03858197,60637.0,20.0,3.0,42.0
11-03846165,60637.0,20.0,3.0,42.0
11-03846156,60637.0,20.0,3.0,42.0
11-03846184,60637.0,20.0,3.0,42.0
11-03846174,60637.0,20.0,3.0,42.0
11-03846196,60637.0,6.0,3.0,69.0
11-03843700,60637.0,5.0,21.0,41.0
11-03842282,60637.0,5.0,21.0,41.0
11-03820094,60637.0,20.0,3.0,42.0
11-03814472,60637.0,20.0,3.0,42.0
11-03815951,60637.0,20.0,3.0,42.0
11-03807064,60637.0,5.0,3.0,43.0
11-03807045,60637.0,20.0,3.0,42.0
11-03807935,60637.0,20.0,3.0,42.0
11-03807908,60637.0,5.0,21.0,41.0
11-03807892,60637.0,5.0,21.0,41.0
11-03807844,60637.0,5.0,21.0,41.0
11-03807874,60637.0,5.0,21.0,41.0
11-03797804,60637.0,5.0,21.0,41.0
11-03797774,60637.0,5.0,21.0,41.0
11-03797821,60637.0,5.0,21.0,41.0
11-03808951,60637.0,5.0,21.0,41.0
11-03796544,60637.0,5.0,3.0,41.0
11-03796361,60637.0,5.0,21.0,41.0
11-03796538,60637.0,5.0,21.0,41.0
11-03796381,60637.0,5.0,21.0,41.0
11-03796377,60637.0,5.0,21.0,41.0
11-03796362,60637.0,5.0,21.0,41.0
11-03796453,60637.0,5.0,21.0,41.0
11-03796414,60637.0,5.0,21.0,41.0
11-03796386,60637.0,5.0,21.0,41.0
11-03796396,60637.0,5.0,21.0,41.0
11-03796527,60637.0,5.0,21.0,41.0
11-03796486,60637.0,5.0,21.0,41.0
11-03796478,60637.0,5.0,21.0,41.0
11-03796467,60637.0,5.0,21.0,41.0
11-03796513,60637.0,5.0,21.0,41.0
11-03796503,60637.0,5.0,21.0,41.0
11-03789485,60637.0,5.0,21.0,41.0
11-03786038,60637.0,5.0,3.0,41.0
11-03766730,60637.0,20.0,3.0,42.0
11-03765740,60637.0,5.0,21.0,41.0
11-03768633,60637.0,20.0,3.0,42.0
11-03765208,60637.0,5.0,21.0,41.0
11-03771114,60637.0,5.0,21.0,41.0
11-03747446,60637.0,20.0,3.0,42.0
11-03747453,60637.0,20.0,3.0,42.0
11-03747443,60637.0,20.0,3.0,42.0
11-03750337,60637.0,5.0,21.0,41.0
11-03740689,60637.0,20.0,3.0,40.0
11-03732568,60637.0,5.0,21.0,41.0
11-03729641,60637.0,20.0,3.0,40.0
11-03706785,60637.0,20.0,3.0,42.0
11-03700131,60637.0,20.0,3.0,42.0
11-03700174,60637.0,6.0,3.0,69.0
11-03700149,60637.0,20.0,3.0,42.0
11-03700141,60637.0,20.0,3.0,42.0
11-03701727,60637.0,20.0,3.0,42.0
11-03701723,60637.0,20.0,3.0,42.0
11-03691400,60637.0,20.0,3.0,42.0
11-03688900,60637.0,5.0,3.0,41.0
11-03687188,60637.0,20.0,3.0,42.0
11-03683903,60637.0,20.0,3.0,42.0
11-03683892,60637.0,20.0,3.0,42.0
11-03670567,60637.0,20.0,3.0,40.0
11-03670653,60637.0,20.0,3.0,40.0
11-03669904,60637.0,3.0,2.0,40.0
11-03670059,60637.0,20.0,3.0,40.0
11-03670049,60637.0,20.0,3.0,40.0
11-03670034,60637.0,20.0,3.0,40.0
11-03674195,60637.0,5.0,21.0,41.0
11-03637862,60637.0,20.0,3.0,69.0
11-03637976,60637.0,20.0,3.0,42.0
11-03638255,60637.0,20.0,3.0,42.0
11-03639051,60637.0,20.0,3.0,69.0
11-03641223,60637.0,20.0,3.0,42.0
11-03619961,60637.0,20.0,3.0,42.0
11-03619957,60637.0,20.0,3.0,42.0
11-03619549,60637.0,20.0,3.0,42.0
11-03619544,60637.0,20.0,3.0,42.0
11-03617782,60637.0,5.0,21.0,41.0
11-03596369,60637.0,5.0,21.0,41.0
11-03586415,60637.0,20.0,3.0,42.0
11-03586408,60637.0,20.0,3.0,42.0
11-03586404,60637.0,20.0,3.0,42.0
11-03563463,60637.0,20.0,3.0,42.0
11-03520291,60637.0,5.0,3.0,69.0
11-03517903,60637.0,20.0,3.0,42.0
11-03501879,60637.0,5.0,21.0,41.0
11-03501822,60637.0,5.0,21.0,41.0
11-03501805,60637.0,5.0,21.0,41.0
11-03501801,60637.0,5.0,21.0,41.0
11-03501845,60637.0,5.0,21.0,41.0
11-03501828,60637.0,5.0,21.0,41.0
11-03501842,60637.0,5.0,21.0,41.0
11-03501833,60637.0,5.0,21.0,41.0
11-03496418,60637.0,5.0,21.0,41.0
11-03496699,60637.0,20.0,3.0,42.0
11-03503983,60637.0,5.0,3.0,69.0
11-03479108,60637.0,5.0,21.0,41.0
11-03479138,60637.0,5.0,21.0,41.0
11-03479107,60637.0,5.0,21.0,41.0
11-03479173,60637.0,5.0,21.0,41.0
11-03470048,60637.0,5.0,3.0,69.0
11-03461501,60637.0,5.0,3.0,41.0
11-03460590,60637.0,5.0,3.0,42.0
11-03451912,60637.0,6.0,3.0,69.0
11-03395626,60637.0,5.0,21.0,41.0
11-03395599,60637.0,5.0,21.0,41.0
11-03395613,60637.0,5.0,21.0,41.0
11-03395607,60637.0,5.0,21.0,41.0
11-03395755,60637.0,20.0,3.0,40.0
11-03390187,60637.0,5.0,3.0,42.0
11-03390199,60637.0,5.0,3.0,42.0
11-03390214,60637.0,5.0,3.0,42.0
11-03386937,60637.0,5.0,21.0,41.0
11-03381046,60637.0,6.0,3.0,69.0
11-03378697,60637.0,5.0,3.0,42.0
11-03369723,60637.0,5.0,21.0,41.0
11-03343953,60637.0,20.0,3.0,69.0
11-03346301,60637.0,5.0,3.0,42.0
11-03335220,60637.0,6.0,3.0,69.0
11-03328445,60637.0,5.0,3.0,42.0
11-03330469,60637.0,5.0,21.0,41.0
11-03326454,60637.0,20.0,3.0,69.0
11-03313904,60637.0,5.0,3.0,42.0
11-03307663,60637.0,5.0,21.0,41.0
11-03307643,60637.0,5.0,21.0,41.0
11-03307638,60637.0,5.0,21.0,41.0
11-03299690,60637.0,6.0,3.0,69.0
11-03301091,60637.0,5.0,3.0,42.0
11-03301051,60637.0,5.0,3.0,42.0
11-03301715,60637.0,5.0,21.0,41.0
11-03279641,60637.0,20.0,2.0,40.0
11-03279560,60637.0,5.0,21.0,41.0
11-03279688,60637.0,20.0,2.0,40.0
11-03267333,60637.0,5.0,21.0,41.0
11-03274975,60637.0,5.0,21.0,41.0
11-03258466,60637.0,20.0,2.0,40.0
11-03265146,60637.0,6.0,3.0,69.0
11-03252214,60637.0,5.0,21.0,41.0
11-03244207,60637.0,20.0,3.0,42.0
11-03228474,60637.0,5.0,3.0,43.0
11-03229438,60637.0,3.0,2.0,40.0
11-03231854,60637.0,5.0,21.0,41.0
11-03217082,60637.0,20.0,3.0,42.0
11-03186553,60637.0,5.0,3.0,43.0
11-03188008,60637.0,5.0,3.0,43.0
11-03158062,60637.0,20.0,3.0,42.0
11-03099577,60637.0,5.0,3.0,43.0
11-02990108,60637.0,20.0,3.0,42.0
11-02909831,60637.0,20.0,3.0,69.0
11-02909791,60637.0,20.0,3.0,69.0
11-02875786,60637.0,20.0,3.0,42.0
11-02876065,60637.0,20.0,3.0,69.0
11-02771605,60637.0,20.0,3.0,69.0
11-02807014,60637.0,5.0,21.0,41.0
11-02741402,60637.0,20.0,3.0,40.0
11-02428456,60637.0,5.0,21.0,41.0
11-02410844,60637.0,5.0,21.0,41.0
11-02379022,60637.0,5.0,3.0,41.0
11-02371997,60637.0,20.0,3.0,42.0
11-02351614,60637.0,5.0,21.0,41.0
11-02349913,60637.0,5.0,21.0,41.0
11-02349649,60637.0,5.0,21.0,41.0
11-02340259,60637.0,20.0,3.0,42.0
11-02306018,60637.0,5.0,3.0,41.0
11-02207915,60637.0,5.0,21.0,41.0
11-02093397,60637.0,5.0,21.0,41.0
11-01989944,60637.0,5.0,21.0,41.0
11-01902137,60637.0,5.0,21.0,41.0
11-01902824,60637.0,20.0,3.0,42.0
11-01902394,60637.0,20.0,3.0,42.0
11-01886715,60637.0,5.0,3.0,41.0
11-01830452,60637.0,20.0,3.0,42.0
11-01690250,60637.0,5.0,21.0,41.0
11-01625582,60637.0,5.0,21.0,41.0
11-01555385,60637.0,5.0,21.0,41.0
11-01558061,60637.0,20.0,3.0,40.0
11-01468508,60637.0,5.0,21.0,41.0
11-01438895,60637.0,5.0,21.0,41.0
11-01421820,60637.0,20.0,3.0,42.0
11-01421830,60637.0,20.0,3.0,42.0
11-01421824,60637.0,20.0,3.0,42.0
11-01421822,60637.0,20.0,3.0,42.0
11-01421881,60637.0,20.0,3.0,42.0
11-01421866,60637.0,20.0,3.0,42.0
11-01421832,60637.0,20.0,3.0,42.0
11-01421889,60637.0,20.0,3.0,42.0
11-01400687,60637.0,20.0,3.0,69.0
11-01143865,60637.0,20.0,3.0,69.0
11-01119066,60637.0,20.0,3.0,69.0
11-01038894,60637.0,20.0,2.0,40.0
11-01047701,60637.0,5.0,3.0,41.0
11-00984300,60637.0,5.0,3.0,42.0
11-00961136,60637.0,20.0,3.0,69.0
11-00919477,60637.0,5.0,3.0,42.0
11-00919493,60637.0,5.0,3.0,42.0
11-00782374,60637.0,20.0,3.0,69.0
11-00775322,60637.0,5.0,21.0,41.0
11-00777593,60637.0,5.0,21.0,41.0
11-00650901,60637.0,20.0,3.0,42.0
11-00527689,60637.0,5.0,3.0,43.0
11-00533101,60637.0,20.0,3.0,42.0
11-00461307,60637.0,5.0,21.0,41.0
11-00461454,60637.0,20.0,3.0,42.0
11-00461418,60637.0,20.0,3.0,42.0
11-00461361,60637.0,5.0,21.0,41.0
11-00461380,60637.0,5.0,21.0,41.0
11-00443448,60637.0,20.0,3.0,42.0
11-00443811,60637.0,20.0,3.0,42.0
11-00433028,60637.0,20.0,3.0,42.0
11-00433823,60637.0,5.0,3.0,42.0
11-00410110,60637.0,5.0,3.0,69.0
11-00410984,60637.0,5.0,3.0,69.0
11-00410942,60637.0,5.0,3.0,69.0
11-00386228,60637.0,5.0,21.0,41.0
11-00367411,60637.0,20.0,2.0,40.0
11-00340318,60637.0,5.0,3.0,69.0
11-00340310,60637.0,5.0,3.0,69.0
11-00340328,60637.0,5.0,3.0,69.0
11-00327194,60637.0,20.0,3.0,42.0
11-00318688,60637.0,5.0,3.0,69.0
11-00318663,60637.0,5.0,3.0,69.0
11-00283563,60637.0,5.0,21.0,41.0
11-00277882,60637.0,5.0,3.0,69.0
11-00242876,60637.0,5.0,21.0,41.0
11-00159598,60637.0,5.0,21.0,41.0
11-00159601,60637.0,5.0,21.0,41.0
11-00159606,60637.0,5.0,3.0,41.0
11-00159731,60637.0,5.0,21.0,41.0
11-00153353,60637.0,5.0,21.0,41.0
11-00146899,60637.0,5.0,21.0,41.0
11-00146903,60637.0,5.0,21.0,41.0
11-00146910,60637.0,5.0,21.0,41.0
11-00146911,60637.0,5.0,21.0,41.0
11-00146924,60637.0,5.0,21.0,41.0
11-00146934,60637.0,5.0,21.0,41.0
11-00146935,60637.0,5.0,21.0,41.0
11-00146944,60637.0,5.0,21.0,41.0
11-00146948,60637.0,5.0,21.0,41.0
11-00146966,60637.0,5.0,21.0,41.0
11-00149967,60637.0,6.0,3.0,69.0
11-00131147,60637.0,20.0,2.0,40.0
11-00133922,60637.0,5.0,21.0,41.0
11-00136100,60637.0,6.0,3.0,69.0
11-00124439,60637.0,20.0,3.0,42.0
11-00130482,60637.0,5.0,21.0,41.0
11-00121507,60637.0,20.0,3.0,42.0
11-00118993,60637.0,6.0,3.0,42.0
11-00119029,60637.0,20.0,3.0,42.0
11-00123783,60637.0,5.0,3.0,42.0
11-00123787,60637.0,5.0,3.0,42.0
11-00123791,60637.0,5.0,3.0,42.0
11-00119059,60637.0,20.0,3.0,42.0
11-00110181,60637.0,20.0,3.0,42.0
11-00102582,60637.0,20.0,3.0,42.0
11-00095647,60637.0,20.0,3.0,42.0
11-00082694,60637.0,5.0,3.0,42.0
11-00077554,60637.0,20.0,3.0,42.0
11-00073151,60637.0,6.0,3.0,69.0
11-00068732,60637.0,5.0,21.0,41.0
11-00068942,60637.0,5.0,21.0,41.0
11-00065048,60637.0,20.0,3.0,42.0
11-00056071,60637.0,5.0,21.0,41.0
11-00054349,60637.0,5.0,21.0,41.0
11-00050873,60637.0,20.0,3.0,42.0
11-00048508,60637.0,20.0,2.0,40.0
11-00033627,60637.0,5.0,21.0,41.0
11-00035382,60637.0,20.0,3.0,42.0
11-00035422,60637.0,20.0,3.0,42.0
11-00035467,60637.0,20.0,3.0,42.0
11-00031156,60637.0,5.0,21.0,41.0
11-00031158,60637.0,5.0,21.0,41.0
