15-04879473,60633.0,10.0,4.0,55.0
15-04569970,60633.0,10.0,4.0,51.0
15-04544674,60633.0,10.0,4.0,55.0
15-04543656,60633.0,10.0,4.0,55.0
15-04544446,60633.0,10.0,4.0,55.0
15-04543640,60633.0,10.0,4.0,55.0
15-04543644,60633.0,10.0,4.0,55.0
15-04544435,60633.0,10.0,4.0,55.0
15-04544453,60633.0,10.0,4.0,55.0
15-04544465,60633.0,10.0,4.0,55.0
15-04544664,60633.0,10.0,4.0,55.0
15-04544653,60633.0,10.0,4.0,55.0
15-04525489,60633.0,10.0,4.0,55.0
15-04472573,60633.0,10.0,4.0,55.0
15-04472583,60633.0,10.0,4.0,55.0
15-04477162,60633.0,10.0,4.0,55.0
15-04406668,60633.0,10.0,4.0,51.0
15-04406680,60633.0,10.0,4.0,55.0
15-04379331,60633.0,10.0,4.0,55.0
15-04379619,60633.0,10.0,4.0,55.0
15-04379338,60633.0,10.0,4.0,55.0
15-04379438,60633.0,10.0,4.0,55.0
15-04379611,60633.0,10.0,4.0,55.0
15-04379346,60633.0,10.0,4.0,55.0
15-04379587,60633.0,10.0,4.0,55.0
15-04379630,60633.0,10.0,4.0,55.0
15-04379625,60633.0,10.0,4.0,55.0
15-04384497,60633.0,10.0,4.0,55.0
15-04298196,60633.0,10.0,4.0,55.0
15-04298355,60633.0,10.0,4.0,55.0
15-04298321,60633.0,10.0,4.0,55.0
15-04298288,60633.0,10.0,4.0,55.0
15-04221628,60633.0,10.0,4.0,55.0
15-04165390,60633.0,10.0,4.0,55.0
15-04165398,60633.0,10.0,4.0,55.0
15-04165466,60633.0,10.0,4.0,55.0
15-04165419,60633.0,10.0,4.0,55.0
15-04165362,60633.0,10.0,4.0,55.0
15-04164381,60633.0,10.0,4.0,55.0
15-04164392,60633.0,10.0,4.0,55.0
15-04032823,60633.0,10.0,4.0,55.0
15-04032828,60633.0,10.0,4.0,55.0
15-04032831,60633.0,10.0,4.0,55.0
15-04032813,60633.0,10.0,4.0,55.0
15-03976003,60633.0,10.0,4.0,55.0
15-03975745,60633.0,10.0,4.0,55.0
15-03975950,60633.0,10.0,4.0,55.0
15-03976220,60633.0,10.0,4.0,55.0
15-03976024,60633.0,10.0,4.0,55.0
15-03976104,60633.0,10.0,4.0,55.0
15-03976060,60633.0,10.0,4.0,55.0
15-03976206,60633.0,10.0,4.0,55.0
15-03704023,60633.0,10.0,4.0,55.0
15-03704052,60633.0,10.0,4.0,55.0
15-03704037,60633.0,10.0,4.0,55.0
15-03704043,60633.0,10.0,4.0,55.0
15-03704076,60633.0,10.0,4.0,55.0
15-03417334,60633.0,10.0,4.0,51.0
15-03367217,60633.0,10.0,4.0,55.0
15-03367187,60633.0,10.0,4.0,55.0
15-03367913,60633.0,10.0,4.0,55.0
15-03325214,60633.0,10.0,4.0,55.0
15-03325209,60633.0,10.0,4.0,55.0
15-03249106,60633.0,10.0,4.0,55.0
15-03249086,60633.0,10.0,4.0,55.0
15-03249036,60633.0,10.0,4.0,55.0
15-03249014,60633.0,10.0,4.0,51.0
15-03145938,60633.0,10.0,4.0,55.0
15-02916232,60633.0,10.0,4.0,55.0
15-02916071,60633.0,10.0,4.0,55.0
15-02916048,60633.0,10.0,4.0,55.0
15-02916040,60633.0,10.0,4.0,55.0
15-02916033,60633.0,10.0,4.0,55.0
15-02916016,60633.0,10.0,4.0,55.0
15-02904103,60633.0,10.0,4.0,55.0
15-02810815,60633.0,10.0,4.0,55.0
15-02478694,60633.0,10.0,4.0,55.0
15-02358765,60633.0,10.0,4.0,55.0
15-01925847,60633.0,10.0,4.0,55.0
15-01692468,60633.0,10.0,4.0,55.0
15-01548054,60633.0,10.0,4.0,55.0
15-01548059,60633.0,10.0,4.0,55.0
15-01499675,60633.0,10.0,4.0,55.0
15-01458047,60633.0,10.0,4.0,55.0
15-01458017,60633.0,10.0,4.0,55.0
15-01424394,60633.0,10.0,4.0,55.0
15-01411765,60633.0,10.0,4.0,55.0
15-01412490,60633.0,10.0,4.0,55.0
15-01319927,60633.0,10.0,4.0,55.0
15-01319919,60633.0,10.0,4.0,55.0
15-01319942,60633.0,10.0,4.0,55.0
15-01113527,60633.0,10.0,4.0,55.0
15-01069659,60633.0,10.0,4.0,55.0
15-00822920,60633.0,10.0,4.0,55.0
15-00822949,60633.0,10.0,4.0,55.0
15-00822943,60633.0,10.0,4.0,55.0
15-00536188,60633.0,10.0,4.0,55.0
15-00536427,60633.0,10.0,4.0,55.0
15-00536435,60633.0,10.0,4.0,55.0
15-00536443,60633.0,10.0,4.0,55.0
15-00541318,60633.0,10.0,4.0,55.0
15-00522860,60633.0,10.0,4.0,55.0
15-00522868,60633.0,10.0,4.0,55.0
15-00522863,60633.0,10.0,4.0,55.0
15-00522894,60633.0,10.0,4.0,55.0
15-00522890,60633.0,10.0,4.0,55.0
15-00522877,60633.0,10.0,4.0,55.0
15-00522886,60633.0,10.0,4.0,55.0
15-00522508,60633.0,10.0,4.0,55.0
15-00324792,60633.0,10.0,4.0,51.0
15-00321214,60633.0,10.0,4.0,55.0
15-00319382,60633.0,10.0,4.0,55.0
15-00309836,60633.0,10.0,4.0,55.0
15-00309865,60633.0,10.0,4.0,55.0
15-00309844,60633.0,10.0,4.0,55.0
15-00309859,60633.0,10.0,4.0,55.0
15-00309544,60633.0,10.0,4.0,55.0
15-00309737,60633.0,10.0,4.0,55.0
15-00298310,60633.0,10.0,4.0,55.0
15-00276412,60633.0,10.0,4.0,55.0
15-00276431,60633.0,10.0,4.0,55.0
15-00276424,60633.0,10.0,4.0,55.0
15-00245891,60633.0,10.0,4.0,55.0
15-00245890,60633.0,10.0,4.0,55.0
15-00243334,60633.0,10.0,4.0,55.0
15-00243330,60633.0,10.0,4.0,55.0
15-00200281,60633.0,10.0,4.0,55.0
15-00186220,60633.0,10.0,4.0,55.0
15-00186217,60633.0,10.0,4.0,55.0
15-00186213,60633.0,10.0,4.0,55.0
15-00146647,60633.0,10.0,4.0,55.0
15-00146646,60633.0,10.0,4.0,55.0
15-00146642,60633.0,10.0,4.0,55.0
15-00146631,60633.0,10.0,4.0,55.0
15-00146630,60633.0,10.0,4.0,55.0
15-00146653,60633.0,10.0,4.0,55.0
15-00118151,60633.0,10.0,4.0,55.0
15-00118162,60633.0,10.0,4.0,55.0
15-00118153,60633.0,10.0,4.0,55.0
15-00099117,60633.0,10.0,4.0,55.0
15-00099124,60633.0,10.0,4.0,55.0
15-00099122,60633.0,10.0,4.0,55.0
15-00099119,60633.0,10.0,4.0,55.0
15-00099126,60633.0,10.0,4.0,55.0
15-00099130,60633.0,10.0,4.0,55.0
15-00090998,60633.0,10.0,4.0,55.0
15-00083320,60633.0,10.0,4.0,55.0
15-00066978,60633.0,10.0,4.0,55.0
15-00066090,60633.0,10.0,4.0,55.0
15-00056212,60633.0,10.0,4.0,55.0
15-00050845,60633.0,10.0,4.0,55.0
15-00050121,60633.0,10.0,4.0,55.0
15-00028729,60633.0,10.0,4.0,55.0
15-00028731,60633.0,10.0,4.0,55.0
15-00014584,60633.0,10.0,4.0,55.0
15-00014581,60633.0,10.0,4.0,55.0
14-02204864,60633.0,10.0,4.0,55.0
14-02187560,60633.0,10.0,4.0,55.0
14-02158235,60633.0,10.0,4.0,55.0
14-02158227,60633.0,10.0,4.0,55.0
14-02129656,60633.0,10.0,4.0,55.0
14-02129660,60633.0,10.0,4.0,55.0
14-02110161,60633.0,10.0,4.0,55.0
14-02098809,60633.0,10.0,4.0,55.0
14-02098148,60633.0,10.0,4.0,55.0
14-02086193,60633.0,10.0,4.0,55.0
14-02086222,60633.0,10.0,4.0,55.0
14-02086268,60633.0,10.0,4.0,55.0
14-02086261,60633.0,10.0,4.0,55.0
14-02085906,60633.0,10.0,4.0,55.0
14-02085937,60633.0,10.0,4.0,55.0
14-02086130,60633.0,10.0,4.0,55.0
14-02036168,60633.0,10.0,4.0,55.0
14-02022524,60633.0,10.0,4.0,55.0
14-01989101,60633.0,10.0,4.0,55.0
14-01984907,60633.0,10.0,4.0,55.0
14-01984893,60633.0,10.0,4.0,55.0
14-01977222,60633.0,10.0,4.0,55.0
14-01974932,60633.0,10.0,4.0,55.0
14-01975342,60633.0,10.0,4.0,55.0
14-01871544,60633.0,10.0,4.0,55.0
14-01865479,60633.0,10.0,4.0,55.0
14-01822823,60633.0,10.0,4.0,55.0
14-01822795,60633.0,10.0,4.0,55.0
14-01822866,60633.0,10.0,4.0,55.0
14-01822776,60633.0,10.0,4.0,55.0
14-01806055,60633.0,10.0,4.0,55.0
14-01752799,60633.0,10.0,4.0,55.0
14-01752781,60633.0,10.0,4.0,55.0
14-01720948,60633.0,10.0,4.0,55.0
14-01712750,60633.0,10.0,4.0,55.0
14-01697641,60633.0,10.0,4.0,55.0
14-01643292,60633.0,10.0,4.0,55.0
14-01564680,60633.0,10.0,4.0,55.0
14-01557932,60633.0,10.0,4.0,51.0
14-01557933,60633.0,10.0,4.0,55.0
14-01488351,60633.0,10.0,4.0,51.0
14-01462102,60633.0,10.0,4.0,55.0
14-01442582,60633.0,10.0,4.0,55.0
14-01435411,60633.0,10.0,4.0,55.0
14-01435419,60633.0,10.0,4.0,55.0
14-01386416,60633.0,10.0,4.0,55.0
14-01385800,60633.0,10.0,4.0,55.0
14-01322980,60633.0,10.0,4.0,55.0
14-01322989,60633.0,10.0,4.0,55.0
14-01322984,60633.0,10.0,4.0,55.0
14-01280500,60633.0,10.0,4.0,55.0
14-01280456,60633.0,10.0,4.0,55.0
14-01280418,60633.0,10.0,4.0,55.0
14-01280482,60633.0,10.0,4.0,55.0
14-01271270,60633.0,10.0,4.0,55.0
14-01238295,60633.0,10.0,4.0,55.0
14-01238290,60633.0,10.0,4.0,55.0
14-01239946,60633.0,10.0,4.0,55.0
14-01209853,60633.0,10.0,4.0,55.0
14-01182295,60633.0,10.0,4.0,55.0
14-01182287,60633.0,10.0,4.0,55.0
14-01182283,60633.0,10.0,4.0,55.0
14-01182280,60633.0,10.0,4.0,55.0
14-01182277,60633.0,10.0,4.0,55.0
14-01182266,60633.0,10.0,4.0,55.0
14-01182254,60633.0,10.0,4.0,55.0
14-01182242,60633.0,10.0,4.0,55.0
14-01182233,60633.0,10.0,4.0,55.0
14-01171288,60633.0,10.0,4.0,55.0
14-01171398,60633.0,10.0,4.0,55.0
14-01163945,60633.0,10.0,4.0,55.0
14-01164061,60633.0,10.0,4.0,55.0
14-01164070,60633.0,10.0,4.0,55.0
14-01104812,60633.0,10.0,4.0,55.0
14-01104804,60633.0,10.0,4.0,55.0
14-01104807,60633.0,10.0,4.0,55.0
14-01104803,60633.0,10.0,4.0,55.0
14-01026986,60633.0,10.0,4.0,55.0
14-00955930,60633.0,10.0,4.0,55.0
14-00918362,60633.0,10.0,4.0,51.0
14-00902029,60633.0,10.0,4.0,55.0
14-00829802,60633.0,10.0,4.0,55.0
14-00829796,60633.0,10.0,4.0,55.0
14-00715460,60633.0,10.0,4.0,55.0
14-00682456,60633.0,10.0,4.0,55.0
14-00655735,60633.0,10.0,4.0,55.0
14-00475507,60633.0,10.0,4.0,55.0
14-00459328,60633.0,10.0,4.0,55.0
14-00435840,60633.0,10.0,4.0,55.0
14-00435846,60633.0,10.0,4.0,55.0
14-00423400,60633.0,10.0,4.0,55.0
14-00420903,60633.0,10.0,4.0,55.0
14-00389310,60633.0,10.0,4.0,55.0
14-00374281,60633.0,10.0,4.0,55.0
14-00296397,60633.0,10.0,4.0,55.0
14-00191884,60633.0,10.0,4.0,55.0
14-00190004,60633.0,10.0,4.0,55.0
14-00063400,60633.0,10.0,4.0,55.0
14-00063420,60633.0,10.0,4.0,55.0
14-00063411,60633.0,10.0,4.0,55.0
14-00017789,60633.0,10.0,4.0,55.0
14-00017771,60633.0,10.0,4.0,55.0
14-00017755,60633.0,10.0,4.0,55.0
13-01877555,60633.0,10.0,4.0,55.0
13-01877563,60633.0,10.0,4.0,55.0
13-01873371,60633.0,10.0,4.0,55.0
13-01867704,60633.0,10.0,4.0,55.0
13-01861984,60633.0,10.0,4.0,55.0
13-01855389,60633.0,10.0,4.0,55.0
13-01855770,60633.0,10.0,4.0,55.0
13-01841959,60633.0,10.0,4.0,55.0
13-01842952,60633.0,10.0,4.0,55.0
13-01811148,60633.0,10.0,4.0,55.0
13-01811101,60633.0,10.0,4.0,55.0
13-01811053,60633.0,10.0,4.0,55.0
13-01811033,60633.0,10.0,4.0,55.0
13-01811039,60633.0,10.0,4.0,55.0
13-01811356,60633.0,10.0,4.0,55.0
13-01811447,60633.0,10.0,4.0,55.0
13-01811460,60633.0,10.0,4.0,55.0
13-01811468,60633.0,10.0,4.0,55.0
13-01784200,60633.0,10.0,4.0,55.0
13-01784135,60633.0,10.0,4.0,55.0
13-01734295,60633.0,10.0,4.0,55.0
13-01717133,60633.0,10.0,4.0,55.0
13-01710173,60633.0,10.0,4.0,55.0
13-01710181,60633.0,10.0,4.0,55.0
13-01710244,60633.0,10.0,4.0,55.0
13-01702941,60633.0,10.0,4.0,55.0
13-01694375,60633.0,10.0,4.0,55.0
13-01694392,60633.0,10.0,4.0,55.0
13-01691208,60633.0,10.0,4.0,55.0
13-01683570,60633.0,10.0,4.0,55.0
13-01563636,60633.0,10.0,4.0,55.0
13-01563642,60633.0,10.0,4.0,55.0
13-01559228,60633.0,10.0,4.0,55.0
13-01559268,60633.0,10.0,4.0,55.0
13-01559261,60633.0,10.0,4.0,55.0
13-01544486,60633.0,10.0,4.0,55.0
13-01537553,60633.0,10.0,4.0,51.0
13-01537428,60633.0,10.0,4.0,51.0
13-01497788,60633.0,10.0,4.0,55.0
13-01485420,60633.0,10.0,4.0,55.0
13-01485265,60633.0,10.0,4.0,55.0
13-01485291,60633.0,10.0,4.0,55.0
13-01484820,60633.0,10.0,4.0,55.0
13-01480725,60633.0,10.0,4.0,51.0
13-01467716,60633.0,10.0,4.0,55.0
13-01467678,60633.0,10.0,4.0,55.0
13-01467738,60633.0,10.0,4.0,55.0
13-01467725,60633.0,10.0,4.0,55.0
13-01464380,60633.0,10.0,4.0,55.0
13-01420909,60633.0,10.0,4.0,55.0
13-01404270,60633.0,10.0,4.0,55.0
13-01401566,60633.0,10.0,4.0,55.0
13-01392259,60633.0,10.0,4.0,55.0
13-01392894,60633.0,10.0,4.0,55.0
13-01384256,60633.0,10.0,4.0,55.0
13-01381075,60633.0,10.0,4.0,55.0
13-01379493,60633.0,10.0,4.0,55.0
13-01380818,60633.0,10.0,4.0,55.0
13-01381913,60633.0,10.0,4.0,55.0
13-01379487,60633.0,10.0,4.0,55.0
13-01373374,60633.0,10.0,4.0,55.0
13-01375233,60633.0,10.0,4.0,55.0
13-01376343,60633.0,10.0,4.0,55.0
13-01380825,60633.0,10.0,4.0,55.0
13-01380822,60633.0,10.0,4.0,55.0
13-01373364,60633.0,10.0,4.0,55.0
13-01378731,60633.0,10.0,4.0,55.0
13-01373371,60633.0,10.0,4.0,55.0
13-01373362,60633.0,10.0,4.0,55.0
13-01380835,60633.0,10.0,4.0,55.0
13-01372533,60633.0,10.0,4.0,55.0
13-01371680,60633.0,10.0,4.0,55.0
13-01372767,60633.0,10.0,4.0,55.0
13-01373057,60633.0,10.0,4.0,55.0
13-01366301,60633.0,10.0,4.0,55.0
13-01370715,60633.0,10.0,4.0,55.0
13-01370119,60633.0,10.0,4.0,55.0
13-01370118,60633.0,10.0,4.0,55.0
13-01366293,60633.0,10.0,4.0,55.0
13-01368648,60633.0,10.0,4.0,55.0
13-01372746,60633.0,10.0,4.0,55.0
13-01367750,60633.0,10.0,4.0,55.0
13-01366293,60633.0,10.0,4.0,55.0
13-01362678,60633.0,10.0,4.0,55.0
13-01357609,60633.0,10.0,4.0,55.0
13-01362138,60633.0,10.0,4.0,55.0
13-01357521,60633.0,10.0,4.0,55.0
13-01362607,60633.0,10.0,4.0,55.0
13-01361891,60633.0,10.0,4.0,55.0
13-01361101,60633.0,10.0,4.0,55.0
13-01312207,60633.0,10.0,4.0,55.0
13-01282310,60633.0,10.0,4.0,55.0
13-01288100,60633.0,10.0,4.0,55.0
13-01245657,60633.0,10.0,4.0,55.0
13-01238186,60633.0,10.0,4.0,55.0
13-01238146,60633.0,10.0,4.0,55.0
13-01224569,60633.0,10.0,4.0,55.0
13-01203858,60633.0,10.0,4.0,55.0
13-01190625,60633.0,10.0,4.0,55.0
13-01152101,60633.0,10.0,4.0,55.0
13-01151520,60633.0,10.0,4.0,55.0
13-01151580,60633.0,10.0,4.0,55.0
13-01136500,60633.0,10.0,4.0,55.0
13-01136478,60633.0,10.0,4.0,55.0
13-01119303,60633.0,10.0,4.0,55.0
13-01118637,60633.0,10.0,4.0,51.0
13-01112008,60633.0,10.0,4.0,55.0
13-01094336,60633.0,10.0,4.0,55.0
13-01064953,60633.0,10.0,4.0,55.0
13-01047874,60633.0,10.0,4.0,55.0
13-01048892,60633.0,10.0,4.0,55.0
13-01040807,60633.0,10.0,4.0,55.0
13-01040839,60633.0,10.0,4.0,55.0
13-01036227,60633.0,10.0,4.0,55.0
13-01036196,60633.0,10.0,4.0,55.0
13-01036190,60633.0,10.0,4.0,55.0
13-01032091,60633.0,10.0,4.0,55.0
13-01032484,60633.0,10.0,4.0,55.0
13-01028088,60633.0,10.0,4.0,55.0
13-01012206,60633.0,10.0,4.0,55.0
13-01006241,60633.0,10.0,4.0,55.0
13-01003132,60633.0,10.0,4.0,55.0
13-01011012,60633.0,10.0,4.0,55.0
13-01010972,60633.0,10.0,4.0,55.0
13-01005132,60633.0,10.0,4.0,55.0
13-01005113,60633.0,10.0,4.0,55.0
13-01005106,60633.0,10.0,4.0,55.0
13-01005085,60633.0,10.0,4.0,55.0
13-01005168,60633.0,10.0,4.0,55.0
13-01005157,60633.0,10.0,4.0,55.0
13-00992739,60633.0,10.0,4.0,55.0
13-00992803,60633.0,10.0,4.0,55.0
13-00992769,60633.0,10.0,4.0,55.0
13-00994714,60633.0,10.0,4.0,55.0
13-00992804,60633.0,10.0,4.0,55.0
13-00989770,60633.0,10.0,4.0,55.0
13-00986478,60633.0,10.0,4.0,55.0
13-00982619,60633.0,10.0,4.0,55.0
13-00983716,60633.0,10.0,4.0,55.0
13-00977236,60633.0,10.0,4.0,55.0
13-00977261,60633.0,10.0,4.0,55.0
13-00980627,60633.0,10.0,4.0,55.0
13-00935547,60633.0,10.0,4.0,55.0
13-00718633,60633.0,10.0,4.0,55.0
13-00718630,60633.0,10.0,4.0,55.0
13-00715939,60633.0,10.0,4.0,55.0
13-00708586,60633.0,10.0,4.0,55.0
13-00690344,60633.0,10.0,4.0,55.0
13-00690217,60633.0,10.0,4.0,55.0
13-00690394,60633.0,10.0,4.0,55.0
13-00690390,60633.0,10.0,4.0,55.0
13-00681332,60633.0,10.0,4.0,55.0
13-00663253,60633.0,10.0,4.0,55.0
13-00625891,60633.0,10.0,4.0,55.0
13-00627745,60633.0,10.0,4.0,55.0
13-00625878,60633.0,10.0,4.0,55.0
13-00625855,60633.0,10.0,4.0,55.0
13-00607787,60633.0,10.0,4.0,55.0
13-00601837,60633.0,10.0,4.0,55.0
13-00601834,60633.0,10.0,4.0,55.0
13-00597428,60633.0,10.0,4.0,55.0
13-00595061,60633.0,10.0,4.0,55.0
13-00569026,60633.0,10.0,4.0,55.0
13-00569021,60633.0,10.0,4.0,55.0
13-00562355,60633.0,10.0,4.0,55.0
13-00562365,60633.0,10.0,4.0,55.0
13-00551036,60633.0,10.0,4.0,55.0
13-00551020,60633.0,10.0,4.0,55.0
13-00551078,60633.0,10.0,4.0,55.0
13-00550948,60633.0,10.0,4.0,55.0
13-00551082,60633.0,10.0,4.0,55.0
13-00548410,60633.0,10.0,4.0,55.0
13-00550864,60633.0,10.0,4.0,55.0
13-00550895,60633.0,10.0,4.0,55.0
13-00535566,60633.0,10.0,4.0,55.0
13-00533924,60633.0,10.0,4.0,55.0
13-00520885,60633.0,10.0,4.0,55.0
13-00520882,60633.0,10.0,4.0,55.0
13-00503814,60633.0,10.0,4.0,55.0
13-00499450,60633.0,10.0,4.0,55.0
13-00498273,60633.0,10.0,4.0,55.0
13-00491161,60633.0,10.0,4.0,55.0
13-00472428,60633.0,10.0,4.0,55.0
13-00463902,60633.0,10.0,4.0,55.0
13-00427980,60633.0,10.0,4.0,55.0
13-00427968,60633.0,10.0,4.0,55.0
13-00428326,60633.0,10.0,4.0,55.0
13-00408304,60633.0,10.0,4.0,55.0
13-00408307,60633.0,10.0,4.0,55.0
13-00410573,60633.0,10.0,4.0,55.0
13-00399477,60633.0,10.0,4.0,55.0
13-00403453,60633.0,10.0,4.0,55.0
13-00391640,60633.0,10.0,4.0,55.0
13-00358201,60633.0,10.0,4.0,55.0
13-00347806,60633.0,10.0,4.0,55.0
13-00345042,60633.0,10.0,4.0,55.0
13-00341479,60633.0,10.0,4.0,55.0
13-00334543,60633.0,10.0,4.0,55.0
13-00330131,60633.0,10.0,4.0,55.0
13-00314739,60633.0,10.0,4.0,55.0
13-00314981,60633.0,10.0,4.0,55.0
13-00313902,60633.0,10.0,4.0,55.0
13-00317264,60633.0,10.0,4.0,55.0
13-00300560,60633.0,10.0,4.0,55.0
13-00298845,60633.0,10.0,4.0,55.0
13-00272592,60633.0,10.0,4.0,55.0
13-00267460,60633.0,10.0,4.0,55.0
13-00267586,60633.0,10.0,4.0,55.0
13-00265919,60633.0,10.0,4.0,55.0
13-00265515,60633.0,10.0,4.0,55.0
13-00265921,60633.0,10.0,4.0,55.0
13-00209345,60633.0,10.0,4.0,55.0
13-00209098,60633.0,10.0,4.0,55.0
13-00200651,60633.0,10.0,4.0,55.0
13-00194592,60633.0,10.0,4.0,55.0
13-00189499,60633.0,10.0,4.0,55.0
13-00171075,60633.0,10.0,4.0,55.0
13-00171079,60633.0,10.0,4.0,55.0
13-00153047,60633.0,10.0,4.0,55.0
13-00155242,60633.0,10.0,4.0,55.0
13-00137075,60633.0,10.0,4.0,55.0
13-00132951,60633.0,10.0,4.0,55.0
13-00132958,60633.0,10.0,4.0,55.0
13-00132975,60633.0,10.0,4.0,55.0
13-00132194,60633.0,10.0,4.0,55.0
13-00133007,60633.0,10.0,4.0,55.0
13-00133241,60633.0,10.0,4.0,55.0
13-00131002,60633.0,10.0,4.0,55.0
13-00107554,60633.0,10.0,4.0,55.0
13-00109657,60633.0,10.0,4.0,55.0
13-00091796,60633.0,10.0,4.0,55.0
13-00091802,60633.0,10.0,4.0,55.0
13-00083302,60633.0,10.0,4.0,55.0
13-00070728,60633.0,10.0,4.0,55.0
13-00050888,60633.0,10.0,4.0,55.0
13-00050915,60633.0,10.0,4.0,55.0
13-00043835,60633.0,10.0,4.0,55.0
13-00037319,60633.0,10.0,4.0,55.0
13-00030780,60633.0,10.0,4.0,55.0
13-00022212,60633.0,10.0,4.0,55.0
13-00019321,60633.0,10.0,4.0,55.0
12-02037229,60633.0,10.0,4.0,55.0
12-02022601,60633.0,10.0,4.0,55.0
12-02011517,60633.0,10.0,4.0,55.0
12-01974242,60633.0,10.0,4.0,55.0
12-01961584,60633.0,10.0,4.0,55.0
12-01933725,60633.0,10.0,4.0,55.0
12-01933712,60633.0,10.0,4.0,55.0
12-01927261,60633.0,10.0,4.0,55.0
12-01927264,60633.0,10.0,4.0,55.0
12-01928841,60633.0,10.0,4.0,55.0
12-01925701,60633.0,10.0,4.0,55.0
12-01925700,60633.0,10.0,4.0,55.0
12-01921710,60633.0,10.0,4.0,55.0
12-01921472,60633.0,10.0,4.0,55.0
12-01914163,60633.0,10.0,4.0,55.0
12-01907686,60633.0,10.0,4.0,55.0
12-01907662,60633.0,10.0,4.0,55.0
12-01905821,60633.0,10.0,4.0,55.0
12-01905376,60633.0,10.0,4.0,55.0
12-01795918,60633.0,10.0,4.0,55.0
12-01786866,60633.0,10.0,4.0,55.0
12-01782639,60633.0,10.0,4.0,55.0
12-01769314,60633.0,10.0,4.0,55.0
12-01760683,60633.0,10.0,4.0,55.0
12-01760684,60633.0,10.0,4.0,55.0
12-01750126,60633.0,10.0,4.0,55.0
12-01740593,60633.0,10.0,4.0,55.0
12-01740600,60633.0,10.0,4.0,55.0
12-01740587,60633.0,10.0,4.0,55.0
12-01740597,60633.0,10.0,4.0,55.0
12-01741221,60633.0,10.0,4.0,55.0
12-01726728,60633.0,10.0,4.0,55.0
12-01727492,60633.0,10.0,4.0,55.0
12-01729410,60633.0,10.0,4.0,55.0
12-01728765,60633.0,10.0,4.0,55.0
12-01724587,60633.0,10.0,4.0,55.0
12-01724661,60633.0,10.0,4.0,55.0
12-01724608,60633.0,10.0,4.0,55.0
12-01724598,60633.0,10.0,4.0,55.0
12-01724969,60633.0,10.0,4.0,55.0
12-01725782,60633.0,10.0,4.0,55.0
12-01724611,60633.0,10.0,4.0,55.0
12-01722189,60633.0,10.0,4.0,55.0
12-01722304,60633.0,10.0,4.0,55.0
12-01723241,60633.0,10.0,4.0,55.0
12-01722343,60633.0,10.0,4.0,55.0
12-01721242,60633.0,10.0,4.0,55.0
12-01721735,60633.0,10.0,4.0,55.0
12-01720296,60633.0,10.0,4.0,55.0
12-01720186,60633.0,10.0,4.0,55.0
12-01720076,60633.0,10.0,4.0,55.0
12-01719730,60633.0,10.0,4.0,55.0
12-01720547,60633.0,10.0,4.0,55.0
12-01720542,60633.0,10.0,4.0,55.0
12-01720615,60633.0,10.0,4.0,55.0
12-01720870,60633.0,10.0,4.0,55.0
12-01720545,60633.0,10.0,4.0,55.0
12-01719954,60633.0,10.0,4.0,55.0
12-01720013,60633.0,10.0,4.0,55.0
12-01719976,60633.0,10.0,4.0,55.0
12-01720072,60633.0,10.0,4.0,55.0
12-01714011,60633.0,10.0,4.0,55.0
12-01713123,60633.0,10.0,4.0,55.0
12-01702718,60633.0,10.0,4.0,55.0
12-01702716,60633.0,10.0,4.0,55.0
12-01704493,60633.0,10.0,4.0,55.0
12-01703120,60633.0,10.0,4.0,55.0
12-01702712,60633.0,10.0,4.0,55.0
12-01702714,60633.0,10.0,4.0,55.0
12-01701671,60633.0,10.0,4.0,55.0
12-01700656,60633.0,10.0,4.0,55.0
12-01699617,60633.0,10.0,4.0,55.0
12-01698236,60633.0,10.0,4.0,55.0
12-01701840,60633.0,10.0,4.0,55.0
12-01696555,60633.0,10.0,4.0,55.0
12-01696556,60633.0,10.0,4.0,55.0
12-01693747,60633.0,10.0,4.0,55.0
12-01677837,60633.0,10.0,4.0,55.0
12-01677325,60633.0,10.0,4.0,55.0
12-01677320,60633.0,10.0,4.0,55.0
12-01670884,60633.0,10.0,4.0,55.0
12-01665959,60633.0,10.0,4.0,55.0
12-01665159,60633.0,10.0,4.0,55.0
12-01625641,60633.0,10.0,4.0,55.0
12-01619258,60633.0,10.0,4.0,55.0
12-01619474,60633.0,10.0,4.0,55.0
12-01601607,60633.0,10.0,4.0,55.0
12-01564676,60633.0,10.0,4.0,55.0
12-01558018,60633.0,10.0,4.0,55.0
12-01547019,60633.0,10.0,4.0,55.0
12-01534487,60633.0,10.0,4.0,55.0
12-01534502,60633.0,10.0,4.0,55.0
12-01531443,60633.0,10.0,4.0,55.0
12-01526487,60633.0,10.0,4.0,55.0
12-01526597,60633.0,10.0,4.0,55.0
12-01526569,60633.0,10.0,4.0,55.0
12-01526589,60633.0,10.0,4.0,55.0
12-01526580,60633.0,10.0,4.0,55.0
12-01526628,60633.0,10.0,4.0,55.0
12-01526622,60633.0,10.0,4.0,55.0
12-01526647,60633.0,10.0,4.0,55.0
12-01526637,60633.0,10.0,4.0,55.0
12-01526862,60633.0,10.0,4.0,55.0
12-01520556,60633.0,10.0,4.0,55.0
12-01518921,60633.0,10.0,4.0,55.0
12-01518911,60633.0,10.0,4.0,55.0
12-01518832,60633.0,10.0,4.0,55.0
12-01518849,60633.0,10.0,4.0,55.0
12-01518867,60633.0,10.0,4.0,55.0
12-01518859,60633.0,10.0,4.0,55.0
12-01518934,60633.0,10.0,4.0,55.0
12-01517239,60633.0,10.0,4.0,55.0
12-01517234,60633.0,10.0,4.0,55.0
12-01517243,60633.0,10.0,4.0,55.0
12-01519539,60633.0,10.0,4.0,55.0
12-01507020,60633.0,10.0,4.0,55.0
12-01506931,60633.0,10.0,4.0,55.0
12-01507908,60633.0,10.0,4.0,55.0
12-01481864,60633.0,10.0,4.0,55.0
12-01485585,60633.0,10.0,4.0,55.0
12-01470649,60633.0,10.0,4.0,55.0
12-01457563,60633.0,10.0,4.0,55.0
12-01437213,60633.0,10.0,4.0,55.0
12-01438724,60633.0,10.0,4.0,55.0
12-01429635,60633.0,10.0,4.0,55.0
12-01426328,60633.0,10.0,4.0,55.0
12-01423070,60633.0,10.0,4.0,55.0
12-01422688,60633.0,10.0,4.0,55.0
12-01422691,60633.0,10.0,4.0,55.0
12-01407896,60633.0,10.0,4.0,55.0
12-01383146,60633.0,10.0,4.0,55.0
12-01375236,60633.0,10.0,4.0,55.0
12-01373510,60633.0,10.0,4.0,55.0
12-01369907,60633.0,10.0,4.0,55.0
12-01367216,60633.0,10.0,4.0,55.0
12-01322591,60633.0,10.0,4.0,55.0
12-01319917,60633.0,10.0,4.0,55.0
12-01319951,60633.0,10.0,4.0,55.0
12-01318633,60633.0,10.0,4.0,55.0
12-01322527,60633.0,10.0,4.0,55.0
12-01322723,60633.0,10.0,4.0,55.0
12-01297731,60633.0,10.0,4.0,55.0
12-01289121,60633.0,10.0,4.0,55.0
12-01288752,60633.0,10.0,4.0,55.0
12-01289240,60633.0,10.0,4.0,55.0
12-01295503,60633.0,10.0,4.0,55.0
12-01281513,60633.0,10.0,4.0,55.0
12-01285447,60633.0,10.0,4.0,55.0
12-01282201,60633.0,10.0,4.0,55.0
12-01282174,60633.0,10.0,4.0,55.0
12-01286757,60633.0,10.0,4.0,55.0
12-01277327,60633.0,10.0,4.0,55.0
12-01270661,60633.0,10.0,4.0,55.0
12-01272279,60633.0,10.0,4.0,55.0
12-01271585,60633.0,10.0,4.0,55.0
12-01272266,60633.0,10.0,4.0,55.0
12-01262097,60633.0,10.0,4.0,55.0
12-01267734,60633.0,10.0,4.0,55.0
12-01263633,60633.0,10.0,4.0,55.0
12-01263692,60633.0,10.0,4.0,51.0
12-01263603,60633.0,10.0,4.0,55.0
12-01253136,60633.0,10.0,4.0,55.0
12-01249953,60633.0,10.0,4.0,55.0
12-01245308,60633.0,10.0,4.0,55.0
12-01239810,60633.0,10.0,4.0,55.0
12-01243887,60633.0,10.0,4.0,55.0
12-01242331,60633.0,10.0,4.0,55.0
12-01232797,60633.0,10.0,4.0,55.0
12-01224730,60633.0,10.0,4.0,55.0
12-01227178,60633.0,10.0,4.0,55.0
12-01224119,60633.0,10.0,4.0,55.0
12-01227414,60633.0,10.0,4.0,55.0
12-01219833,60633.0,10.0,4.0,55.0
12-01176703,60633.0,10.0,4.0,55.0
12-01176888,60633.0,10.0,4.0,55.0
12-01172230,60633.0,10.0,4.0,55.0
12-01170502,60633.0,10.0,4.0,55.0
12-01170495,60633.0,10.0,4.0,55.0
12-01153154,60633.0,10.0,4.0,55.0
12-01146290,60633.0,10.0,4.0,55.0
12-01144855,60633.0,10.0,4.0,55.0
12-01151739,60633.0,10.0,4.0,55.0
12-01146316,60633.0,10.0,4.0,55.0
12-01146306,60633.0,10.0,4.0,55.0
12-01146245,60633.0,10.0,4.0,55.0
12-01140723,60633.0,10.0,4.0,55.0
12-01143560,60633.0,10.0,4.0,55.0
12-01140370,60633.0,10.0,4.0,55.0
12-01127160,60633.0,10.0,4.0,55.0
12-01127154,60633.0,10.0,4.0,55.0
12-01127156,60633.0,10.0,4.0,55.0
12-01127153,60633.0,10.0,4.0,55.0
12-01118008,60633.0,10.0,4.0,55.0
12-01111812,60633.0,10.0,4.0,55.0
12-01113808,60633.0,10.0,4.0,55.0
12-01116301,60633.0,10.0,4.0,55.0
12-01105487,60633.0,10.0,4.0,55.0
12-01105713,60633.0,10.0,4.0,55.0
12-01105688,60633.0,10.0,4.0,55.0
12-01103749,60633.0,10.0,4.0,55.0
12-01103834,60633.0,10.0,4.0,55.0
12-01103839,60633.0,10.0,4.0,55.0
12-01105115,60633.0,10.0,4.0,55.0
12-01103898,60633.0,10.0,4.0,55.0
12-01103756,60633.0,10.0,4.0,55.0
12-01103709,60633.0,10.0,4.0,55.0
12-01106088,60633.0,10.0,4.0,55.0
12-01103741,60633.0,10.0,4.0,55.0
12-01094723,60633.0,10.0,4.0,55.0
12-01097569,60633.0,10.0,4.0,55.0
12-01094727,60633.0,10.0,4.0,55.0
12-01094731,60633.0,10.0,4.0,55.0
12-01102350,60633.0,10.0,4.0,55.0
12-01094726,60633.0,10.0,4.0,55.0
12-01092612,60633.0,10.0,4.0,55.0
12-01092610,60633.0,10.0,4.0,55.0
12-01086446,60633.0,10.0,4.0,55.0
12-01086440,60633.0,10.0,4.0,55.0
12-01086090,60633.0,10.0,4.0,55.0
12-01078627,60633.0,10.0,4.0,55.0
12-01071089,60633.0,10.0,4.0,55.0
12-01067597,60633.0,10.0,4.0,55.0
12-01059416,60633.0,10.0,4.0,55.0
12-01059104,60633.0,10.0,4.0,55.0
12-01059138,60633.0,10.0,4.0,55.0
12-01059163,60633.0,10.0,4.0,55.0
12-01059054,60633.0,10.0,4.0,55.0
12-01052453,60633.0,10.0,4.0,55.0
12-01045607,60633.0,10.0,4.0,55.0
12-01044447,60633.0,10.0,4.0,55.0
12-01044339,60633.0,10.0,4.0,55.0
12-01042027,60633.0,10.0,4.0,55.0
12-01034343,60633.0,10.0,4.0,55.0
12-01031756,60633.0,10.0,4.0,55.0
12-01026635,60633.0,10.0,4.0,55.0
12-01028310,60633.0,10.0,4.0,55.0
12-01031730,60633.0,10.0,4.0,55.0
12-01019769,60633.0,10.0,4.0,55.0
12-01018314,60633.0,10.0,4.0,55.0
12-01016504,60633.0,10.0,4.0,55.0
12-01016115,60633.0,10.0,4.0,55.0
12-01016116,60633.0,10.0,4.0,55.0
12-01016123,60633.0,10.0,4.0,55.0
12-01015683,60633.0,10.0,4.0,55.0
12-01016368,60633.0,10.0,4.0,55.0
12-01016360,60633.0,10.0,4.0,55.0
12-01016121,60633.0,10.0,4.0,55.0
12-01016118,60633.0,10.0,4.0,55.0
12-01005500,60633.0,10.0,4.0,55.0
12-01005497,60633.0,10.0,4.0,55.0
12-01005531,60633.0,10.0,4.0,55.0
12-01005532,60633.0,10.0,4.0,55.0
12-00984182,60633.0,10.0,4.0,55.0
12-00984181,60633.0,10.0,4.0,55.0
12-00985092,60633.0,10.0,4.0,55.0
12-00982809,60633.0,10.0,4.0,55.0
12-00982851,60633.0,10.0,4.0,55.0
12-00982850,60633.0,10.0,4.0,55.0
12-00978755,60633.0,10.0,4.0,55.0
12-00969896,60633.0,10.0,4.0,55.0
12-00960391,60633.0,10.0,4.0,55.0
12-00884598,60633.0,10.0,4.0,55.0
12-00888187,60633.0,10.0,4.0,55.0
12-00880377,60633.0,10.0,4.0,55.0
12-00865702,60633.0,10.0,4.0,55.0
12-00820911,60633.0,10.0,4.0,55.0
12-00809031,60633.0,10.0,4.0,55.0
12-00796793,60633.0,10.0,4.0,55.0
12-00774708,60633.0,10.0,4.0,55.0
12-00775523,60633.0,10.0,4.0,55.0
12-00779436,60633.0,10.0,4.0,55.0
12-00736513,60633.0,10.0,4.0,55.0
12-00732782,60633.0,10.0,4.0,55.0
12-00722913,60633.0,10.0,4.0,55.0
12-00719375,60633.0,10.0,4.0,55.0
12-00702592,60633.0,10.0,4.0,55.0
12-00682131,60633.0,10.0,4.0,55.0
12-00671307,60633.0,10.0,4.0,55.0
12-00663684,60633.0,10.0,4.0,55.0
12-00663695,60633.0,10.0,4.0,55.0
12-00645086,60633.0,10.0,4.0,55.0
12-00634922,60633.0,10.0,4.0,51.0
12-00629081,60633.0,10.0,4.0,55.0
12-00623270,60633.0,10.0,4.0,55.0
12-00617430,60633.0,10.0,4.0,55.0
12-00550180,60633.0,10.0,4.0,55.0
12-00545435,60633.0,10.0,4.0,55.0
12-00542608,60633.0,10.0,4.0,55.0
12-00429440,60633.0,10.0,4.0,55.0
12-00275819,60633.0,10.0,4.0,55.0
12-00255458,60633.0,10.0,4.0,55.0
12-00215354,60633.0,10.0,4.0,55.0
12-00186255,60633.0,10.0,4.0,51.0
12-00118645,60633.0,10.0,4.0,51.0
12-00053556,60633.0,10.0,4.0,55.0
12-00053789,60633.0,10.0,4.0,55.0
12-00031127,60633.0,10.0,4.0,55.0
12-00022697,60633.0,10.0,4.0,55.0
12-00007627,60633.0,10.0,4.0,55.0
11-04299486,60633.0,10.0,4.0,55.0
11-04282578,60633.0,10.0,4.0,55.0
11-04284157,60633.0,10.0,4.0,55.0
11-04278937,60633.0,10.0,4.0,55.0
11-04247521,60633.0,10.0,4.0,55.0
11-04248572,60633.0,10.0,4.0,55.0
11-04247509,60633.0,10.0,4.0,55.0
11-04243349,60633.0,10.0,4.0,55.0
11-04233602,60633.0,10.0,4.0,55.0
11-04227951,60633.0,10.0,4.0,51.0
11-04207209,60633.0,10.0,4.0,55.0
11-04199248,60633.0,10.0,4.0,51.0
11-04193937,60633.0,10.0,4.0,55.0
11-04193993,60633.0,10.0,4.0,55.0
11-04193972,60633.0,10.0,4.0,55.0
11-04200190,60633.0,10.0,4.0,55.0
11-04180660,60633.0,10.0,4.0,55.0
11-04172010,60633.0,10.0,4.0,55.0
11-04172020,60633.0,10.0,4.0,55.0
11-04172008,60633.0,10.0,4.0,55.0
11-04172025,60633.0,10.0,4.0,55.0
11-04172016,60633.0,10.0,4.0,55.0
11-04172014,60633.0,10.0,4.0,55.0
11-04172012,60633.0,10.0,4.0,55.0
11-04171297,60633.0,10.0,4.0,55.0
11-04165389,60633.0,10.0,4.0,55.0
11-04162161,60633.0,10.0,4.0,55.0
11-04162042,60633.0,10.0,4.0,55.0
11-04149866,60633.0,10.0,4.0,55.0
11-04151904,60633.0,10.0,4.0,55.0
11-04148297,60633.0,10.0,4.0,55.0
11-04148300,60633.0,10.0,4.0,55.0
11-04139617,60633.0,10.0,4.0,55.0
11-04139619,60633.0,10.0,4.0,55.0
11-04139622,60633.0,10.0,4.0,55.0
11-04139616,60633.0,10.0,4.0,55.0
11-04138223,60633.0,10.0,4.0,55.0
11-04129772,60633.0,10.0,4.0,55.0
11-04130225,60633.0,10.0,4.0,55.0
11-04132921,60633.0,10.0,4.0,55.0
11-04129246,60633.0,10.0,4.0,55.0
11-04129144,60633.0,10.0,4.0,55.0
11-04119264,60633.0,10.0,4.0,55.0
11-04124871,60633.0,10.0,4.0,55.0
11-04120586,60633.0,10.0,4.0,55.0
11-04120563,60633.0,10.0,4.0,55.0
11-04112732,60633.0,10.0,4.0,55.0
11-04114661,60633.0,10.0,4.0,55.0
11-04114643,60633.0,10.0,4.0,55.0
11-04112495,60633.0,10.0,4.0,55.0
11-04117729,60633.0,10.0,4.0,55.0
11-04115967,60633.0,10.0,4.0,55.0
11-04111518,60633.0,10.0,4.0,55.0
11-04112749,60633.0,10.0,4.0,55.0
11-04111513,60633.0,10.0,4.0,55.0
11-04112770,60633.0,10.0,4.0,55.0
11-04111505,60633.0,10.0,4.0,55.0
11-04111515,60633.0,10.0,4.0,55.0
11-04111514,60633.0,10.0,4.0,55.0
11-04111510,60633.0,10.0,4.0,55.0
11-04112994,60633.0,10.0,4.0,55.0
11-04114624,60633.0,10.0,4.0,55.0
11-04114679,60633.0,10.0,4.0,55.0
11-04108387,60633.0,10.0,4.0,55.0
11-04106841,60633.0,10.0,4.0,55.0
11-04104894,60633.0,10.0,4.0,55.0
11-04104992,60633.0,10.0,4.0,55.0
11-04105029,60633.0,10.0,4.0,55.0
11-04105008,60633.0,10.0,4.0,55.0
11-04099929,60633.0,10.0,4.0,55.0
11-04099901,60633.0,10.0,4.0,55.0
11-04099968,60633.0,10.0,4.0,55.0
11-04093883,60633.0,10.0,4.0,55.0
11-04092696,60633.0,10.0,4.0,55.0
11-04093044,60633.0,10.0,4.0,55.0
11-04096209,60633.0,10.0,4.0,55.0
11-04091163,60633.0,10.0,4.0,55.0
11-04089882,60633.0,10.0,4.0,55.0
11-04083869,60633.0,10.0,4.0,55.0
11-04083225,60633.0,10.0,4.0,55.0
11-04077159,60633.0,10.0,4.0,55.0
11-04076132,60633.0,10.0,4.0,55.0
11-04067045,60633.0,10.0,4.0,55.0
11-04056646,60633.0,10.0,4.0,55.0
11-04038067,60633.0,10.0,4.0,55.0
11-04027191,60633.0,10.0,4.0,55.0
11-04027172,60633.0,10.0,4.0,55.0
11-04027197,60633.0,10.0,4.0,55.0
11-04017697,60633.0,10.0,4.0,55.0
11-04011170,60633.0,10.0,4.0,55.0
11-04011395,60633.0,10.0,4.0,55.0
11-04015139,60633.0,10.0,4.0,55.0
11-03993402,60633.0,10.0,4.0,55.0
11-03987265,60633.0,10.0,4.0,55.0
11-03978096,60633.0,10.0,4.0,51.0
11-03978084,60633.0,10.0,4.0,55.0
11-03978102,60633.0,10.0,4.0,55.0
11-03961594,60633.0,10.0,4.0,55.0
11-03965124,60633.0,10.0,4.0,55.0
11-03961313,60633.0,10.0,4.0,55.0
11-03961300,60633.0,10.0,4.0,55.0
11-03964564,60633.0,10.0,4.0,55.0
11-03959636,60633.0,10.0,4.0,55.0
11-03957211,60633.0,10.0,4.0,55.0
11-03957158,60633.0,10.0,4.0,55.0
11-03957213,60633.0,10.0,4.0,55.0
11-03958088,60633.0,10.0,4.0,55.0
11-03957146,60633.0,10.0,4.0,55.0
11-03957159,60633.0,10.0,4.0,55.0
11-03958661,60633.0,10.0,4.0,55.0
11-03958630,60633.0,10.0,4.0,55.0
11-03927949,60633.0,10.0,4.0,55.0
11-03927947,60633.0,10.0,4.0,55.0
11-03927943,60633.0,10.0,4.0,55.0
11-03927909,60633.0,10.0,4.0,55.0
11-03925036,60633.0,10.0,4.0,55.0
11-03908461,60633.0,10.0,4.0,55.0
11-03908460,60633.0,10.0,4.0,55.0
11-03908463,60633.0,10.0,4.0,55.0
11-03897859,60633.0,10.0,4.0,55.0
11-03896252,60633.0,10.0,4.0,55.0
11-03896249,60633.0,10.0,4.0,55.0
11-03896234,60633.0,10.0,4.0,55.0
11-03896136,60633.0,10.0,4.0,55.0
11-03896127,60633.0,10.0,4.0,55.0
11-03896243,60633.0,10.0,4.0,55.0
11-03892717,60633.0,10.0,4.0,55.0
11-03882893,60633.0,10.0,4.0,55.0
11-03882892,60633.0,10.0,4.0,55.0
11-03883240,60633.0,10.0,4.0,55.0
11-03857664,60633.0,10.0,4.0,55.0
11-03857001,60633.0,10.0,4.0,55.0
11-03853145,60633.0,10.0,4.0,55.0
11-03853117,60633.0,10.0,4.0,55.0
11-03848230,60633.0,10.0,4.0,55.0
11-03843379,60633.0,10.0,4.0,55.0
11-03843378,60633.0,10.0,4.0,55.0
11-03843370,60633.0,10.0,4.0,55.0
11-03842261,60633.0,10.0,4.0,55.0
11-03835129,60633.0,10.0,4.0,55.0
11-03796264,60633.0,10.0,4.0,55.0
11-03773973,60633.0,10.0,4.0,55.0
11-03773960,60633.0,10.0,4.0,55.0
11-03773950,60633.0,10.0,4.0,55.0
11-03773912,60633.0,10.0,4.0,55.0
11-03773923,60633.0,10.0,4.0,55.0
11-03773933,60633.0,10.0,4.0,55.0
11-03774001,60633.0,10.0,4.0,55.0
11-03773980,60633.0,10.0,4.0,55.0
11-03773989,60633.0,10.0,4.0,55.0
11-03755264,60633.0,10.0,4.0,55.0
11-03741566,60633.0,10.0,4.0,55.0
11-03738684,60633.0,10.0,4.0,55.0
11-03738496,60633.0,10.0,4.0,55.0
11-03738438,60633.0,10.0,4.0,55.0
11-03738434,60633.0,10.0,4.0,55.0
11-03743509,60633.0,10.0,4.0,55.0
11-03717587,60633.0,10.0,4.0,55.0
11-03696136,60633.0,10.0,4.0,55.0
11-03680681,60633.0,10.0,4.0,55.0
11-03681376,60633.0,10.0,4.0,51.0
11-03678040,60633.0,10.0,4.0,55.0
11-03670690,60633.0,10.0,4.0,55.0
11-03670702,60633.0,10.0,4.0,55.0
11-03675069,60633.0,10.0,4.0,55.0
11-03673658,60633.0,10.0,4.0,55.0
11-03664000,60633.0,10.0,4.0,55.0
11-03664008,60633.0,10.0,4.0,55.0
11-03658337,60633.0,10.0,4.0,55.0
11-03621665,60633.0,10.0,4.0,55.0
11-03617402,60633.0,10.0,4.0,55.0
11-03596027,60633.0,10.0,4.0,55.0
11-03548721,60633.0,10.0,4.0,55.0
11-03476702,60633.0,10.0,4.0,55.0
11-03452872,60633.0,10.0,4.0,55.0
11-03452390,60633.0,10.0,4.0,55.0
11-03435948,60633.0,10.0,4.0,55.0
11-03424710,60633.0,10.0,4.0,55.0
11-03393145,60633.0,10.0,4.0,55.0
11-03401188,60633.0,10.0,4.0,55.0
11-03397302,60633.0,10.0,4.0,55.0
11-03393117,60633.0,10.0,4.0,55.0
11-03388201,60633.0,10.0,4.0,55.0
11-03388181,60633.0,10.0,4.0,55.0
11-03388205,60633.0,10.0,4.0,55.0
11-03371057,60633.0,10.0,4.0,55.0
11-03364037,60633.0,10.0,4.0,55.0
11-03361341,60633.0,10.0,4.0,55.0
11-03367162,60633.0,10.0,4.0,55.0
11-03355879,60633.0,10.0,4.0,55.0
11-03327102,60633.0,10.0,4.0,55.0
11-03316878,60633.0,10.0,4.0,55.0
11-03316904,60633.0,10.0,4.0,55.0
11-03310692,60633.0,10.0,4.0,55.0
11-03307515,60633.0,10.0,4.0,55.0
11-03307511,60633.0,10.0,4.0,55.0
11-03303520,60633.0,10.0,4.0,55.0
11-03301942,60633.0,10.0,4.0,55.0
11-03294637,60633.0,10.0,4.0,55.0
11-03285131,60633.0,10.0,4.0,55.0
11-03285122,60633.0,10.0,4.0,55.0
11-03285115,60633.0,10.0,4.0,55.0
11-03274824,60633.0,10.0,4.0,55.0
11-03254022,60633.0,10.0,4.0,55.0
11-03254018,60633.0,10.0,4.0,55.0
11-03254036,60633.0,10.0,4.0,55.0
11-03246360,60633.0,10.0,4.0,55.0
11-03246358,60633.0,10.0,4.0,55.0
11-03239343,60633.0,10.0,4.0,55.0
11-03241592,60633.0,10.0,4.0,55.0
11-03185881,60633.0,10.0,4.0,55.0
11-03181774,60633.0,10.0,4.0,55.0
11-03181757,60633.0,10.0,4.0,55.0
11-03183236,60633.0,10.0,4.0,55.0
11-03147446,60633.0,10.0,4.0,55.0
11-03087917,60633.0,10.0,4.0,55.0
11-03047442,60633.0,10.0,4.0,55.0
11-02910315,60633.0,10.0,4.0,55.0
11-02910301,60633.0,10.0,4.0,55.0
11-02863397,60633.0,10.0,4.0,55.0
11-02866502,60633.0,10.0,4.0,55.0
11-02875581,60633.0,10.0,4.0,55.0
11-02863115,60633.0,10.0,4.0,55.0
11-02861416,60633.0,10.0,4.0,55.0
11-02863153,60633.0,10.0,4.0,55.0
11-02861414,60633.0,10.0,4.0,55.0
11-02861420,60633.0,10.0,4.0,55.0
11-02863123,60633.0,10.0,4.0,55.0
11-02825594,60633.0,10.0,4.0,55.0
11-02782283,60633.0,10.0,4.0,55.0
11-02782136,60633.0,10.0,4.0,55.0
11-02781322,60633.0,10.0,4.0,55.0
11-02789126,60633.0,10.0,4.0,55.0
11-02792916,60633.0,10.0,4.0,55.0
11-02796149,60633.0,10.0,4.0,55.0
11-02788343,60633.0,10.0,4.0,55.0
11-02743839,60633.0,10.0,4.0,55.0
11-02654297,60633.0,10.0,4.0,55.0
11-02680332,60633.0,10.0,4.0,55.0
11-02610729,60633.0,10.0,4.0,55.0
11-02610782,60633.0,10.0,4.0,55.0
11-02610774,60633.0,10.0,4.0,55.0
11-02565583,60633.0,10.0,4.0,55.0
11-02565584,60633.0,10.0,4.0,55.0
11-02573101,60633.0,10.0,4.0,55.0
11-02525944,60633.0,10.0,4.0,55.0
11-02530623,60633.0,10.0,4.0,55.0
11-02533017,60633.0,10.0,4.0,55.0
11-02427479,60633.0,10.0,4.0,55.0
11-02387578,60633.0,10.0,4.0,55.0
11-02369356,60633.0,10.0,4.0,55.0
11-02384301,60633.0,10.0,4.0,55.0
11-02386096,60633.0,10.0,4.0,55.0
11-02374297,60633.0,10.0,4.0,55.0
11-02358490,60633.0,10.0,4.0,55.0
11-02331163,60633.0,10.0,4.0,55.0
11-02341798,60633.0,10.0,4.0,55.0
11-02343575,60633.0,10.0,4.0,55.0
11-02345886,60633.0,10.0,4.0,55.0
11-02348490,60633.0,10.0,4.0,55.0
11-02348291,60633.0,10.0,4.0,55.0
11-02355127,60633.0,10.0,4.0,55.0
11-02345911,60633.0,10.0,4.0,55.0
11-02360616,60633.0,10.0,4.0,55.0
11-02308189,60633.0,10.0,4.0,55.0
11-02248550,60633.0,10.0,4.0,55.0
11-02231693,60633.0,10.0,4.0,55.0
11-01945537,60633.0,10.0,4.0,55.0
11-01906507,60633.0,10.0,4.0,55.0
11-01836223,60633.0,10.0,4.0,55.0
11-01833007,60633.0,10.0,4.0,55.0
11-01794930,60633.0,10.0,4.0,55.0
11-01722820,60633.0,10.0,4.0,55.0
11-01693740,60633.0,10.0,4.0,55.0
11-01702047,60633.0,10.0,4.0,55.0
11-01706044,60633.0,10.0,4.0,55.0
11-01702613,60633.0,10.0,4.0,55.0
11-01699041,60633.0,10.0,4.0,55.0
11-01695923,60633.0,10.0,4.0,55.0
11-01696087,60633.0,10.0,4.0,55.0
11-01696054,60633.0,10.0,4.0,55.0
11-01696032,60633.0,10.0,4.0,55.0
11-01688128,60633.0,10.0,4.0,55.0
11-01676516,60633.0,10.0,4.0,55.0
11-01659736,60633.0,10.0,4.0,55.0
11-01624312,60633.0,10.0,4.0,55.0
11-01640848,60633.0,10.0,4.0,55.0
11-01640826,60633.0,10.0,4.0,55.0
11-01564830,60633.0,10.0,4.0,55.0
11-01520349,60633.0,10.0,4.0,55.0
11-01521152,60633.0,10.0,4.0,55.0
11-01521149,60633.0,10.0,4.0,55.0
11-01520343,60633.0,10.0,4.0,55.0
11-01520342,60633.0,10.0,4.0,55.0
11-01520344,60633.0,10.0,4.0,55.0
11-01520351,60633.0,10.0,4.0,55.0
11-01520345,60633.0,10.0,4.0,55.0
11-01488274,60633.0,10.0,4.0,55.0
11-01415511,60633.0,10.0,4.0,55.0
11-01241739,60633.0,10.0,4.0,55.0
11-01325186,60633.0,10.0,4.0,55.0
11-01211781,60633.0,10.0,4.0,55.0
11-01144064,60633.0,10.0,4.0,55.0
11-01144121,60633.0,10.0,4.0,55.0
11-01144092,60633.0,10.0,4.0,55.0
11-01144144,60633.0,10.0,4.0,55.0
11-01160422,60633.0,10.0,4.0,55.0
11-01127097,60633.0,10.0,4.0,55.0
11-01127083,60633.0,10.0,4.0,55.0
11-01114980,60633.0,10.0,4.0,55.0
11-01127096,60633.0,10.0,4.0,55.0
11-01115344,60633.0,10.0,4.0,55.0
11-01032221,60633.0,10.0,4.0,55.0
11-01035190,60633.0,10.0,4.0,55.0
11-01007857,60633.0,10.0,4.0,55.0
11-01010931,60633.0,10.0,4.0,55.0
11-01011354,60633.0,10.0,4.0,55.0
11-01011180,60633.0,10.0,4.0,55.0
11-01011160,60633.0,10.0,4.0,55.0
11-01011243,60633.0,10.0,4.0,55.0
11-01010192,60633.0,10.0,4.0,55.0
11-01016135,60633.0,10.0,4.0,55.0
11-01016023,60633.0,10.0,4.0,55.0
11-00984784,60633.0,10.0,4.0,55.0
11-00987559,60633.0,10.0,4.0,55.0
11-00996427,60633.0,10.0,4.0,55.0
11-00976780,60633.0,10.0,4.0,55.0
11-00979875,60633.0,10.0,4.0,55.0
11-00979870,60633.0,10.0,4.0,55.0
11-00981290,60633.0,10.0,4.0,55.0
11-00981488,60633.0,10.0,4.0,55.0
11-00983275,60633.0,10.0,4.0,55.0
11-00994479,60633.0,10.0,4.0,55.0
11-00919390,60633.0,10.0,4.0,55.0
11-00919386,60633.0,10.0,4.0,55.0
11-00919439,60633.0,10.0,4.0,55.0
11-00919432,60633.0,10.0,4.0,55.0
11-00826698,60633.0,10.0,4.0,55.0
11-00826695,60633.0,10.0,4.0,55.0
11-00826665,60633.0,10.0,4.0,55.0
11-00826663,60633.0,10.0,4.0,55.0
11-00826692,60633.0,10.0,4.0,55.0
11-00826691,60633.0,10.0,4.0,55.0
11-00826689,60633.0,10.0,4.0,55.0
11-00826685,60633.0,10.0,4.0,55.0
11-00826704,60633.0,10.0,4.0,55.0
11-00799516,60633.0,10.0,4.0,55.0
11-00801886,60633.0,10.0,4.0,55.0
11-00807223,60633.0,10.0,4.0,55.0
11-00801943,60633.0,10.0,4.0,55.0
11-00801949,60633.0,10.0,4.0,55.0
11-00807397,60633.0,10.0,4.0,55.0
11-00807409,60633.0,10.0,4.0,55.0
11-00809375,60633.0,10.0,4.0,55.0
11-00801924,60633.0,10.0,4.0,55.0
11-00776724,60633.0,10.0,4.0,55.0
11-00783430,60633.0,10.0,4.0,55.0
11-00774549,60633.0,10.0,4.0,55.0
11-00776705,60633.0,10.0,4.0,55.0
11-00775022,60633.0,10.0,4.0,55.0
11-00779994,60633.0,10.0,4.0,55.0
11-00775020,60633.0,10.0,4.0,55.0
11-00774553,60633.0,10.0,4.0,55.0
11-00776757,60633.0,10.0,4.0,55.0
11-00753837,60633.0,10.0,4.0,55.0
11-00758567,60633.0,10.0,4.0,55.0
11-00758587,60633.0,10.0,4.0,55.0
11-00754442,60633.0,10.0,4.0,55.0
11-00760246,60633.0,10.0,4.0,55.0
11-00760352,60633.0,10.0,4.0,55.0
11-00760340,60633.0,10.0,4.0,55.0
11-00760247,60633.0,10.0,4.0,55.0
11-00750738,60633.0,10.0,4.0,55.0
11-00752629,60633.0,10.0,4.0,55.0
11-00756967,60633.0,10.0,4.0,55.0
11-00756780,60633.0,10.0,4.0,55.0
11-00756757,60633.0,10.0,4.0,55.0
11-00757004,60633.0,10.0,4.0,55.0
11-00758592,60633.0,10.0,4.0,55.0
11-00765409,60633.0,10.0,4.0,55.0
11-00739012,60633.0,10.0,4.0,55.0
11-00717345,60633.0,10.0,4.0,55.0
11-00696795,60633.0,10.0,4.0,55.0
11-00675374,60633.0,10.0,4.0,55.0
11-00681032,60633.0,10.0,4.0,55.0
11-00580556,60633.0,10.0,4.0,55.0
11-00545494,60633.0,10.0,4.0,55.0
11-00493261,60633.0,10.0,4.0,55.0
11-00479758,60633.0,10.0,4.0,55.0
11-00497894,60633.0,10.0,4.0,55.0
11-00497914,60633.0,10.0,4.0,55.0
11-00479769,60633.0,10.0,4.0,55.0
11-00478176,60633.0,10.0,4.0,55.0
11-00474607,60633.0,10.0,4.0,55.0
11-00461722,60633.0,10.0,4.0,55.0
11-00455443,60633.0,10.0,4.0,55.0
11-00449883,60633.0,10.0,4.0,55.0
11-00449834,60633.0,10.0,4.0,55.0
11-00449715,60633.0,10.0,4.0,55.0
11-00449843,60633.0,10.0,4.0,55.0
11-00449846,60633.0,10.0,4.0,55.0
11-00448048,60633.0,10.0,4.0,55.0
11-00448639,60633.0,10.0,4.0,55.0
11-00448939,60633.0,10.0,4.0,55.0
11-00444259,60633.0,10.0,4.0,55.0
11-00434924,60633.0,10.0,4.0,55.0
11-00429005,60633.0,10.0,4.0,55.0
11-00434323,60633.0,10.0,4.0,55.0
11-00419752,60633.0,10.0,4.0,55.0
11-00420729,60633.0,10.0,4.0,55.0
11-00418959,60633.0,10.0,4.0,55.0
11-00410131,60633.0,10.0,4.0,55.0
11-00409422,60633.0,10.0,4.0,55.0
11-00397527,60633.0,10.0,4.0,55.0
11-00389767,60633.0,10.0,4.0,55.0
11-00384903,60633.0,10.0,4.0,55.0
11-00378903,60633.0,10.0,4.0,55.0
11-00378905,60633.0,10.0,4.0,55.0
11-00349129,60633.0,10.0,4.0,55.0
11-00342683,60633.0,10.0,4.0,55.0
11-00335157,60633.0,10.0,4.0,55.0
11-00334976,60633.0,10.0,4.0,55.0
11-00331263,60633.0,10.0,4.0,55.0
11-00331260,60633.0,10.0,4.0,55.0
11-00331259,60633.0,10.0,4.0,55.0
11-00331255,60633.0,10.0,4.0,55.0
11-00331247,60633.0,10.0,4.0,55.0
11-00331244,60633.0,10.0,4.0,55.0
11-00331254,60633.0,10.0,4.0,55.0
11-00331248,60633.0,10.0,4.0,55.0
11-00331253,60633.0,10.0,4.0,55.0
11-00331249,60633.0,10.0,4.0,55.0
11-00321829,60633.0,10.0,4.0,55.0
11-00315557,60633.0,10.0,4.0,55.0
11-00304189,60633.0,10.0,4.0,55.0
11-00277158,60633.0,10.0,4.0,55.0
11-00277157,60633.0,10.0,4.0,55.0
11-00277153,60633.0,10.0,4.0,55.0
11-00278712,60633.0,10.0,4.0,55.0
11-00281252,60633.0,10.0,4.0,55.0
11-00282425,60633.0,10.0,4.0,55.0
11-00272472,60633.0,10.0,4.0,55.0
11-00269476,60633.0,10.0,4.0,55.0
11-00269490,60633.0,10.0,4.0,55.0
11-00269483,60633.0,10.0,4.0,55.0
11-00269462,60633.0,10.0,4.0,55.0
11-00269472,60633.0,10.0,4.0,55.0
11-00263785,60633.0,10.0,4.0,55.0
11-00266997,60633.0,10.0,4.0,55.0
11-00253357,60633.0,10.0,4.0,55.0
11-00252870,60633.0,10.0,4.0,55.0
11-00252859,60633.0,10.0,4.0,55.0
11-00252884,60633.0,10.0,4.0,55.0
11-00253105,60633.0,10.0,4.0,55.0
11-00254561,60633.0,10.0,4.0,55.0
11-00253202,60633.0,10.0,4.0,55.0
11-00249058,60633.0,10.0,4.0,55.0
11-00244170,60633.0,10.0,4.0,55.0
11-00155743,60633.0,10.0,4.0,55.0
11-00155745,60633.0,10.0,4.0,55.0
11-00155753,60633.0,10.0,4.0,55.0
11-00148358,60633.0,10.0,4.0,55.0
11-00146959,60633.0,10.0,4.0,55.0
11-00138578,60633.0,10.0,4.0,55.0
11-00135603,60633.0,10.0,4.0,55.0
11-00135576,60633.0,10.0,4.0,55.0
11-00124375,60633.0,10.0,4.0,55.0
11-00124678,60633.0,10.0,4.0,55.0
11-00124684,60633.0,10.0,4.0,55.0
11-00124689,60633.0,10.0,4.0,55.0
11-00110993,60633.0,10.0,4.0,55.0
11-00113273,60633.0,10.0,4.0,55.0
11-00098388,60633.0,10.0,4.0,55.0
11-00089252,60633.0,10.0,4.0,55.0
11-00089245,60633.0,10.0,4.0,55.0
11-00060489,60633.0,10.0,4.0,55.0
11-00066236,60633.0,10.0,4.0,55.0
11-00065011,60633.0,10.0,4.0,55.0
11-00060514,60633.0,10.0,4.0,55.0
11-00055886,60633.0,10.0,4.0,55.0
11-00042700,60633.0,10.0,4.0,55.0
11-00046194,60633.0,10.0,4.0,55.0
11-00047596,60633.0,10.0,4.0,55.0
11-00040606,60633.0,10.0,4.0,55.0
11-00038709,60633.0,10.0,4.0,51.0
11-00036024,60633.0,10.0,4.0,55.0
11-00029033,60633.0,10.0,4.0,55.0
11-00029026,60633.0,10.0,4.0,55.0
11-00029050,60633.0,10.0,4.0,55.0
10-02070706,60633.0,10.0,4.0,55.0
