15-04875724,60636.0,15.0,7.0,67.0
15-04879159,60636.0,15.0,7.0,67.0
15-04852320,60636.0,16.0,7.0,67.0
15-04824635,60636.0,16.0,7.0,67.0
15-04808891,60636.0,17.0,7.0,67.0
15-04809133,60636.0,16.0,8.0,66.0
15-04779988,60636.0,15.0,7.0,67.0
15-04736944,60636.0,16.0,7.0,67.0
15-04736947,60636.0,16.0,7.0,67.0
15-04727142,60636.0,16.0,8.0,63.0
15-04731611,60636.0,16.0,8.0,66.0
15-04696596,60636.0,16.0,7.0,67.0
15-04696652,60636.0,6.0,7.0,67.0
15-04696606,60636.0,6.0,7.0,67.0
15-04696601,60636.0,16.0,7.0,67.0
15-04696592,60636.0,16.0,7.0,67.0
15-04669848,60636.0,17.0,7.0,67.0
15-04658238,60636.0,16.0,7.0,67.0
15-04545068,60636.0,16.0,7.0,67.0
15-04543608,60636.0,16.0,7.0,67.0
15-04543663,60636.0,16.0,7.0,67.0
15-04499661,60636.0,16.0,7.0,67.0
15-04499130,60636.0,16.0,7.0,67.0
15-04497613,60636.0,16.0,8.0,66.0
15-04497621,60636.0,16.0,8.0,66.0
15-04473768,60636.0,15.0,7.0,67.0
15-04406722,60636.0,16.0,7.0,67.0
15-04406796,60636.0,16.0,7.0,67.0
15-04406755,60636.0,16.0,7.0,67.0
15-04383955,60636.0,15.0,7.0,67.0
15-04378945,60636.0,16.0,8.0,63.0
15-04351474,60636.0,15.0,7.0,67.0
15-04361743,60636.0,15.0,7.0,67.0
15-04351433,60636.0,16.0,7.0,67.0
15-04353022,60636.0,16.0,7.0,67.0
15-04353031,60636.0,15.0,7.0,67.0
15-04235487,60636.0,17.0,7.0,67.0
15-04238632,60636.0,17.0,7.0,67.0
15-04235482,60636.0,17.0,7.0,67.0
15-04235496,60636.0,17.0,7.0,67.0
15-04200313,60636.0,15.0,7.0,67.0
15-04187294,60636.0,6.0,7.0,67.0
15-04187304,60636.0,6.0,7.0,67.0
15-04143181,60636.0,16.0,7.0,67.0
15-04146624,60636.0,17.0,7.0,67.0
15-04147177,60636.0,17.0,7.0,67.0
15-04034322,60636.0,15.0,7.0,67.0
15-04034314,60636.0,15.0,7.0,67.0
15-04006323,60636.0,16.0,7.0,67.0
15-04006575,60636.0,16.0,7.0,67.0
15-03980660,60636.0,16.0,7.0,67.0
15-03897067,60636.0,17.0,8.0,66.0
15-03896598,60636.0,15.0,7.0,67.0
15-03896598,60636.0,15.0,7.0,67.0
15-03715565,60636.0,16.0,7.0,67.0
15-03681087,60636.0,16.0,7.0,67.0
15-03657054,60636.0,16.0,7.0,67.0
15-03657196,60636.0,16.0,7.0,67.0
15-03656545,60636.0,15.0,7.0,67.0
15-03656505,60636.0,15.0,7.0,67.0
15-03657172,60636.0,16.0,7.0,67.0
15-03656568,60636.0,15.0,7.0,67.0
15-03591501,60636.0,15.0,7.0,67.0
15-03591530,60636.0,15.0,7.0,67.0
15-03590472,60636.0,16.0,8.0,66.0
15-03590458,60636.0,16.0,8.0,66.0
15-03565990,60636.0,16.0,7.0,67.0
15-03565647,60636.0,15.0,7.0,67.0
15-03566023,60636.0,16.0,7.0,67.0
15-03565231,60636.0,16.0,8.0,66.0
15-03573740,60636.0,15.0,7.0,67.0
15-03566034,60636.0,16.0,7.0,67.0
15-03574050,60636.0,15.0,7.0,67.0
15-03565670,60636.0,15.0,7.0,67.0
15-03520474,60636.0,17.0,8.0,66.0
15-03402168,60636.0,17.0,8.0,66.0
15-03393117,60636.0,16.0,7.0,67.0
15-03393128,60636.0,16.0,7.0,67.0
15-03393304,60636.0,16.0,8.0,63.0
15-03371629,60636.0,15.0,7.0,67.0
15-03367679,60636.0,16.0,8.0,66.0
15-03367735,60636.0,16.0,7.0,67.0
15-03378206,60636.0,15.0,7.0,67.0
15-03378820,60636.0,18.0,8.0,66.0
15-03325316,60636.0,16.0,8.0,66.0
15-03320413,60636.0,16.0,7.0,67.0
15-03296662,60636.0,16.0,7.0,67.0
15-03297118,60636.0,16.0,8.0,63.0
15-03253643,60636.0,16.0,7.0,67.0
15-03248002,60636.0,16.0,8.0,63.0
15-03233127,60636.0,16.0,7.0,67.0
15-03165224,60636.0,16.0,7.0,67.0
15-03168912,60636.0,16.0,8.0,63.0
15-03145633,60636.0,17.0,7.0,67.0
15-03089946,60636.0,16.0,7.0,67.0
15-03089911,60636.0,16.0,7.0,67.0
15-03056141,60636.0,16.0,8.0,63.0
15-02995310,60636.0,15.0,7.0,67.0
15-02999173,60636.0,16.0,7.0,67.0
15-02979764,60636.0,16.0,7.0,67.0
15-02968732,60636.0,15.0,8.0,63.0
15-02979105,60636.0,16.0,7.0,67.0
15-02916127,60636.0,16.0,7.0,67.0
15-02916161,60636.0,16.0,7.0,67.0
15-02916121,60636.0,16.0,7.0,67.0
15-02898510,60636.0,17.0,7.0,67.0
15-02836250,60636.0,16.0,7.0,67.0
15-02799529,60636.0,15.0,7.0,67.0
15-02784216,60636.0,16.0,7.0,67.0
15-02782772,60636.0,16.0,7.0,68.0
15-02782844,60636.0,16.0,7.0,67.0
15-02756839,60636.0,16.0,7.0,67.0
15-02749745,60636.0,15.0,7.0,67.0
15-02751144,60636.0,16.0,8.0,66.0
15-02734415,60636.0,15.0,8.0,63.0
15-02730013,60636.0,15.0,7.0,67.0
15-02729956,60636.0,15.0,7.0,67.0
15-02734099,60636.0,16.0,7.0,67.0
15-02734081,60636.0,15.0,7.0,67.0
15-02609674,60636.0,17.0,7.0,67.0
15-02609666,60636.0,6.0,7.0,67.0
15-02609652,60636.0,17.0,7.0,67.0
15-02607212,60636.0,17.0,8.0,66.0
15-02607197,60636.0,18.0,8.0,66.0
15-02607238,60636.0,17.0,8.0,66.0
15-02607098,60636.0,18.0,8.0,66.0
15-02607106,60636.0,18.0,8.0,66.0
15-02607183,60636.0,18.0,8.0,66.0
15-02607151,60636.0,18.0,8.0,66.0
15-02556390,60636.0,17.0,7.0,67.0
15-02465426,60636.0,17.0,8.0,66.0
15-02464692,60636.0,18.0,8.0,66.0
15-02470232,60636.0,15.0,7.0,67.0
15-02470483,60636.0,15.0,7.0,67.0
15-02328358,60636.0,15.0,7.0,67.0
15-02330447,60636.0,16.0,8.0,63.0
15-02304021,60636.0,16.0,7.0,67.0
15-02303974,60636.0,16.0,7.0,67.0
15-02287620,60636.0,15.0,7.0,67.0
15-02276889,60636.0,16.0,7.0,67.0
15-02276727,60636.0,15.0,8.0,63.0
15-02257383,60636.0,16.0,7.0,67.0
15-02149404,60636.0,16.0,8.0,66.0
15-02155436,60636.0,16.0,7.0,67.0
15-02149493,60636.0,15.0,8.0,63.0
15-02149502,60636.0,15.0,8.0,63.0
15-02123281,60636.0,16.0,7.0,67.0
15-02123273,60636.0,16.0,7.0,67.0
15-02123299,60636.0,15.0,7.0,67.0
15-02125281,60636.0,16.0,8.0,63.0
15-02124092,60636.0,16.0,7.0,67.0
15-02124581,60636.0,16.0,7.0,67.0
15-02067603,60636.0,15.0,8.0,63.0
15-02068021,60636.0,17.0,7.0,67.0
15-02068072,60636.0,15.0,7.0,67.0
15-02068069,60636.0,15.0,7.0,67.0
15-02068078,60636.0,16.0,8.0,63.0
15-02004600,60636.0,15.0,7.0,67.0
15-02004595,60636.0,16.0,8.0,66.0
15-02004590,60636.0,16.0,8.0,66.0
15-02004613,60636.0,15.0,7.0,67.0
15-02004608,60636.0,15.0,7.0,67.0
15-02004602,60636.0,15.0,7.0,67.0
15-01953999,60636.0,18.0,8.0,66.0
15-01954072,60636.0,18.0,8.0,66.0
15-01954078,60636.0,17.0,8.0,66.0
15-01954088,60636.0,17.0,8.0,66.0
15-01954073,60636.0,17.0,8.0,66.0
15-01954084,60636.0,17.0,8.0,66.0
15-01859846,60636.0,15.0,8.0,66.0
15-01859866,60636.0,18.0,8.0,66.0
15-01858760,60636.0,16.0,7.0,67.0
15-01858731,60636.0,15.0,7.0,67.0
15-01858765,60636.0,16.0,7.0,67.0
15-01818883,60636.0,17.0,7.0,67.0
15-01720303,60636.0,15.0,7.0,67.0
15-01721742,60636.0,15.0,7.0,67.0
15-01721746,60636.0,15.0,7.0,67.0
15-01673718,60636.0,15.0,7.0,67.0
15-01673726,60636.0,15.0,7.0,67.0
15-01664295,60636.0,16.0,7.0,67.0
15-01663998,60636.0,16.0,7.0,67.0
15-01667392,60636.0,15.0,7.0,67.0
15-01672685,60636.0,17.0,7.0,67.0
15-01623336,60636.0,18.0,8.0,66.0
15-01623333,60636.0,18.0,8.0,66.0
15-01623270,60636.0,16.0,7.0,67.0
15-01545938,60636.0,16.0,7.0,67.0
15-01522941,60636.0,16.0,8.0,63.0
15-01509322,60636.0,15.0,8.0,66.0
15-01499025,60636.0,15.0,7.0,67.0
15-01458477,60636.0,17.0,8.0,66.0
15-01382503,60636.0,15.0,7.0,67.0
15-01395899,60636.0,15.0,7.0,67.0
15-01357631,60636.0,15.0,7.0,67.0
15-01369951,60636.0,16.0,8.0,63.0
15-01370362,60636.0,15.0,7.0,67.0
15-01369339,60636.0,16.0,7.0,67.0
15-01369357,60636.0,16.0,7.0,67.0
15-01369364,60636.0,16.0,7.0,67.0
15-01319446,60636.0,16.0,7.0,67.0
15-01319457,60636.0,15.0,7.0,67.0
15-01319410,60636.0,18.0,8.0,66.0
15-01237348,60636.0,16.0,8.0,63.0
15-01236417,60636.0,15.0,7.0,67.0
15-01236387,60636.0,16.0,7.0,67.0
15-01236306,60636.0,17.0,7.0,67.0
15-01226028,60636.0,17.0,7.0,67.0
15-01187243,60636.0,16.0,8.0,63.0
15-01184708,60636.0,17.0,7.0,67.0
15-01187239,60636.0,15.0,8.0,66.0
15-01187231,60636.0,18.0,8.0,66.0
15-01115089,60636.0,18.0,8.0,66.0
15-00894288,60636.0,17.0,7.0,67.0
15-00896772,60636.0,17.0,7.0,67.0
15-00880763,60636.0,17.0,7.0,67.0
15-00835873,60636.0,15.0,7.0,67.0
15-00835898,60636.0,17.0,8.0,66.0
15-00825890,60636.0,17.0,7.0,67.0
15-00826382,60636.0,17.0,7.0,67.0
15-00825733,60636.0,17.0,7.0,67.0
15-00802436,60636.0,17.0,8.0,66.0
15-00807588,60636.0,17.0,7.0,68.0
15-00807610,60636.0,16.0,7.0,68.0
15-00817504,60636.0,17.0,7.0,67.0
15-00788966,60636.0,16.0,8.0,66.0
15-00706534,60636.0,15.0,8.0,66.0
15-00705397,60636.0,17.0,7.0,67.0
15-00689396,60636.0,17.0,7.0,67.0
15-00635144,60636.0,15.0,8.0,66.0
15-00536200,60636.0,17.0,7.0,67.0
15-00536382,60636.0,16.0,7.0,67.0
15-00523253,60636.0,15.0,7.0,67.0
15-00522824,60636.0,15.0,7.0,67.0
15-00522924,60636.0,15.0,7.0,67.0
15-00522539,60636.0,16.0,7.0,67.0
15-00522542,60636.0,16.0,7.0,67.0
15-00522572,60636.0,16.0,7.0,67.0
15-00522073,60636.0,16.0,7.0,67.0
15-00522084,60636.0,16.0,7.0,67.0
15-00522080,60636.0,16.0,7.0,67.0
15-00522098,60636.0,16.0,7.0,67.0
15-00522235,60636.0,17.0,8.0,66.0
15-00522231,60636.0,17.0,8.0,66.0
15-00522224,60636.0,17.0,8.0,66.0
15-00522247,60636.0,17.0,8.0,66.0
15-00504684,60636.0,16.0,8.0,63.0
15-00427035,60636.0,16.0,7.0,67.0
15-00427041,60636.0,16.0,7.0,68.0
15-00390325,60636.0,16.0,8.0,63.0
15-00322891,60636.0,15.0,8.0,66.0
15-00299359,60636.0,17.0,7.0,67.0
15-00299381,60636.0,17.0,7.0,67.0
15-00275805,60636.0,16.0,8.0,63.0
15-00276566,60636.0,16.0,7.0,67.0
15-00276951,60636.0,15.0,7.0,67.0
15-00276939,60636.0,15.0,7.0,67.0
15-00269543,60636.0,15.0,7.0,67.0
15-00258700,60636.0,16.0,8.0,63.0
15-00259184,60636.0,15.0,7.0,67.0
15-00245383,60636.0,17.0,8.0,66.0
15-00243358,60636.0,15.0,7.0,67.0
15-00243361,60636.0,15.0,7.0,67.0
15-00243367,60636.0,15.0,7.0,67.0
15-00186961,60636.0,17.0,7.0,67.0
15-00186894,60636.0,16.0,8.0,63.0
15-00142951,60636.0,17.0,7.0,67.0
15-00140338,60636.0,17.0,7.0,67.0
15-00136950,60636.0,15.0,7.0,67.0
15-00126472,60636.0,15.0,7.0,67.0
15-00126467,60636.0,17.0,7.0,68.0
15-00129802,60636.0,17.0,7.0,67.0
15-00121925,60636.0,17.0,7.0,67.0
15-00121913,60636.0,17.0,7.0,67.0
15-00118242,60636.0,16.0,7.0,67.0
15-00118241,60636.0,16.0,7.0,67.0
15-00110944,60636.0,17.0,7.0,67.0
15-00110934,60636.0,17.0,7.0,67.0
15-00100847,60636.0,15.0,8.0,66.0
15-00100857,60636.0,15.0,8.0,66.0
15-00075412,60636.0,16.0,8.0,63.0
15-00072194,60636.0,18.0,8.0,66.0
15-00063633,60636.0,17.0,7.0,67.0
15-00064905,60636.0,16.0,7.0,67.0
15-00053347,60636.0,16.0,7.0,67.0
15-00053554,60636.0,16.0,8.0,63.0
15-00051075,60636.0,16.0,7.0,67.0
15-00039482,60636.0,16.0,7.0,67.0
15-00035077,60636.0,16.0,7.0,67.0
15-00012523,60636.0,17.0,7.0,67.0
14-02217792,60636.0,16.0,8.0,63.0
14-02211432,60636.0,16.0,8.0,63.0
14-02195114,60636.0,16.0,7.0,67.0
14-02187151,60636.0,17.0,8.0,66.0
14-02190597,60636.0,16.0,7.0,67.0
14-02185164,60636.0,16.0,7.0,67.0
14-02181697,60636.0,17.0,7.0,67.0
14-02178718,60636.0,16.0,8.0,63.0
14-02174361,60636.0,15.0,7.0,67.0
14-02164056,60636.0,15.0,8.0,66.0
14-02166843,60636.0,16.0,7.0,67.0
14-02166873,60636.0,16.0,8.0,63.0
14-02160956,60636.0,16.0,7.0,67.0
14-02151448,60636.0,16.0,8.0,63.0
14-02151455,60636.0,15.0,8.0,66.0
14-02151452,60636.0,16.0,8.0,63.0
14-02151532,60636.0,17.0,8.0,66.0
14-02151371,60636.0,16.0,8.0,63.0
14-02151368,60636.0,16.0,8.0,63.0
14-02154779,60636.0,16.0,7.0,67.0
14-02147925,60636.0,16.0,7.0,67.0
14-02148083,60636.0,15.0,8.0,66.0
14-02136127,60636.0,16.0,8.0,63.0
14-02136201,60636.0,16.0,8.0,66.0
14-02136346,60636.0,15.0,8.0,66.0
14-02136212,60636.0,15.0,8.0,66.0
14-02136337,60636.0,15.0,8.0,66.0
14-02136397,60636.0,15.0,8.0,66.0
14-02137577,60636.0,16.0,7.0,67.0
14-02138353,60636.0,15.0,7.0,67.0
14-02131717,60636.0,16.0,8.0,63.0
14-02120590,60636.0,18.0,8.0,66.0
14-02122247,60636.0,17.0,7.0,67.0
14-02114797,60636.0,18.0,8.0,66.0
14-02114885,60636.0,17.0,7.0,67.0
14-02114893,60636.0,17.0,7.0,67.0
14-02097097,60636.0,17.0,7.0,67.0
14-02097906,60636.0,17.0,7.0,67.0
14-02097456,60636.0,17.0,7.0,67.0
14-02097456,60636.0,17.0,7.0,67.0
14-02090207,60636.0,16.0,8.0,63.0
14-02089286,60636.0,16.0,8.0,63.0
14-02080667,60636.0,16.0,7.0,67.0
14-02079292,60636.0,16.0,7.0,67.0
14-02077102,60636.0,16.0,7.0,67.0
14-02035739,60636.0,15.0,7.0,67.0
14-02029289,60636.0,15.0,7.0,67.0
14-02014893,60636.0,16.0,8.0,63.0
14-02015636,60636.0,18.0,8.0,66.0
14-02015641,60636.0,17.0,7.0,67.0
14-02008404,60636.0,16.0,8.0,63.0
14-02004582,60636.0,17.0,7.0,67.0
14-02000923,60636.0,16.0,8.0,63.0
14-01984991,60636.0,16.0,7.0,67.0
14-01979622,60636.0,16.0,8.0,63.0
14-01975310,60636.0,16.0,7.0,67.0
14-01970224,60636.0,17.0,7.0,67.0
14-01968603,60636.0,15.0,7.0,67.0
14-01968596,60636.0,16.0,7.0,67.0
14-01968520,60636.0,16.0,7.0,67.0
14-01968518,60636.0,16.0,7.0,67.0
14-01968522,60636.0,16.0,7.0,67.0
14-01968577,60636.0,15.0,7.0,67.0
14-01968591,60636.0,15.0,7.0,67.0
14-01954441,60636.0,16.0,8.0,63.0
14-01955750,60636.0,18.0,8.0,66.0
14-01946892,60636.0,17.0,7.0,67.0
14-01938363,60636.0,15.0,7.0,67.0
14-01942339,60636.0,15.0,7.0,67.0
14-01928743,60636.0,16.0,7.0,67.0
14-01925713,60636.0,16.0,7.0,67.0
14-01925706,60636.0,16.0,7.0,67.0
14-01925709,60636.0,16.0,7.0,67.0
14-01925165,60636.0,15.0,7.0,67.0
14-01916103,60636.0,15.0,7.0,67.0
14-01916096,60636.0,15.0,7.0,67.0
14-01916144,60636.0,15.0,7.0,67.0
14-01916139,60636.0,15.0,7.0,67.0
14-01916126,60636.0,15.0,7.0,67.0
14-01916148,60636.0,15.0,7.0,67.0
14-01920748,60636.0,17.0,7.0,67.0
14-01910034,60636.0,17.0,7.0,67.0
14-01910027,60636.0,17.0,7.0,67.0
14-01909245,60636.0,17.0,7.0,67.0
14-01909252,60636.0,17.0,7.0,67.0
14-01909266,60636.0,17.0,7.0,67.0
14-01909257,60636.0,17.0,7.0,67.0
14-01909268,60636.0,16.0,7.0,67.0
14-01909218,60636.0,17.0,7.0,67.0
14-01909223,60636.0,17.0,7.0,67.0
14-01909219,60636.0,17.0,7.0,67.0
14-01909227,60636.0,17.0,7.0,67.0
14-01908863,60636.0,17.0,7.0,67.0
14-01911748,60636.0,17.0,7.0,67.0
14-01911751,60636.0,17.0,7.0,67.0
14-01912302,60636.0,18.0,8.0,66.0
14-01905334,60636.0,15.0,7.0,67.0
14-01882216,60636.0,17.0,7.0,68.0
14-01882180,60636.0,17.0,7.0,67.0
14-01882213,60636.0,17.0,7.0,67.0
14-01882169,60636.0,17.0,7.0,67.0
14-01882186,60636.0,17.0,7.0,68.0
14-01882205,60636.0,17.0,7.0,67.0
14-01882201,60636.0,17.0,7.0,68.0
14-01882238,60636.0,17.0,7.0,67.0
14-01882167,60636.0,17.0,7.0,67.0
14-01882105,60636.0,16.0,7.0,67.0
14-01882160,60636.0,17.0,7.0,67.0
14-01882155,60636.0,17.0,7.0,67.0
14-01875345,60636.0,17.0,7.0,67.0
14-01875399,60636.0,16.0,7.0,67.0
14-01875391,60636.0,17.0,7.0,67.0
14-01875325,60636.0,17.0,7.0,67.0
14-01875317,60636.0,17.0,7.0,67.0
14-01875304,60636.0,17.0,7.0,67.0
14-01875335,60636.0,17.0,7.0,67.0
14-01865854,60636.0,15.0,7.0,67.0
14-01852978,60636.0,16.0,7.0,67.0
14-01852968,60636.0,16.0,7.0,67.0
14-01852953,60636.0,16.0,7.0,67.0
14-01852932,60636.0,16.0,7.0,67.0
14-01854209,60636.0,17.0,7.0,67.0
14-01854197,60636.0,17.0,7.0,67.0
14-01831638,60636.0,15.0,7.0,67.0
14-01830885,60636.0,16.0,8.0,63.0
14-01830882,60636.0,16.0,8.0,63.0
14-01821245,60636.0,17.0,7.0,67.0
14-01815397,60636.0,15.0,7.0,67.0
14-01815424,60636.0,15.0,7.0,67.0
14-01815420,60636.0,15.0,7.0,67.0
14-01815414,60636.0,15.0,7.0,67.0
14-01806593,60636.0,17.0,7.0,67.0
14-01805134,60636.0,17.0,7.0,67.0
14-01796010,60636.0,15.0,8.0,66.0
14-01799843,60636.0,15.0,7.0,67.0
14-01769286,60636.0,15.0,7.0,67.0
14-01754123,60636.0,18.0,8.0,66.0
14-01755644,60636.0,15.0,7.0,67.0
14-01750025,60636.0,17.0,7.0,67.0
14-01739872,60636.0,15.0,7.0,67.0
14-01739862,60636.0,15.0,7.0,67.0
14-01739855,60636.0,15.0,7.0,67.0
14-01739880,60636.0,15.0,7.0,67.0
14-01740118,60636.0,16.0,7.0,67.0
14-01740108,60636.0,17.0,7.0,67.0
14-01738603,60636.0,15.0,8.0,66.0
14-01738522,60636.0,16.0,8.0,63.0
14-01738565,60636.0,15.0,8.0,66.0
14-01738559,60636.0,15.0,8.0,66.0
14-01738543,60636.0,15.0,8.0,66.0
14-01738533,60636.0,15.0,8.0,66.0
14-01738615,60636.0,15.0,8.0,66.0
14-01715436,60636.0,17.0,7.0,67.0
14-01687064,60636.0,15.0,7.0,67.0
14-01686827,60636.0,15.0,7.0,67.0
14-01682724,60636.0,15.0,8.0,66.0
14-01674283,60636.0,15.0,7.0,67.0
14-01620126,60636.0,17.0,7.0,67.0
14-01608469,60636.0,15.0,8.0,66.0
14-01608462,60636.0,15.0,8.0,66.0
14-01559815,60636.0,15.0,7.0,67.0
14-01551005,60636.0,15.0,7.0,67.0
14-01543938,60636.0,15.0,7.0,67.0
14-01535394,60636.0,15.0,7.0,67.0
14-01516058,60636.0,16.0,8.0,63.0
14-01510781,60636.0,16.0,8.0,63.0
14-01505819,60636.0,16.0,8.0,63.0
14-01506259,60636.0,17.0,8.0,66.0
14-01477357,60636.0,15.0,7.0,67.0
14-01483893,60636.0,16.0,7.0,67.0
14-01473748,60636.0,16.0,7.0,67.0
14-01456817,60636.0,17.0,7.0,67.0
14-01461209,60636.0,15.0,7.0,67.0
14-01461233,60636.0,15.0,7.0,67.0
14-01465000,60636.0,16.0,7.0,67.0
14-01465002,60636.0,16.0,7.0,67.0
14-01454955,60636.0,17.0,7.0,67.0
14-01452056,60636.0,15.0,7.0,67.0
14-01443640,60636.0,16.0,7.0,67.0
14-01443997,60636.0,15.0,7.0,67.0
14-01444018,60636.0,16.0,7.0,67.0
14-01438815,60636.0,17.0,7.0,67.0
14-01438154,60636.0,17.0,7.0,67.0
14-01436461,60636.0,15.0,7.0,67.0
14-01406092,60636.0,16.0,7.0,67.0
14-01408356,60636.0,17.0,7.0,67.0
14-01406694,60636.0,17.0,7.0,67.0
14-01404309,60636.0,17.0,7.0,67.0
14-01393578,60636.0,16.0,7.0,67.0
14-01388728,60636.0,17.0,7.0,67.0
14-01361481,60636.0,16.0,8.0,66.0
14-01356612,60636.0,17.0,8.0,66.0
14-01350635,60636.0,15.0,7.0,67.0
14-01350756,60636.0,15.0,7.0,67.0
14-01308274,60636.0,17.0,7.0,67.0
14-01280557,60636.0,16.0,8.0,63.0
14-01281070,60636.0,15.0,8.0,66.0
14-01283907,60636.0,17.0,7.0,67.0
14-01281355,60636.0,15.0,8.0,66.0
14-01281334,60636.0,15.0,8.0,66.0
14-01272898,60636.0,15.0,8.0,66.0
14-01253344,60636.0,17.0,7.0,67.0
14-01225546,60636.0,15.0,7.0,67.0
14-01222580,60636.0,15.0,8.0,66.0
14-01178590,60636.0,17.0,7.0,67.0
14-01184648,60636.0,15.0,8.0,66.0
14-01170954,60636.0,17.0,7.0,67.0
14-01170924,60636.0,17.0,7.0,67.0
14-01139842,60636.0,17.0,7.0,67.0
14-01128504,60636.0,15.0,7.0,67.0
14-01117426,60636.0,15.0,7.0,67.0
14-01108745,60636.0,17.0,7.0,67.0
14-01103626,60636.0,17.0,7.0,67.0
14-01034191,60636.0,15.0,7.0,67.0
14-01011487,60636.0,15.0,7.0,67.0
14-00990034,60636.0,15.0,7.0,67.0
14-00981823,60636.0,15.0,7.0,67.0
14-00946594,60636.0,17.0,7.0,67.0
14-00941555,60636.0,15.0,7.0,67.0
14-00918450,60636.0,18.0,8.0,66.0
14-00918505,60636.0,17.0,7.0,67.0
14-00918518,60636.0,17.0,7.0,67.0
14-00918531,60636.0,17.0,8.0,66.0
14-00918609,60636.0,15.0,7.0,67.0
14-00906697,60636.0,18.0,8.0,66.0
14-00906690,60636.0,18.0,8.0,66.0
14-00906688,60636.0,18.0,8.0,66.0
14-00904154,60636.0,17.0,7.0,67.0
14-00893494,60636.0,15.0,7.0,67.0
14-00875001,60636.0,17.0,7.0,67.0
14-00862154,60636.0,17.0,7.0,67.0
14-00848108,60636.0,17.0,7.0,67.0
14-00848116,60636.0,17.0,7.0,67.0
14-00831101,60636.0,16.0,8.0,63.0
14-00821860,60636.0,17.0,7.0,67.0
14-00822719,60636.0,15.0,8.0,66.0
14-00803872,60636.0,15.0,8.0,66.0
14-00755092,60636.0,15.0,8.0,66.0
14-00743319,60636.0,17.0,7.0,67.0
14-00743301,60636.0,17.0,7.0,67.0
14-00720252,60636.0,15.0,8.0,66.0
14-00681805,60636.0,15.0,7.0,67.0
14-00679217,60636.0,15.0,7.0,67.0
14-00671562,60636.0,15.0,7.0,67.0
14-00671797,60636.0,16.0,7.0,67.0
14-00659980,60636.0,15.0,7.0,67.0
14-00656415,60636.0,15.0,7.0,67.0
14-00654289,60636.0,16.0,7.0,67.0
14-00633465,60636.0,17.0,7.0,67.0
14-00617875,60636.0,16.0,7.0,67.0
14-00617869,60636.0,16.0,7.0,67.0
14-00617108,60636.0,15.0,7.0,67.0
14-00621150,60636.0,15.0,7.0,67.0
14-00621385,60636.0,15.0,7.0,67.0
14-00600388,60636.0,16.0,7.0,67.0
14-00599043,60636.0,16.0,8.0,63.0
14-00593981,60636.0,15.0,7.0,67.0
14-00583256,60636.0,16.0,8.0,63.0
14-00569020,60636.0,16.0,8.0,63.0
14-00574361,60636.0,15.0,7.0,67.0
14-00562141,60636.0,16.0,7.0,67.0
14-00561083,60636.0,17.0,7.0,67.0
14-00551745,60636.0,15.0,8.0,66.0
14-00546402,60636.0,15.0,8.0,66.0
14-00536110,60636.0,17.0,7.0,67.0
14-00536104,60636.0,17.0,7.0,67.0
14-00525206,60636.0,15.0,7.0,67.0
14-00525215,60636.0,15.0,7.0,67.0
14-00525181,60636.0,15.0,7.0,67.0
14-00525214,60636.0,15.0,7.0,67.0
14-00527835,60636.0,15.0,7.0,67.0
14-00520712,60636.0,17.0,7.0,67.0
14-00517898,60636.0,17.0,7.0,68.0
14-00522431,60636.0,15.0,7.0,67.0
14-00510249,60636.0,17.0,7.0,67.0
14-00513293,60636.0,15.0,7.0,67.0
14-00513928,60636.0,15.0,7.0,67.0
14-00492139,60636.0,17.0,7.0,67.0
14-00498157,60636.0,15.0,7.0,67.0
14-00477153,60636.0,17.0,7.0,67.0
14-00477156,60636.0,17.0,7.0,67.0
14-00473638,60636.0,16.0,8.0,63.0
14-00473631,60636.0,15.0,7.0,67.0
14-00469029,60636.0,15.0,7.0,67.0
14-00472144,60636.0,15.0,7.0,67.0
14-00466549,60636.0,16.0,8.0,63.0
14-00465205,60636.0,15.0,7.0,67.0
14-00461280,60636.0,16.0,8.0,63.0
14-00453461,60636.0,17.0,7.0,67.0
14-00452733,60636.0,15.0,7.0,67.0
14-00452549,60636.0,16.0,8.0,63.0
14-00442333,60636.0,17.0,7.0,67.0
14-00442330,60636.0,17.0,7.0,67.0
14-00439926,60636.0,17.0,7.0,68.0
14-00442767,60636.0,15.0,8.0,66.0
14-00442780,60636.0,15.0,8.0,66.0
14-00431455,60636.0,17.0,7.0,67.0
14-00442775,60636.0,15.0,8.0,66.0
14-00434375,60636.0,15.0,8.0,66.0
14-00422552,60636.0,17.0,7.0,67.0
14-00422551,60636.0,17.0,7.0,67.0
14-00411359,60636.0,16.0,8.0,63.0
14-00407351,60636.0,17.0,7.0,67.0
14-00408838,60636.0,15.0,7.0,67.0
14-00408857,60636.0,15.0,7.0,67.0
14-00405542,60636.0,17.0,7.0,67.0
14-00404942,60636.0,15.0,7.0,67.0
14-00401664,60636.0,17.0,7.0,67.0
14-00389002,60636.0,17.0,7.0,67.0
14-00391446,60636.0,15.0,7.0,67.0
14-00389028,60636.0,17.0,7.0,67.0
14-00389031,60636.0,17.0,7.0,67.0
14-00389379,60636.0,17.0,7.0,67.0
14-00389419,60636.0,16.0,8.0,66.0
14-00375209,60636.0,16.0,7.0,67.0
14-00374617,60636.0,17.0,7.0,67.0
14-00374609,60636.0,17.0,7.0,67.0
14-00374599,60636.0,17.0,7.0,67.0
14-00356011,60636.0,17.0,7.0,67.0
14-00361106,60636.0,17.0,7.0,67.0
14-00356023,60636.0,17.0,7.0,67.0
14-00348645,60636.0,17.0,7.0,67.0
14-00348636,60636.0,17.0,7.0,67.0
14-00342223,60636.0,17.0,7.0,67.0
14-00333759,60636.0,15.0,8.0,66.0
14-00333754,60636.0,15.0,8.0,66.0
14-00333745,60636.0,15.0,8.0,66.0
14-00338987,60636.0,16.0,8.0,63.0
14-00327447,60636.0,17.0,7.0,67.0
14-00317422,60636.0,15.0,7.0,67.0
14-00317406,60636.0,15.0,7.0,67.0
14-00317392,60636.0,15.0,7.0,67.0
14-00317427,60636.0,15.0,7.0,67.0
14-00320415,60636.0,17.0,7.0,67.0
14-00318488,60636.0,15.0,8.0,66.0
14-00305608,60636.0,17.0,7.0,68.0
14-00300732,60636.0,15.0,8.0,66.0
14-00288568,60636.0,15.0,7.0,67.0
14-00288907,60636.0,17.0,7.0,67.0
14-00288905,60636.0,17.0,7.0,67.0
14-00288895,60636.0,17.0,7.0,67.0
14-00288923,60636.0,17.0,7.0,67.0
14-00288920,60636.0,17.0,7.0,67.0
14-00289009,60636.0,17.0,7.0,67.0
14-00288867,60636.0,17.0,7.0,67.0
14-00288861,60636.0,17.0,7.0,67.0
14-00288858,60636.0,17.0,7.0,67.0
14-00288877,60636.0,17.0,7.0,68.0
14-00288890,60636.0,17.0,7.0,67.0
14-00282144,60636.0,16.0,7.0,67.0
14-00285873,60636.0,17.0,7.0,67.0
14-00277356,60636.0,17.0,8.0,66.0
14-00277834,60636.0,15.0,8.0,66.0
14-00278674,60636.0,17.0,7.0,67.0
14-00264512,60636.0,16.0,7.0,67.0
14-00259425,60636.0,17.0,7.0,67.0
14-00259416,60636.0,17.0,7.0,67.0
14-00263446,60636.0,16.0,8.0,63.0
14-00263441,60636.0,16.0,8.0,63.0
14-00253526,60636.0,17.0,7.0,67.0
14-00245821,60636.0,17.0,7.0,67.0
14-00245779,60636.0,17.0,7.0,67.0
14-00237830,60636.0,15.0,7.0,67.0
14-00229210,60636.0,17.0,7.0,67.0
14-00229165,60636.0,17.0,7.0,67.0
14-00228970,60636.0,17.0,7.0,68.0
14-00228984,60636.0,17.0,7.0,67.0
14-00226730,60636.0,18.0,8.0,66.0
14-00218498,60636.0,17.0,7.0,67.0
14-00218600,60636.0,17.0,7.0,67.0
14-00211899,60636.0,18.0,8.0,66.0
14-00211229,60636.0,17.0,7.0,67.0
14-00211917,60636.0,18.0,8.0,66.0
14-00211906,60636.0,18.0,8.0,66.0
14-00197490,60636.0,17.0,7.0,67.0
14-00195879,60636.0,15.0,7.0,67.0
14-00191182,60636.0,15.0,8.0,66.0
14-00191165,60636.0,17.0,8.0,66.0
14-00163582,60636.0,17.0,7.0,67.0
14-00147177,60636.0,17.0,7.0,67.0
14-00147767,60636.0,17.0,7.0,67.0
14-00147799,60636.0,17.0,7.0,67.0
14-00147064,60636.0,17.0,7.0,67.0
14-00146086,60636.0,17.0,7.0,67.0
14-00145887,60636.0,17.0,7.0,67.0
14-00122124,60636.0,16.0,7.0,67.0
14-00114025,60636.0,15.0,8.0,66.0
14-00107675,60636.0,17.0,7.0,67.0
14-00103488,60636.0,16.0,7.0,67.0
14-00095540,60636.0,15.0,7.0,67.0
14-00095538,60636.0,15.0,7.0,67.0
14-00086686,60636.0,16.0,7.0,67.0
14-00085568,60636.0,17.0,7.0,67.0
14-00075311,60636.0,17.0,7.0,67.0
14-00075475,60636.0,17.0,7.0,67.0
14-00063372,60636.0,17.0,7.0,67.0
14-00064264,60636.0,17.0,7.0,67.0
14-00054047,60636.0,17.0,7.0,67.0
14-00049690,60636.0,17.0,7.0,67.0
14-00050075,60636.0,16.0,7.0,67.0
14-00050010,60636.0,17.0,7.0,67.0
14-00033428,60636.0,17.0,7.0,67.0
14-00033393,60636.0,15.0,7.0,67.0
14-00035006,60636.0,17.0,7.0,67.0
14-00017288,60636.0,15.0,8.0,66.0
14-00014208,60636.0,17.0,7.0,67.0
14-00008346,60636.0,17.0,7.0,67.0
14-00008661,60636.0,15.0,7.0,67.0
14-00005979,60636.0,16.0,8.0,66.0
14-00003909,60636.0,15.0,8.0,66.0
14-00006659,60636.0,15.0,7.0,67.0
13-01910681,60636.0,15.0,7.0,67.0
13-01910680,60636.0,15.0,7.0,67.0
13-01906232,60636.0,17.0,7.0,67.0
13-01899170,60636.0,17.0,7.0,67.0
13-01899175,60636.0,16.0,7.0,67.0
13-01899178,60636.0,17.0,7.0,67.0
13-01895844,60636.0,15.0,7.0,67.0
13-01882576,60636.0,17.0,7.0,67.0
13-01878201,60636.0,17.0,7.0,67.0
13-01878216,60636.0,15.0,7.0,67.0
13-01878213,60636.0,17.0,7.0,67.0
13-01877712,60636.0,15.0,7.0,67.0
13-01880945,60636.0,15.0,8.0,66.0
13-01880957,60636.0,15.0,8.0,66.0
13-01880951,60636.0,15.0,8.0,66.0
13-01880938,60636.0,16.0,8.0,66.0
13-01849103,60636.0,17.0,7.0,68.0
13-01849115,60636.0,16.0,7.0,67.0
13-01849110,60636.0,16.0,7.0,67.0
13-01849116,60636.0,16.0,7.0,67.0
13-01842729,60636.0,15.0,7.0,67.0
13-01842730,60636.0,15.0,7.0,67.0
13-01835722,60636.0,16.0,8.0,63.0
13-01832788,60636.0,17.0,7.0,67.0
13-01826378,60636.0,16.0,8.0,63.0
13-01826377,60636.0,16.0,8.0,63.0
13-01826637,60636.0,16.0,8.0,63.0
13-01826631,60636.0,16.0,8.0,63.0
13-01827931,60636.0,15.0,7.0,67.0
13-01819452,60636.0,15.0,7.0,67.0
13-01809365,60636.0,16.0,8.0,63.0
13-01804385,60636.0,16.0,7.0,67.0
13-01804463,60636.0,16.0,7.0,67.0
13-01804427,60636.0,16.0,7.0,67.0
13-01797619,60636.0,15.0,7.0,67.0
13-01791927,60636.0,15.0,7.0,67.0
13-01771732,60636.0,15.0,7.0,67.0
13-01754784,60636.0,17.0,8.0,66.0
13-01747050,60636.0,15.0,7.0,67.0
13-01741942,60636.0,16.0,7.0,67.0
13-01741935,60636.0,16.0,7.0,67.0
13-01733972,60636.0,17.0,7.0,67.0
13-01734207,60636.0,15.0,7.0,67.0
13-01726825,60636.0,17.0,7.0,67.0
13-01726806,60636.0,17.0,7.0,67.0
13-01726952,60636.0,17.0,7.0,67.0
13-01730400,60636.0,16.0,8.0,63.0
13-01713592,60636.0,17.0,7.0,67.0
13-01707870,60636.0,15.0,7.0,67.0
13-01707918,60636.0,17.0,7.0,67.0
13-01707896,60636.0,17.0,7.0,67.0
13-01707946,60636.0,17.0,7.0,67.0
13-01707936,60636.0,17.0,7.0,67.0
13-01707930,60636.0,17.0,7.0,67.0
13-01707311,60636.0,17.0,8.0,66.0
13-01707635,60636.0,15.0,7.0,67.0
13-01694618,60636.0,16.0,7.0,67.0
13-01694629,60636.0,16.0,7.0,67.0
13-01688888,60636.0,15.0,7.0,67.0
13-01683902,60636.0,15.0,7.0,67.0
13-01678002,60636.0,15.0,7.0,67.0
13-01677994,60636.0,15.0,7.0,67.0
13-01678061,60636.0,17.0,7.0,67.0
13-01678053,60636.0,17.0,7.0,67.0
13-01668491,60636.0,16.0,8.0,63.0
13-01665628,60636.0,15.0,7.0,67.0
13-01665948,60636.0,17.0,7.0,67.0
13-01665934,60636.0,17.0,7.0,67.0
13-01666267,60636.0,17.0,7.0,67.0
13-01666213,60636.0,17.0,7.0,67.0
13-01666197,60636.0,17.0,7.0,67.0
13-01666314,60636.0,17.0,7.0,67.0
13-01667478,60636.0,16.0,7.0,67.0
13-01666289,60636.0,17.0,7.0,67.0
13-01655752,60636.0,16.0,8.0,63.0
13-01657358,60636.0,17.0,7.0,67.0
13-01657510,60636.0,17.0,7.0,67.0
13-01650984,60636.0,15.0,7.0,67.0
13-01648397,60636.0,17.0,7.0,67.0
13-01633520,60636.0,16.0,7.0,67.0
13-01633595,60636.0,16.0,8.0,63.0
13-01633532,60636.0,15.0,7.0,67.0
13-01625104,60636.0,17.0,7.0,67.0
13-01627435,60636.0,15.0,7.0,67.0
13-01627420,60636.0,15.0,7.0,67.0
13-01627629,60636.0,17.0,7.0,67.0
13-01627647,60636.0,17.0,7.0,67.0
13-01628177,60636.0,15.0,8.0,66.0
13-01616369,60636.0,17.0,7.0,67.0
13-01611766,60636.0,17.0,7.0,67.0
13-01613477,60636.0,15.0,7.0,67.0
13-01601821,60636.0,17.0,7.0,67.0
13-01601981,60636.0,17.0,7.0,67.0
13-01593352,60636.0,17.0,7.0,67.0
13-01593350,60636.0,17.0,7.0,67.0
13-01593494,60636.0,18.0,8.0,66.0
13-01590741,60636.0,15.0,8.0,66.0
13-01579943,60636.0,18.0,8.0,66.0
13-01579454,60636.0,17.0,7.0,67.0
13-01572037,60636.0,15.0,7.0,67.0
13-01571997,60636.0,15.0,7.0,67.0
13-01566932,60636.0,16.0,7.0,67.0
13-01568305,60636.0,17.0,7.0,67.0
13-01568300,60636.0,17.0,7.0,67.0
13-01559515,60636.0,18.0,8.0,66.0
13-01560058,60636.0,16.0,8.0,63.0
13-01560051,60636.0,16.0,8.0,63.0
13-01560067,60636.0,16.0,8.0,63.0
13-01550896,60636.0,15.0,7.0,67.0
13-01551061,60636.0,15.0,7.0,67.0
13-01546458,60636.0,16.0,8.0,63.0
13-01526110,60636.0,15.0,7.0,67.0
13-01513624,60636.0,15.0,7.0,67.0
13-01513508,60636.0,16.0,8.0,63.0
13-01507526,60636.0,17.0,7.0,67.0
13-01507605,60636.0,15.0,7.0,67.0
13-01497553,60636.0,15.0,7.0,67.0
13-01502984,60636.0,15.0,7.0,67.0
13-01490669,60636.0,15.0,7.0,67.0
13-01485374,60636.0,17.0,7.0,67.0
13-01465780,60636.0,17.0,7.0,67.0
13-01465608,60636.0,15.0,7.0,67.0
13-01458746,60636.0,16.0,8.0,63.0
13-01445265,60636.0,17.0,7.0,67.0
13-01434214,60636.0,15.0,7.0,67.0
13-01419078,60636.0,18.0,8.0,66.0
13-01413457,60636.0,15.0,7.0,67.0
13-01413406,60636.0,15.0,7.0,67.0
13-01410674,60636.0,16.0,8.0,63.0
13-01411189,60636.0,15.0,7.0,67.0
13-01406361,60636.0,15.0,7.0,67.0
13-01404808,60636.0,17.0,7.0,67.0
13-01404800,60636.0,17.0,7.0,67.0
13-01408864,60636.0,17.0,7.0,67.0
13-01408835,60636.0,15.0,7.0,67.0
13-01391413,60636.0,16.0,8.0,63.0
13-01396544,60636.0,15.0,7.0,67.0
13-01384040,60636.0,16.0,8.0,63.0
13-01383336,60636.0,16.0,7.0,67.0
13-01382551,60636.0,16.0,8.0,63.0
13-01374504,60636.0,15.0,7.0,67.0
13-01376086,60636.0,15.0,7.0,67.0
13-01378651,60636.0,15.0,7.0,67.0
13-01356160,60636.0,16.0,8.0,63.0
13-01358369,60636.0,16.0,7.0,67.0
13-01345088,60636.0,16.0,7.0,67.0
13-01345097,60636.0,16.0,7.0,67.0
13-01345105,60636.0,17.0,7.0,67.0
13-01345114,60636.0,17.0,7.0,67.0
13-01345111,60636.0,16.0,7.0,67.0
13-01345118,60636.0,17.0,7.0,67.0
13-01342802,60636.0,16.0,8.0,63.0
13-01319574,60636.0,15.0,7.0,67.0
13-01312299,60636.0,16.0,7.0,67.0
13-01308801,60636.0,16.0,8.0,63.0
13-01297627,60636.0,16.0,8.0,63.0
13-01291670,60636.0,17.0,7.0,67.0
13-01298766,60636.0,16.0,7.0,67.0
13-01298637,60636.0,16.0,7.0,67.0
13-01289754,60636.0,15.0,7.0,67.0
13-01287865,60636.0,16.0,7.0,67.0
13-01281669,60636.0,16.0,8.0,66.0
13-01281680,60636.0,16.0,8.0,63.0
13-01272477,60636.0,15.0,7.0,67.0
13-01272768,60636.0,15.0,7.0,67.0
13-01276130,60636.0,17.0,7.0,67.0
13-01252448,60636.0,16.0,7.0,67.0
13-01252437,60636.0,16.0,7.0,67.0
13-01252470,60636.0,16.0,8.0,63.0
13-01252486,60636.0,16.0,8.0,63.0
13-01252500,60636.0,16.0,8.0,63.0
13-01252343,60636.0,15.0,7.0,67.0
13-01252345,60636.0,15.0,7.0,67.0
13-01253370,60636.0,15.0,7.0,67.0
13-01245717,60636.0,15.0,8.0,66.0
13-01245712,60636.0,15.0,8.0,66.0
13-01245156,60636.0,15.0,7.0,67.0
13-01238308,60636.0,17.0,7.0,67.0
13-01237921,60636.0,16.0,7.0,67.0
13-01238674,60636.0,17.0,7.0,67.0
13-01238667,60636.0,17.0,7.0,67.0
13-01238690,60636.0,17.0,7.0,67.0
13-01226618,60636.0,15.0,7.0,67.0
13-01226602,60636.0,15.0,7.0,67.0
13-01225825,60636.0,16.0,8.0,63.0
13-01221793,60636.0,15.0,7.0,67.0
13-01221780,60636.0,15.0,7.0,67.0
13-01221825,60636.0,15.0,7.0,67.0
13-01221834,60636.0,15.0,7.0,67.0
13-01221829,60636.0,15.0,7.0,67.0
13-01217266,60636.0,16.0,7.0,67.0
13-01217055,60636.0,16.0,7.0,67.0
13-01217267,60636.0,16.0,7.0,67.0
13-01204561,60636.0,16.0,7.0,67.0
13-01201083,60636.0,17.0,8.0,66.0
13-01205384,60636.0,15.0,7.0,67.0
13-01201971,60636.0,17.0,7.0,67.0
13-01196059,60636.0,16.0,8.0,66.0
13-01193936,60636.0,15.0,8.0,66.0
13-01194025,60636.0,17.0,7.0,67.0
13-01188461,60636.0,17.0,7.0,67.0
13-01192356,60636.0,17.0,7.0,67.0
13-01179496,60636.0,15.0,7.0,67.0
13-01179684,60636.0,15.0,7.0,67.0
13-01179598,60636.0,15.0,7.0,67.0
13-01179571,60636.0,15.0,7.0,67.0
13-01179538,60636.0,15.0,7.0,67.0
13-01179745,60636.0,15.0,7.0,67.0
13-01179725,60636.0,15.0,7.0,67.0
13-01179708,60636.0,15.0,7.0,67.0
13-01179967,60636.0,15.0,7.0,67.0
13-01178538,60636.0,17.0,7.0,67.0
13-01176572,60636.0,15.0,7.0,67.0
13-01176852,60636.0,16.0,7.0,67.0
13-01176897,60636.0,16.0,7.0,67.0
13-01177019,60636.0,16.0,7.0,67.0
13-01177065,60636.0,17.0,7.0,67.0
13-01186601,60636.0,17.0,7.0,67.0
13-01179468,60636.0,15.0,7.0,67.0
13-01180500,60636.0,15.0,7.0,67.0
13-01180549,60636.0,17.0,7.0,67.0
13-01180507,60636.0,17.0,7.0,67.0
13-01165648,60636.0,15.0,7.0,67.0
13-01165621,60636.0,15.0,7.0,67.0
13-01167256,60636.0,16.0,7.0,68.0
13-01167246,60636.0,16.0,7.0,68.0
13-01166625,60636.0,17.0,7.0,68.0
13-01166622,60636.0,17.0,7.0,68.0
13-01166488,60636.0,17.0,7.0,67.0
13-01166614,60636.0,17.0,7.0,67.0
13-01166610,60636.0,17.0,7.0,67.0
13-01166034,60636.0,15.0,7.0,67.0
13-01167066,60636.0,16.0,7.0,67.0
13-01166632,60636.0,17.0,7.0,68.0
13-01167047,60636.0,16.0,7.0,68.0
13-01166921,60636.0,16.0,7.0,68.0
13-01167149,60636.0,16.0,7.0,67.0
13-01167197,60636.0,16.0,7.0,67.0
13-01167165,60636.0,16.0,7.0,67.0
13-01167177,60636.0,16.0,7.0,67.0
13-01166028,60636.0,15.0,7.0,67.0
13-01166027,60636.0,15.0,7.0,67.0
13-01166020,60636.0,15.0,7.0,67.0
13-01171439,60636.0,17.0,7.0,67.0
13-01170285,60636.0,17.0,7.0,67.0
13-01157877,60636.0,17.0,7.0,67.0
13-01164180,60636.0,17.0,7.0,67.0
13-01158206,60636.0,17.0,7.0,67.0
13-01160350,60636.0,15.0,7.0,67.0
13-01163413,60636.0,15.0,7.0,67.0
13-01163404,60636.0,15.0,7.0,67.0
13-01163425,60636.0,15.0,7.0,67.0
13-01162928,60636.0,15.0,8.0,66.0
13-01162937,60636.0,17.0,7.0,67.0
13-01158212,60636.0,15.0,7.0,67.0
13-01158210,60636.0,15.0,7.0,67.0
13-01160361,60636.0,15.0,7.0,67.0
13-01158556,60636.0,15.0,7.0,67.0
13-01160422,60636.0,15.0,7.0,67.0
13-01160371,60636.0,15.0,7.0,67.0
13-01158446,60636.0,15.0,7.0,67.0
13-01160470,60636.0,15.0,7.0,67.0
13-01160435,60636.0,15.0,7.0,67.0
13-01160532,60636.0,15.0,7.0,67.0
13-01160560,60636.0,15.0,7.0,67.0
13-01158500,60636.0,15.0,7.0,67.0
13-01158481,60636.0,15.0,7.0,67.0
13-01158455,60636.0,15.0,7.0,67.0
13-01158504,60636.0,15.0,7.0,67.0
13-01158551,60636.0,15.0,7.0,67.0
13-01158530,60636.0,15.0,7.0,67.0
13-01158517,60636.0,15.0,7.0,67.0
13-01158515,60636.0,15.0,7.0,67.0
13-01158604,60636.0,15.0,7.0,67.0
13-01158569,60636.0,15.0,7.0,67.0
13-01158709,60636.0,15.0,7.0,67.0
13-01158693,60636.0,15.0,7.0,67.0
13-01158673,60636.0,15.0,7.0,67.0
13-01158640,60636.0,15.0,7.0,67.0
13-01158666,60636.0,15.0,7.0,67.0
13-01158906,60636.0,15.0,7.0,67.0
13-01158802,60636.0,15.0,7.0,67.0
13-01158759,60636.0,15.0,7.0,67.0
13-01158747,60636.0,15.0,7.0,67.0
13-01158791,60636.0,15.0,7.0,67.0
13-01158772,60636.0,15.0,7.0,67.0
13-01158774,60636.0,15.0,7.0,67.0
13-01158885,60636.0,15.0,7.0,67.0
13-01158835,60636.0,15.0,7.0,67.0
13-01158805,60636.0,15.0,7.0,67.0
13-01158871,60636.0,15.0,7.0,67.0
13-01158855,60636.0,15.0,7.0,67.0
13-01159079,60636.0,15.0,7.0,67.0
13-01159006,60636.0,15.0,7.0,67.0
13-01159065,60636.0,15.0,7.0,67.0
13-01159025,60636.0,15.0,7.0,67.0
13-01159044,60636.0,15.0,7.0,67.0
13-01159094,60636.0,15.0,7.0,67.0
13-01159109,60636.0,17.0,7.0,67.0
13-01159144,60636.0,15.0,7.0,67.0
13-01159132,60636.0,15.0,7.0,67.0
13-01159168,60636.0,15.0,7.0,67.0
13-01159276,60636.0,15.0,7.0,67.0
13-01159316,60636.0,15.0,7.0,67.0
13-01159293,60636.0,15.0,7.0,67.0
13-01159552,60636.0,15.0,7.0,67.0
13-01163468,60636.0,15.0,7.0,67.0
13-01159099,60636.0,17.0,7.0,67.0
13-01159086,60636.0,17.0,7.0,67.0
13-01158982,60636.0,17.0,7.0,67.0
13-01153381,60636.0,15.0,7.0,67.0
13-01147137,60636.0,15.0,7.0,67.0
13-01106963,60636.0,15.0,7.0,67.0
13-01104825,60636.0,17.0,7.0,67.0
13-01105685,60636.0,16.0,7.0,67.0
13-01105666,60636.0,15.0,7.0,67.0
13-01105630,60636.0,15.0,7.0,67.0
13-01105624,60636.0,15.0,7.0,67.0
13-01105541,60636.0,15.0,7.0,67.0
13-01106535,60636.0,15.0,7.0,67.0
13-01106014,60636.0,15.0,7.0,67.0
13-01105997,60636.0,15.0,7.0,67.0
13-01105986,60636.0,16.0,7.0,67.0
13-01106500,60636.0,15.0,7.0,67.0
13-01106417,60636.0,15.0,7.0,67.0
13-01106481,60636.0,15.0,7.0,67.0
13-01106471,60636.0,16.0,7.0,67.0
13-01106624,60636.0,15.0,7.0,67.0
13-01106584,60636.0,15.0,7.0,67.0
13-01075323,60636.0,17.0,7.0,67.0
13-01069145,60636.0,15.0,7.0,67.0
13-01059035,60636.0,15.0,7.0,67.0
13-01059053,60636.0,15.0,7.0,67.0
13-01059077,60636.0,15.0,7.0,67.0
13-01050755,60636.0,16.0,7.0,67.0
13-01050815,60636.0,16.0,7.0,67.0
13-01039583,60636.0,17.0,7.0,67.0
13-01036297,60636.0,17.0,7.0,67.0
13-01030989,60636.0,16.0,7.0,67.0
13-01015092,60636.0,15.0,7.0,67.0
13-01006871,60636.0,15.0,7.0,67.0
13-01005155,60636.0,17.0,7.0,67.0
13-01003306,60636.0,16.0,7.0,67.0
13-00996830,60636.0,17.0,7.0,67.0
13-00977176,60636.0,15.0,7.0,67.0
13-00977105,60636.0,15.0,7.0,67.0
13-00959229,60636.0,15.0,7.0,67.0
13-00936576,60636.0,17.0,7.0,67.0
13-00936577,60636.0,17.0,7.0,67.0
13-00936716,60636.0,17.0,7.0,67.0
13-00936591,60636.0,17.0,7.0,67.0
13-00936581,60636.0,17.0,7.0,67.0
13-00893142,60636.0,15.0,7.0,67.0
13-00904174,60636.0,16.0,7.0,67.0
13-00870614,60636.0,17.0,7.0,67.0
13-00863155,60636.0,15.0,7.0,67.0
13-00854749,60636.0,17.0,7.0,67.0
13-00847541,60636.0,17.0,7.0,67.0
13-00846393,60636.0,17.0,7.0,67.0
13-00850379,60636.0,16.0,7.0,67.0
13-00835745,60636.0,16.0,7.0,67.0
13-00830133,60636.0,15.0,7.0,67.0
13-00828322,60636.0,17.0,7.0,67.0
13-00833569,60636.0,17.0,7.0,67.0
13-00828041,60636.0,16.0,7.0,67.0
13-00828065,60636.0,16.0,7.0,67.0
13-00827459,60636.0,16.0,7.0,67.0
13-00816286,60636.0,16.0,7.0,67.0
13-00798224,60636.0,15.0,7.0,67.0
13-00782670,60636.0,15.0,7.0,67.0
13-00774366,60636.0,15.0,7.0,67.0
13-00774269,60636.0,15.0,7.0,67.0
13-00774319,60636.0,15.0,7.0,67.0
13-00774383,60636.0,15.0,7.0,67.0
13-00774503,60636.0,15.0,7.0,67.0
13-00753082,60636.0,17.0,7.0,67.0
13-00744960,60636.0,17.0,7.0,67.0
13-00734243,60636.0,16.0,7.0,67.0
13-00737024,60636.0,17.0,7.0,67.0
13-00737210,60636.0,16.0,7.0,67.0
13-00737031,60636.0,15.0,7.0,67.0
13-00736566,60636.0,15.0,7.0,67.0
13-00723287,60636.0,15.0,7.0,67.0
13-00725802,60636.0,15.0,7.0,67.0
13-00720004,60636.0,17.0,7.0,67.0
13-00717271,60636.0,15.0,7.0,67.0
13-00716952,60636.0,17.0,7.0,67.0
13-00707184,60636.0,17.0,7.0,67.0
13-00710589,60636.0,18.0,8.0,66.0
13-00710753,60636.0,18.0,8.0,66.0
13-00710765,60636.0,18.0,8.0,66.0
13-00710750,60636.0,18.0,8.0,66.0
13-00710759,60636.0,18.0,8.0,66.0
13-00707877,60636.0,15.0,7.0,67.0
13-00699176,60636.0,15.0,7.0,67.0
13-00699133,60636.0,15.0,7.0,67.0
13-00699082,60636.0,15.0,7.0,67.0
13-00694702,60636.0,15.0,7.0,67.0
13-00695278,60636.0,15.0,7.0,67.0
13-00691087,60636.0,15.0,7.0,67.0
13-00688518,60636.0,16.0,8.0,63.0
13-00688670,60636.0,15.0,7.0,67.0
13-00691050,60636.0,15.0,7.0,67.0
13-00686133,60636.0,15.0,7.0,67.0
13-00675971,60636.0,17.0,7.0,67.0
13-00669964,60636.0,15.0,7.0,67.0
13-00642854,60636.0,15.0,7.0,67.0
13-00634072,60636.0,17.0,7.0,67.0
13-00634233,60636.0,15.0,7.0,67.0
13-00634142,60636.0,17.0,7.0,67.0
13-00634167,60636.0,17.0,7.0,67.0
13-00634228,60636.0,15.0,7.0,67.0
13-00634194,60636.0,17.0,7.0,67.0
13-00627562,60636.0,16.0,8.0,63.0
13-00628794,60636.0,17.0,7.0,67.0
13-00627759,60636.0,17.0,7.0,67.0
13-00627767,60636.0,17.0,7.0,67.0
13-00628302,60636.0,15.0,7.0,67.0
13-00628978,60636.0,15.0,7.0,67.0
13-00623479,60636.0,15.0,7.0,67.0
13-00623491,60636.0,15.0,7.0,67.0
13-00620861,60636.0,16.0,8.0,63.0
13-00619727,60636.0,15.0,8.0,66.0
13-00615872,60636.0,16.0,8.0,63.0
13-00611065,60636.0,17.0,7.0,67.0
13-00610846,60636.0,17.0,7.0,67.0
13-00611065,60636.0,17.0,7.0,67.0
13-00604688,60636.0,16.0,7.0,67.0
13-00598479,60636.0,15.0,7.0,67.0
13-00599412,60636.0,15.0,7.0,67.0
13-00589830,60636.0,15.0,7.0,67.0
13-00593505,60636.0,16.0,7.0,67.0
13-00587177,60636.0,15.0,7.0,67.0
13-00578065,60636.0,15.0,7.0,67.0
13-00581059,60636.0,17.0,7.0,67.0
13-00572663,60636.0,17.0,7.0,67.0
13-00569977,60636.0,17.0,7.0,67.0
13-00569993,60636.0,15.0,7.0,67.0
13-00567874,60636.0,16.0,7.0,67.0
13-00548148,60636.0,15.0,7.0,67.0
13-00547960,60636.0,17.0,7.0,67.0
13-00548157,60636.0,15.0,7.0,67.0
13-00548156,60636.0,15.0,7.0,67.0
13-00556339,60636.0,16.0,7.0,67.0
13-00556329,60636.0,16.0,7.0,67.0
13-00556309,60636.0,16.0,7.0,67.0
13-00556304,60636.0,16.0,7.0,67.0
13-00552957,60636.0,15.0,8.0,66.0
13-00552951,60636.0,15.0,8.0,66.0
13-00541526,60636.0,17.0,7.0,67.0
13-00545712,60636.0,15.0,7.0,67.0
13-00535605,60636.0,15.0,8.0,66.0
13-00535613,60636.0,15.0,8.0,66.0
13-00537854,60636.0,15.0,7.0,67.0
13-00529777,60636.0,16.0,7.0,67.0
13-00528677,60636.0,15.0,7.0,67.0
13-00525431,60636.0,16.0,7.0,67.0
13-00523082,60636.0,17.0,7.0,67.0
13-00509655,60636.0,16.0,7.0,67.0
13-00509638,60636.0,16.0,7.0,67.0
13-00509627,60636.0,16.0,7.0,67.0
13-00509659,60636.0,16.0,7.0,67.0
13-00513160,60636.0,15.0,7.0,67.0
13-00514003,60636.0,15.0,7.0,67.0
13-00513696,60636.0,15.0,7.0,67.0
13-00490579,60636.0,17.0,7.0,67.0
13-00421812,60636.0,15.0,7.0,67.0
13-00421805,60636.0,15.0,7.0,67.0
13-00421818,60636.0,15.0,7.0,67.0
13-00421829,60636.0,16.0,7.0,67.0
13-00421827,60636.0,16.0,7.0,67.0
13-00420221,60636.0,15.0,8.0,66.0
13-00420510,60636.0,15.0,7.0,67.0
13-00420539,60636.0,15.0,8.0,66.0
13-00420520,60636.0,15.0,7.0,67.0
13-00420526,60636.0,15.0,8.0,66.0
13-00419420,60636.0,16.0,7.0,67.0
13-00407541,60636.0,15.0,7.0,67.0
13-00407504,60636.0,15.0,7.0,67.0
13-00407450,60636.0,15.0,7.0,67.0
13-00407492,60636.0,15.0,7.0,67.0
13-00407476,60636.0,15.0,7.0,67.0
13-00407521,60636.0,15.0,7.0,67.0
13-00407639,60636.0,15.0,7.0,67.0
13-00407631,60636.0,15.0,7.0,67.0
13-00406543,60636.0,16.0,7.0,67.0
13-00406531,60636.0,15.0,7.0,67.0
13-00406529,60636.0,15.0,7.0,67.0
13-00406550,60636.0,15.0,7.0,67.0
13-00406546,60636.0,16.0,7.0,67.0
13-00406562,60636.0,15.0,7.0,67.0
13-00406555,60636.0,15.0,7.0,67.0
13-00406558,60636.0,16.0,7.0,67.0
13-00406923,60636.0,15.0,7.0,67.0
13-00406716,60636.0,15.0,7.0,67.0
13-00406687,60636.0,15.0,7.0,67.0
13-00406671,60636.0,15.0,7.0,67.0
13-00406670,60636.0,15.0,7.0,67.0
13-00406920,60636.0,15.0,7.0,67.0
13-00406757,60636.0,15.0,7.0,67.0
13-00407037,60636.0,15.0,7.0,67.0
13-00407035,60636.0,15.0,7.0,67.0
13-00407027,60636.0,15.0,7.0,67.0
13-00407020,60636.0,15.0,7.0,67.0
13-00407007,60636.0,15.0,7.0,67.0
13-00406971,60636.0,15.0,7.0,67.0
13-00406948,60636.0,15.0,7.0,67.0
13-00407050,60636.0,15.0,7.0,67.0
13-00407090,60636.0,16.0,7.0,67.0
13-00407063,60636.0,16.0,7.0,67.0
13-00407059,60636.0,15.0,7.0,67.0
13-00407094,60636.0,16.0,7.0,67.0
13-00373298,60636.0,16.0,8.0,63.0
13-00373290,60636.0,16.0,8.0,63.0
13-00359828,60636.0,16.0,8.0,63.0
13-00356212,60636.0,15.0,7.0,67.0
13-00332290,60636.0,15.0,7.0,67.0
13-00331983,60636.0,15.0,7.0,67.0
13-00332264,60636.0,15.0,7.0,67.0
13-00333329,60636.0,15.0,7.0,67.0
13-00317707,60636.0,15.0,7.0,67.0
13-00313024,60636.0,18.0,8.0,66.0
13-00309872,60636.0,15.0,7.0,67.0
13-00306380,60636.0,16.0,8.0,63.0
13-00299724,60636.0,18.0,8.0,66.0
13-00301189,60636.0,17.0,8.0,66.0
13-00301198,60636.0,17.0,7.0,67.0
13-00301542,60636.0,17.0,7.0,67.0
13-00301540,60636.0,17.0,7.0,67.0
13-00301551,60636.0,17.0,7.0,67.0
13-00297963,60636.0,16.0,8.0,63.0
13-00285521,60636.0,17.0,7.0,67.0
13-00287643,60636.0,17.0,8.0,66.0
13-00256252,60636.0,17.0,7.0,67.0
13-00256119,60636.0,15.0,7.0,67.0
13-00241316,60636.0,15.0,7.0,67.0
13-00228024,60636.0,18.0,8.0,66.0
13-00228023,60636.0,18.0,8.0,66.0
13-00218151,60636.0,17.0,7.0,67.0
13-00216923,60636.0,18.0,8.0,66.0
13-00212208,60636.0,17.0,7.0,67.0
13-00207619,60636.0,15.0,7.0,67.0
13-00204086,60636.0,15.0,8.0,66.0
13-00204082,60636.0,16.0,8.0,66.0
13-00194622,60636.0,17.0,7.0,67.0
13-00196420,60636.0,16.0,8.0,66.0
13-00196438,60636.0,15.0,7.0,67.0
13-00191948,60636.0,17.0,7.0,67.0
13-00178917,60636.0,17.0,7.0,67.0
13-00176221,60636.0,15.0,7.0,67.0
13-00172480,60636.0,17.0,7.0,67.0
13-00170452,60636.0,17.0,8.0,66.0
13-00167891,60636.0,15.0,7.0,67.0
13-00170495,60636.0,17.0,8.0,66.0
13-00147786,60636.0,16.0,7.0,67.0
13-00148534,60636.0,15.0,8.0,66.0
13-00148559,60636.0,15.0,8.0,66.0
13-00128950,60636.0,16.0,8.0,66.0
13-00126741,60636.0,17.0,7.0,68.0
13-00126744,60636.0,17.0,7.0,68.0
13-00119861,60636.0,17.0,7.0,67.0
13-00119890,60636.0,17.0,7.0,67.0
13-00120092,60636.0,17.0,7.0,67.0
13-00120927,60636.0,17.0,7.0,67.0
13-00124640,60636.0,16.0,8.0,66.0
13-00119877,60636.0,17.0,7.0,67.0
13-00120011,60636.0,17.0,8.0,66.0
13-00116690,60636.0,17.0,7.0,68.0
13-00105933,60636.0,15.0,7.0,67.0
13-00094458,60636.0,17.0,7.0,67.0
13-00071629,60636.0,18.0,8.0,66.0
13-00069896,60636.0,17.0,7.0,67.0
13-00061678,60636.0,16.0,7.0,67.0
13-00049198,60636.0,16.0,7.0,67.0
13-00038577,60636.0,18.0,8.0,66.0
13-00033340,60636.0,16.0,8.0,63.0
13-00033378,60636.0,18.0,8.0,66.0
13-00033380,60636.0,18.0,8.0,66.0
13-00030599,60636.0,15.0,7.0,67.0
13-00023121,60636.0,16.0,8.0,63.0
13-00023131,60636.0,16.0,8.0,63.0
13-00023149,60636.0,16.0,8.0,63.0
13-00015134,60636.0,15.0,8.0,66.0
13-00013964,60636.0,16.0,8.0,63.0
13-00005670,60636.0,15.0,8.0,66.0
13-00005083,60636.0,16.0,8.0,63.0
13-00004623,60636.0,15.0,7.0,67.0
12-02055999,60636.0,15.0,7.0,67.0
12-02044662,60636.0,15.0,7.0,67.0
12-02035285,60636.0,15.0,7.0,67.0
12-02025834,60636.0,18.0,8.0,66.0
12-02019282,60636.0,16.0,8.0,66.0
12-02011216,60636.0,15.0,7.0,67.0
12-02000237,60636.0,15.0,8.0,66.0
12-02001489,60636.0,17.0,8.0,66.0
12-02001479,60636.0,17.0,8.0,66.0
12-01977113,60636.0,16.0,8.0,63.0
12-01973023,60636.0,16.0,8.0,63.0
12-01973059,60636.0,16.0,8.0,63.0
12-01968314,60636.0,17.0,7.0,67.0
12-01966031,60636.0,15.0,8.0,66.0
12-01956622,60636.0,16.0,8.0,63.0
12-01956634,60636.0,16.0,8.0,63.0
12-01956623,60636.0,16.0,8.0,63.0
12-01956872,60636.0,15.0,8.0,66.0
12-01955725,60636.0,15.0,8.0,66.0
12-01955718,60636.0,16.0,8.0,63.0
12-01955702,60636.0,16.0,8.0,63.0
12-01955780,60636.0,15.0,8.0,66.0
12-01955743,60636.0,16.0,8.0,63.0
12-01955731,60636.0,16.0,8.0,63.0
12-01955785,60636.0,15.0,8.0,66.0
12-01955748,60636.0,16.0,8.0,63.0
12-01955767,60636.0,16.0,8.0,63.0
12-01955803,60636.0,15.0,8.0,66.0
12-01955828,60636.0,15.0,8.0,66.0
12-01955816,60636.0,15.0,8.0,66.0
12-01955827,60636.0,15.0,8.0,66.0
12-01955843,60636.0,15.0,8.0,66.0
12-01955973,60636.0,15.0,8.0,66.0
12-01955965,60636.0,15.0,8.0,66.0
12-01955956,60636.0,15.0,8.0,66.0
12-01955953,60636.0,15.0,8.0,66.0
12-01955962,60636.0,15.0,8.0,66.0
12-01955960,60636.0,15.0,8.0,66.0
12-01955980,60636.0,17.0,8.0,66.0
12-01955978,60636.0,15.0,8.0,66.0
12-01955975,60636.0,15.0,8.0,66.0
12-01955984,60636.0,17.0,8.0,66.0
12-01955990,60636.0,15.0,8.0,66.0
12-01948113,60636.0,15.0,7.0,67.0
12-01950343,60636.0,16.0,8.0,63.0
12-01945793,60636.0,16.0,8.0,63.0
12-01940327,60636.0,16.0,7.0,67.0
12-01930919,60636.0,15.0,8.0,66.0
12-01927332,60636.0,15.0,8.0,66.0
12-01918660,60636.0,15.0,7.0,67.0
12-01920993,60636.0,16.0,7.0,67.0
12-01919609,60636.0,15.0,7.0,67.0
12-01915388,60636.0,15.0,7.0,67.0
12-01909146,60636.0,17.0,8.0,66.0
12-01909303,60636.0,16.0,8.0,63.0
12-01909225,60636.0,15.0,8.0,66.0
12-01909337,60636.0,15.0,7.0,67.0
12-01909505,60636.0,16.0,7.0,67.0
12-01898559,60636.0,16.0,7.0,67.0
12-01898265,60636.0,17.0,8.0,66.0
12-01895374,60636.0,17.0,7.0,67.0
12-01891713,60636.0,15.0,8.0,66.0
12-01882296,60636.0,16.0,7.0,68.0
12-01882280,60636.0,17.0,7.0,68.0
12-01882337,60636.0,16.0,7.0,68.0
12-01882626,60636.0,16.0,8.0,63.0
12-01883077,60636.0,15.0,8.0,66.0
12-01870715,60636.0,16.0,7.0,67.0
12-01870724,60636.0,15.0,7.0,67.0
12-01872444,60636.0,16.0,8.0,63.0
12-01869013,60636.0,17.0,7.0,67.0
12-01862572,60636.0,15.0,7.0,67.0
12-01854200,60636.0,15.0,7.0,67.0
12-01857714,60636.0,15.0,8.0,66.0
12-01855933,60636.0,17.0,8.0,66.0
12-01852214,60636.0,15.0,8.0,66.0
12-01851032,60636.0,15.0,7.0,67.0
12-01837898,60636.0,17.0,7.0,67.0
12-01838921,60636.0,16.0,8.0,63.0
12-01836617,60636.0,17.0,8.0,66.0
12-01836508,60636.0,16.0,7.0,67.0
12-01833023,60636.0,16.0,8.0,63.0
12-01827730,60636.0,17.0,7.0,67.0
12-01816676,60636.0,18.0,8.0,66.0
12-01810452,60636.0,15.0,7.0,67.0
12-01810679,60636.0,16.0,7.0,67.0
12-01810682,60636.0,16.0,7.0,67.0
12-01810695,60636.0,16.0,7.0,67.0
12-01810735,60636.0,16.0,7.0,67.0
12-01810703,60636.0,16.0,7.0,67.0
12-01810720,60636.0,16.0,7.0,67.0
12-01811090,60636.0,16.0,7.0,67.0
12-01811079,60636.0,16.0,7.0,67.0
12-01811072,60636.0,16.0,7.0,67.0
12-01811126,60636.0,15.0,7.0,67.0
12-01811111,60636.0,16.0,7.0,67.0
12-01811101,60636.0,16.0,7.0,67.0
12-01811122,60636.0,15.0,7.0,67.0
12-01811117,60636.0,15.0,7.0,67.0
12-01795848,60636.0,17.0,7.0,67.0
12-01794083,60636.0,17.0,7.0,67.0
12-01789096,60636.0,18.0,8.0,66.0
12-01782586,60636.0,17.0,7.0,67.0
12-01759720,60636.0,17.0,7.0,67.0
12-01741761,60636.0,15.0,7.0,67.0
12-01737123,60636.0,15.0,7.0,67.0
12-01737145,60636.0,15.0,7.0,67.0
12-01738354,60636.0,15.0,7.0,67.0
12-01738368,60636.0,15.0,7.0,67.0
12-01733886,60636.0,15.0,7.0,67.0
12-01728284,60636.0,15.0,7.0,67.0
12-01713905,60636.0,15.0,8.0,66.0
12-01701865,60636.0,15.0,8.0,66.0
12-01700459,60636.0,15.0,8.0,66.0
12-01699293,60636.0,16.0,8.0,66.0
12-01692566,60636.0,17.0,8.0,66.0
12-01694721,60636.0,15.0,8.0,66.0
12-01691587,60636.0,15.0,7.0,67.0
12-01691767,60636.0,17.0,7.0,67.0
12-01689651,60636.0,17.0,7.0,67.0
12-01688529,60636.0,17.0,7.0,67.0
12-01688531,60636.0,17.0,7.0,67.0
12-01685944,60636.0,15.0,7.0,67.0
12-01685427,60636.0,15.0,8.0,66.0
12-01685424,60636.0,15.0,8.0,66.0
12-01677946,60636.0,17.0,8.0,66.0
12-01679829,60636.0,15.0,7.0,67.0
12-01681906,60636.0,15.0,8.0,66.0
12-01678271,60636.0,17.0,8.0,66.0
12-01676057,60636.0,17.0,8.0,66.0
12-01676080,60636.0,17.0,8.0,66.0
12-01671652,60636.0,15.0,8.0,66.0
12-01671653,60636.0,15.0,8.0,66.0
12-01667082,60636.0,16.0,7.0,67.0
12-01667063,60636.0,15.0,7.0,67.0
12-01670806,60636.0,17.0,7.0,67.0
12-01652691,60636.0,17.0,8.0,66.0
12-01646163,60636.0,15.0,7.0,67.0
12-01641356,60636.0,18.0,8.0,66.0
12-01641088,60636.0,15.0,7.0,67.0
12-01631054,60636.0,15.0,7.0,67.0
12-01625330,60636.0,15.0,7.0,67.0
12-01625288,60636.0,15.0,7.0,67.0
12-01625247,60636.0,15.0,7.0,67.0
12-01625257,60636.0,15.0,7.0,67.0
12-01625273,60636.0,15.0,7.0,67.0
12-01625372,60636.0,15.0,7.0,67.0
12-01625386,60636.0,15.0,7.0,67.0
12-01625405,60636.0,15.0,7.0,67.0
12-01622851,60636.0,15.0,7.0,67.0
12-01620642,60636.0,15.0,8.0,66.0
12-01618945,60636.0,15.0,8.0,66.0
12-01616819,60636.0,15.0,7.0,67.0
12-01611392,60636.0,18.0,8.0,66.0
12-01610727,60636.0,18.0,8.0,66.0
12-01607800,60636.0,15.0,8.0,66.0
12-01609326,60636.0,17.0,7.0,67.0
12-01609809,60636.0,18.0,8.0,66.0
12-01609830,60636.0,17.0,7.0,67.0
12-01609878,60636.0,17.0,7.0,67.0
12-01604601,60636.0,15.0,7.0,67.0
12-01605378,60636.0,17.0,7.0,67.0
12-01606947,60636.0,17.0,7.0,67.0
12-01600570,60636.0,17.0,7.0,67.0
12-01592046,60636.0,17.0,7.0,67.0
12-01583440,60636.0,16.0,7.0,67.0
12-01582979,60636.0,17.0,7.0,67.0
12-01568759,60636.0,15.0,8.0,66.0
12-01570572,60636.0,15.0,8.0,66.0
12-01557820,60636.0,16.0,7.0,67.0
12-01558191,60636.0,17.0,7.0,67.0
12-01562013,60636.0,15.0,8.0,66.0
12-01562935,60636.0,15.0,7.0,67.0
12-01555356,60636.0,17.0,7.0,67.0
12-01540912,60636.0,15.0,7.0,67.0
12-01535889,60636.0,15.0,7.0,67.0
12-01536388,60636.0,15.0,8.0,66.0
12-01534402,60636.0,16.0,7.0,67.0
12-01538364,60636.0,17.0,7.0,67.0
12-01511596,60636.0,16.0,7.0,67.0
12-01508258,60636.0,15.0,7.0,67.0
12-01508861,60636.0,15.0,7.0,67.0
12-01504684,60636.0,15.0,7.0,67.0
12-01496365,60636.0,17.0,8.0,66.0
12-01495900,60636.0,16.0,8.0,63.0
12-01487966,60636.0,15.0,7.0,67.0
12-01488059,60636.0,15.0,7.0,67.0
12-01481654,60636.0,16.0,7.0,67.0
12-01484978,60636.0,15.0,8.0,66.0
12-01481095,60636.0,15.0,8.0,66.0
12-01478921,60636.0,16.0,8.0,63.0
12-01479675,60636.0,15.0,7.0,67.0
12-01479123,60636.0,15.0,7.0,67.0
12-01470423,60636.0,15.0,7.0,67.0
12-01469286,60636.0,15.0,7.0,67.0
12-01470379,60636.0,15.0,7.0,67.0
12-01462799,60636.0,15.0,7.0,67.0
12-01468139,60636.0,15.0,7.0,67.0
12-01462749,60636.0,15.0,8.0,66.0
12-01462750,60636.0,15.0,8.0,66.0
12-01458109,60636.0,17.0,7.0,67.0
12-01458122,60636.0,17.0,7.0,67.0
12-01458135,60636.0,17.0,7.0,67.0
12-01462024,60636.0,15.0,7.0,67.0
12-01457576,60636.0,15.0,7.0,67.0
12-01458110,60636.0,15.0,7.0,67.0
12-01458075,60636.0,15.0,8.0,66.0
12-01442193,60636.0,16.0,8.0,63.0
12-01441819,60636.0,16.0,7.0,67.0
12-01443254,60636.0,16.0,7.0,67.0
12-01442835,60636.0,15.0,7.0,67.0
12-01445426,60636.0,15.0,7.0,67.0
12-01439401,60636.0,15.0,7.0,67.0
12-01439510,60636.0,15.0,7.0,67.0
12-01433785,60636.0,15.0,8.0,66.0
12-01433781,60636.0,15.0,8.0,66.0
12-01433756,60636.0,15.0,8.0,66.0
12-01433755,60636.0,15.0,8.0,66.0
12-01433753,60636.0,15.0,8.0,66.0
12-01425119,60636.0,15.0,7.0,67.0
12-01425111,60636.0,16.0,8.0,63.0
12-01426578,60636.0,17.0,7.0,67.0
12-01418025,60636.0,15.0,7.0,67.0
12-01419368,60636.0,16.0,8.0,63.0
12-01415698,60636.0,15.0,7.0,67.0
12-01415103,60636.0,15.0,7.0,67.0
12-01408000,60636.0,15.0,7.0,67.0
12-01400362,60636.0,15.0,7.0,67.0
12-01391498,60636.0,16.0,7.0,67.0
12-01389438,60636.0,17.0,7.0,67.0
12-01389445,60636.0,17.0,7.0,67.0
12-01374517,60636.0,15.0,7.0,67.0
12-01360348,60636.0,17.0,7.0,67.0
12-01355380,60636.0,17.0,7.0,67.0
12-01309746,60636.0,17.0,7.0,67.0
12-01309997,60636.0,16.0,7.0,67.0
12-01310481,60636.0,15.0,7.0,67.0
12-01298189,60636.0,16.0,7.0,67.0
12-01298183,60636.0,16.0,7.0,67.0
12-01291366,60636.0,17.0,7.0,67.0
12-01279106,60636.0,15.0,7.0,67.0
12-01267721,60636.0,15.0,7.0,67.0
12-01255903,60636.0,16.0,8.0,63.0
12-01255881,60636.0,16.0,8.0,63.0
12-01252841,60636.0,16.0,7.0,67.0
12-01246720,60636.0,15.0,7.0,67.0
12-01227798,60636.0,16.0,7.0,67.0
12-01211101,60636.0,15.0,7.0,67.0
12-01204385,60636.0,15.0,7.0,67.0
12-01202054,60636.0,16.0,8.0,63.0
12-01185831,60636.0,17.0,7.0,67.0
12-01171640,60636.0,17.0,8.0,66.0
12-01161112,60636.0,15.0,7.0,67.0
12-01162239,60636.0,15.0,7.0,67.0
12-01157993,60636.0,17.0,7.0,67.0
12-01154185,60636.0,16.0,7.0,67.0
12-01155313,60636.0,16.0,7.0,67.0
12-01154171,60636.0,16.0,7.0,67.0
12-01154164,60636.0,16.0,7.0,67.0
12-01154150,60636.0,16.0,7.0,67.0
12-01154195,60636.0,16.0,7.0,67.0
12-01155309,60636.0,16.0,7.0,67.0
12-01155258,60636.0,16.0,7.0,67.0
12-01156356,60636.0,15.0,7.0,67.0
12-01156345,60636.0,15.0,7.0,67.0
12-01156325,60636.0,15.0,7.0,67.0
12-01156307,60636.0,15.0,7.0,67.0
12-01156292,60636.0,15.0,7.0,67.0
12-01141511,60636.0,15.0,7.0,67.0
12-01141500,60636.0,15.0,7.0,67.0
12-01122817,60636.0,15.0,7.0,67.0
12-01120503,60636.0,17.0,7.0,67.0
12-01106152,60636.0,16.0,7.0,67.0
12-01080034,60636.0,17.0,7.0,67.0
12-01080017,60636.0,17.0,7.0,67.0
12-01079991,60636.0,17.0,7.0,67.0
12-01071512,60636.0,15.0,7.0,67.0
12-01068152,60636.0,17.0,7.0,67.0
12-01062344,60636.0,17.0,7.0,67.0
12-01045687,60636.0,16.0,8.0,63.0
12-01044211,60636.0,15.0,7.0,67.0
12-01044209,60636.0,15.0,7.0,67.0
12-01034825,60636.0,17.0,8.0,66.0
12-01035028,60636.0,17.0,8.0,66.0
12-01026584,60636.0,16.0,8.0,63.0
12-01031341,60636.0,15.0,7.0,67.0
12-01023180,60636.0,16.0,7.0,67.0
12-01020984,60636.0,15.0,7.0,67.0
12-01021752,60636.0,16.0,7.0,67.0
12-01003880,60636.0,15.0,7.0,67.0
12-01003877,60636.0,15.0,7.0,67.0
12-00990157,60636.0,17.0,7.0,67.0
12-00990639,60636.0,17.0,7.0,67.0
12-00993765,60636.0,15.0,7.0,67.0
12-00990662,60636.0,17.0,7.0,67.0
12-00987269,60636.0,17.0,7.0,67.0
12-00977797,60636.0,15.0,7.0,67.0
12-00979609,60636.0,15.0,7.0,67.0
12-00963075,60636.0,16.0,8.0,63.0
12-00968239,60636.0,16.0,8.0,63.0
12-00958998,60636.0,15.0,7.0,67.0
12-00951347,60636.0,17.0,7.0,67.0
12-00946811,60636.0,15.0,7.0,67.0
12-00945024,60636.0,15.0,7.0,67.0
12-00933482,60636.0,16.0,7.0,67.0
12-00922943,60636.0,16.0,7.0,67.0
12-00921811,60636.0,16.0,7.0,67.0
12-00922969,60636.0,16.0,7.0,67.0
12-00909938,60636.0,17.0,7.0,67.0
12-00884830,60636.0,16.0,7.0,67.0
12-00887317,60636.0,17.0,7.0,67.0
12-00878633,60636.0,15.0,7.0,67.0
12-00858265,60636.0,15.0,7.0,67.0
12-00850009,60636.0,15.0,7.0,67.0
12-00846833,60636.0,15.0,7.0,67.0
12-00836279,60636.0,17.0,7.0,67.0
12-00827772,60636.0,15.0,8.0,66.0
12-00822760,60636.0,18.0,8.0,66.0
12-00822802,60636.0,15.0,7.0,67.0
12-00815834,60636.0,16.0,7.0,67.0
12-00818552,60636.0,16.0,7.0,67.0
12-00817498,60636.0,16.0,8.0,63.0
12-00818709,60636.0,15.0,7.0,67.0
12-00812387,60636.0,15.0,7.0,67.0
12-00807522,60636.0,16.0,7.0,67.0
12-00803229,60636.0,16.0,7.0,67.0
12-00795818,60636.0,16.0,7.0,67.0
12-00795150,60636.0,16.0,7.0,67.0
12-00795584,60636.0,16.0,7.0,67.0
12-00790937,60636.0,15.0,7.0,67.0
12-00792336,60636.0,16.0,8.0,63.0
12-00775313,60636.0,15.0,7.0,67.0
12-00766938,60636.0,15.0,7.0,67.0
12-00766740,60636.0,17.0,7.0,67.0
12-00766886,60636.0,15.0,7.0,67.0
12-00766730,60636.0,17.0,7.0,67.0
12-00766761,60636.0,15.0,7.0,67.0
12-00767016,60636.0,15.0,7.0,67.0
12-00769308,60636.0,17.0,7.0,67.0
12-00768751,60636.0,17.0,7.0,67.0
12-00757034,60636.0,15.0,7.0,67.0
12-00756107,60636.0,17.0,7.0,67.0
12-00744961,60636.0,15.0,8.0,66.0
12-00747484,60636.0,15.0,7.0,67.0
12-00743517,60636.0,16.0,7.0,67.0
12-00732767,60636.0,17.0,7.0,67.0
12-00733942,60636.0,15.0,7.0,67.0
12-00730720,60636.0,15.0,7.0,67.0
12-00730597,60636.0,15.0,7.0,67.0
12-00731333,60636.0,17.0,8.0,66.0
12-00726086,60636.0,17.0,7.0,67.0
12-00716509,60636.0,17.0,7.0,67.0
12-00713869,60636.0,17.0,7.0,67.0
12-00711056,60636.0,16.0,7.0,67.0
12-00694177,60636.0,18.0,8.0,66.0
12-00688474,60636.0,18.0,8.0,66.0
12-00688463,60636.0,17.0,8.0,66.0
12-00687335,60636.0,17.0,7.0,67.0
12-00678655,60636.0,17.0,7.0,67.0
12-00669109,60636.0,17.0,7.0,67.0
12-00664761,60636.0,15.0,7.0,67.0
12-00664758,60636.0,15.0,7.0,67.0
12-00663126,60636.0,17.0,8.0,66.0
12-00654660,60636.0,17.0,7.0,67.0
12-00649482,60636.0,15.0,7.0,67.0
12-00647066,60636.0,15.0,7.0,67.0
12-00639752,60636.0,15.0,7.0,67.0
12-00637746,60636.0,17.0,7.0,67.0
12-00626459,60636.0,15.0,8.0,66.0
12-00623457,60636.0,15.0,7.0,67.0
12-00624510,60636.0,15.0,8.0,66.0
12-00623814,60636.0,17.0,7.0,67.0
12-00623810,60636.0,17.0,7.0,67.0
12-00623802,60636.0,17.0,7.0,67.0
12-00617576,60636.0,17.0,8.0,66.0
12-00617568,60636.0,17.0,8.0,66.0
12-00617591,60636.0,17.0,8.0,66.0
12-00617585,60636.0,17.0,8.0,66.0
12-00617582,60636.0,17.0,8.0,66.0
12-00617602,60636.0,18.0,8.0,66.0
12-00617611,60636.0,16.0,8.0,66.0
12-00611498,60636.0,17.0,7.0,67.0
12-00603271,60636.0,16.0,8.0,63.0
12-00605587,60636.0,16.0,8.0,63.0
12-00599550,60636.0,15.0,7.0,67.0
12-00597460,60636.0,15.0,7.0,67.0
12-00597571,60636.0,15.0,7.0,67.0
12-00597556,60636.0,15.0,7.0,67.0
12-00597586,60636.0,15.0,8.0,66.0
12-00597605,60636.0,15.0,8.0,66.0
12-00588980,60636.0,15.0,7.0,67.0
12-00584404,60636.0,15.0,8.0,66.0
12-00580639,60636.0,15.0,7.0,67.0
12-00573061,60636.0,15.0,7.0,67.0
12-00571923,60636.0,15.0,7.0,67.0
12-00566798,60636.0,15.0,8.0,66.0
12-00566808,60636.0,15.0,8.0,66.0
12-00569906,60636.0,15.0,8.0,66.0
12-00569923,60636.0,15.0,8.0,66.0
12-00546403,60636.0,15.0,8.0,66.0
12-00549118,60636.0,15.0,7.0,67.0
12-00546149,60636.0,17.0,8.0,66.0
12-00532655,60636.0,15.0,8.0,66.0
12-00535109,60636.0,15.0,7.0,67.0
12-00502686,60636.0,16.0,8.0,63.0
12-00429885,60636.0,15.0,7.0,67.0
12-00427785,60636.0,15.0,7.0,67.0
12-00427689,60636.0,15.0,7.0,67.0
12-00394159,60636.0,15.0,7.0,67.0
12-00398183,60636.0,15.0,7.0,67.0
12-00397327,60636.0,15.0,7.0,67.0
12-00398408,60636.0,15.0,7.0,67.0
12-00362092,60636.0,15.0,8.0,66.0
12-00318484,60636.0,15.0,7.0,67.0
12-00253979,60636.0,16.0,8.0,63.0
12-00251395,60636.0,17.0,7.0,67.0
12-00259417,60636.0,15.0,7.0,67.0
12-00217348,60636.0,17.0,7.0,67.0
12-00217386,60636.0,17.0,7.0,67.0
12-00219721,60636.0,15.0,7.0,67.0
12-00207200,60636.0,17.0,7.0,67.0
12-00210413,60636.0,15.0,7.0,67.0
12-00193986,60636.0,17.0,7.0,67.0
12-00185715,60636.0,16.0,7.0,67.0
12-00179051,60636.0,15.0,7.0,67.0
12-00178366,60636.0,16.0,8.0,63.0
12-00175840,60636.0,15.0,7.0,67.0
12-00153946,60636.0,16.0,8.0,63.0
12-00154218,60636.0,16.0,8.0,63.0
12-00154250,60636.0,16.0,8.0,63.0
12-00151835,60636.0,16.0,7.0,67.0
12-00154373,60636.0,15.0,8.0,66.0
12-00132193,60636.0,17.0,7.0,67.0
12-00119093,60636.0,15.0,8.0,66.0
12-00119100,60636.0,15.0,8.0,66.0
12-00112587,60636.0,16.0,8.0,63.0
12-00112607,60636.0,16.0,8.0,63.0
12-00112616,60636.0,16.0,8.0,63.0
12-00109794,60636.0,18.0,8.0,66.0
12-00109159,60636.0,18.0,8.0,66.0
12-00110487,60636.0,15.0,7.0,67.0
12-00110503,60636.0,15.0,7.0,67.0
12-00110934,60636.0,16.0,7.0,67.0
12-00070336,60636.0,18.0,8.0,66.0
12-00067405,60636.0,16.0,8.0,63.0
12-00061079,60636.0,16.0,8.0,63.0
12-00061174,60636.0,17.0,7.0,67.0
12-00026962,60636.0,15.0,8.0,66.0
11-04293833,60636.0,16.0,8.0,63.0
11-04293281,60636.0,15.0,8.0,66.0
11-04293391,60636.0,15.0,8.0,66.0
11-04287673,60636.0,17.0,7.0,67.0
11-04286776,60636.0,17.0,8.0,66.0
11-04283121,60636.0,17.0,7.0,67.0
11-04283106,60636.0,17.0,7.0,67.0
11-04283095,60636.0,17.0,7.0,67.0
11-04286373,60636.0,15.0,8.0,66.0
11-04281086,60636.0,15.0,7.0,67.0
11-04279225,60636.0,16.0,8.0,63.0
11-04275687,60636.0,16.0,7.0,67.0
11-04249135,60636.0,15.0,7.0,67.0
11-04249100,60636.0,15.0,7.0,67.0
11-04228351,60636.0,17.0,7.0,67.0
11-04228479,60636.0,17.0,7.0,67.0
11-04227376,60636.0,17.0,8.0,66.0
11-04227364,60636.0,16.0,7.0,67.0
11-04227372,60636.0,16.0,7.0,67.0
11-04221109,60636.0,17.0,7.0,67.0
11-04215007,60636.0,16.0,8.0,66.0
11-04212686,60636.0,16.0,7.0,67.0
11-04212688,60636.0,16.0,7.0,67.0
11-04206441,60636.0,16.0,7.0,67.0
11-04204301,60636.0,15.0,7.0,67.0
11-04204704,60636.0,16.0,7.0,67.0
11-04204658,60636.0,16.0,7.0,67.0
11-04207636,60636.0,16.0,8.0,63.0
11-04207555,60636.0,16.0,8.0,63.0
11-04207629,60636.0,16.0,8.0,63.0
11-04195684,60636.0,15.0,7.0,67.0
11-04200834,60636.0,15.0,8.0,66.0
11-04200842,60636.0,15.0,8.0,66.0
11-04180363,60636.0,16.0,8.0,63.0
11-04173927,60636.0,16.0,7.0,67.0
11-04173950,60636.0,16.0,7.0,67.0
11-04171033,60636.0,16.0,7.0,67.0
11-04162932,60636.0,16.0,7.0,67.0
11-04162935,60636.0,16.0,7.0,67.0
11-04158181,60636.0,17.0,7.0,67.0
11-04157314,60636.0,16.0,7.0,67.0
11-04159364,60636.0,16.0,8.0,63.0
11-04158331,60636.0,16.0,8.0,66.0
11-04143636,60636.0,17.0,7.0,67.0
11-04139320,60636.0,16.0,7.0,67.0
11-04139322,60636.0,16.0,7.0,67.0
11-04132195,60636.0,16.0,7.0,67.0
11-04122061,60636.0,15.0,7.0,67.0
11-04113754,60636.0,18.0,8.0,66.0
11-04113751,60636.0,18.0,8.0,66.0
11-04114213,60636.0,16.0,8.0,63.0
11-04105430,60636.0,16.0,7.0,67.0
11-04105435,60636.0,16.0,7.0,68.0
11-04105534,60636.0,16.0,7.0,67.0
11-04105533,60636.0,16.0,7.0,68.0
11-04105149,60636.0,17.0,7.0,67.0
11-04104695,60636.0,15.0,7.0,67.0
11-04100409,60636.0,16.0,7.0,67.0
11-04101956,60636.0,15.0,7.0,67.0
11-04086624,60636.0,15.0,8.0,66.0
11-04086674,60636.0,16.0,8.0,66.0
11-04086456,60636.0,15.0,8.0,66.0
11-04086413,60636.0,15.0,8.0,66.0
11-04086428,60636.0,15.0,8.0,66.0
11-04086508,60636.0,15.0,8.0,66.0
11-04086497,60636.0,15.0,8.0,66.0
11-04086595,60636.0,15.0,8.0,66.0
11-04086664,60636.0,15.0,8.0,66.0
11-04086679,60636.0,16.0,8.0,66.0
11-04086781,60636.0,15.0,8.0,66.0
11-04086771,60636.0,15.0,8.0,66.0
11-04086768,60636.0,15.0,8.0,66.0
11-04086756,60636.0,15.0,8.0,66.0
11-04086785,60636.0,16.0,8.0,66.0
11-04086793,60636.0,15.0,8.0,66.0
11-04075316,60636.0,15.0,8.0,66.0
11-04065098,60636.0,15.0,7.0,67.0
11-04064956,60636.0,15.0,7.0,67.0
11-04046091,60636.0,17.0,7.0,67.0
11-04011225,60636.0,15.0,7.0,67.0
11-04003627,60636.0,16.0,8.0,66.0
11-03997741,60636.0,15.0,7.0,67.0
11-04002820,60636.0,16.0,8.0,66.0
11-04002831,60636.0,16.0,8.0,66.0
11-04002879,60636.0,16.0,8.0,63.0
11-04002841,60636.0,16.0,8.0,66.0
11-04002900,60636.0,16.0,8.0,63.0
11-04002894,60636.0,16.0,8.0,63.0
11-03986089,60636.0,15.0,7.0,67.0
11-03973346,60636.0,16.0,8.0,63.0
11-03961345,60636.0,16.0,8.0,63.0
11-03956077,60636.0,16.0,7.0,67.0
11-03945527,60636.0,17.0,7.0,67.0
11-03931222,60636.0,17.0,8.0,66.0
11-03924014,60636.0,17.0,7.0,67.0
11-03925739,60636.0,15.0,7.0,67.0
11-03906602,60636.0,17.0,7.0,67.0
11-03895870,60636.0,17.0,7.0,67.0
11-03892549,60636.0,17.0,7.0,67.0
11-03892572,60636.0,17.0,7.0,67.0
11-03887588,60636.0,16.0,8.0,66.0
11-03877479,60636.0,17.0,7.0,67.0
11-03877465,60636.0,17.0,7.0,67.0
11-03869698,60636.0,15.0,8.0,66.0
11-03869725,60636.0,15.0,8.0,66.0
11-03866277,60636.0,17.0,7.0,67.0
11-03862439,60636.0,15.0,8.0,66.0
11-03852476,60636.0,15.0,8.0,66.0
11-03836713,60636.0,17.0,7.0,67.0
11-03837873,60636.0,15.0,8.0,66.0
11-03829842,60636.0,15.0,8.0,66.0
11-03839726,60636.0,17.0,7.0,67.0
11-03839717,60636.0,17.0,7.0,67.0
11-03823109,60636.0,17.0,7.0,67.0
11-03811235,60636.0,15.0,8.0,66.0
11-03811229,60636.0,17.0,7.0,67.0
11-03811333,60636.0,15.0,8.0,66.0
11-03808578,60636.0,16.0,7.0,67.0
11-03807087,60636.0,16.0,7.0,67.0
11-03797614,60636.0,15.0,7.0,67.0
11-03797834,60636.0,16.0,7.0,67.0
11-03806366,60636.0,15.0,8.0,66.0
11-03806356,60636.0,15.0,8.0,66.0
11-03808917,60636.0,16.0,8.0,63.0
11-03808908,60636.0,16.0,8.0,63.0
11-03789834,60636.0,17.0,7.0,67.0
11-03792571,60636.0,15.0,7.0,67.0
11-03792602,60636.0,15.0,7.0,67.0
11-03780876,60636.0,17.0,7.0,67.0
11-03775874,60636.0,16.0,7.0,67.0
11-03778547,60636.0,15.0,7.0,67.0
11-03765843,60636.0,17.0,7.0,67.0
11-03766373,60636.0,15.0,8.0,66.0
11-03771846,60636.0,17.0,7.0,67.0
11-03757452,60636.0,17.0,7.0,67.0
11-03760549,60636.0,17.0,7.0,67.0
11-03754349,60636.0,17.0,7.0,67.0
11-03752386,60636.0,17.0,7.0,67.0
11-03749413,60636.0,15.0,7.0,67.0
11-03749744,60636.0,15.0,8.0,66.0
11-03746804,60636.0,17.0,7.0,67.0
11-03744412,60636.0,17.0,7.0,67.0
11-03729155,60636.0,16.0,7.0,67.0
11-03733248,60636.0,15.0,7.0,67.0
11-03713463,60636.0,15.0,7.0,67.0
11-03713451,60636.0,15.0,7.0,67.0
11-03712290,60636.0,15.0,7.0,67.0
11-03712283,60636.0,15.0,7.0,67.0
11-03712303,60636.0,15.0,7.0,67.0
11-03712300,60636.0,15.0,7.0,67.0
11-03712294,60636.0,15.0,7.0,67.0
11-03712309,60636.0,15.0,7.0,67.0
11-03713440,60636.0,15.0,7.0,67.0
11-03713001,60636.0,16.0,7.0,67.0
11-03713429,60636.0,15.0,7.0,67.0
11-03713402,60636.0,15.0,7.0,67.0
11-03713481,60636.0,15.0,7.0,67.0
11-03713472,60636.0,15.0,7.0,67.0
11-03713489,60636.0,15.0,7.0,67.0
11-03713513,60636.0,15.0,7.0,67.0
11-03713658,60636.0,15.0,7.0,67.0
11-03713746,60636.0,15.0,7.0,67.0
11-03709615,60636.0,15.0,7.0,67.0
11-03704647,60636.0,16.0,7.0,67.0
11-03707096,60636.0,16.0,7.0,67.0
11-03707113,60636.0,15.0,7.0,67.0
11-03701375,60636.0,15.0,7.0,67.0
11-03695688,60636.0,17.0,7.0,67.0
11-03690661,60636.0,15.0,7.0,67.0
11-03682739,60636.0,15.0,7.0,67.0
11-03681304,60636.0,15.0,8.0,66.0
11-03684629,60636.0,15.0,7.0,67.0
11-03684621,60636.0,15.0,7.0,67.0
11-03680723,60636.0,16.0,8.0,63.0
11-03682028,60636.0,17.0,7.0,67.0
11-03682015,60636.0,17.0,7.0,67.0
11-03683842,60636.0,16.0,7.0,67.0
11-03675426,60636.0,15.0,7.0,67.0
11-03675928,60636.0,15.0,7.0,67.0
11-03675136,60636.0,16.0,7.0,67.0
11-03675821,60636.0,15.0,7.0,67.0
11-03663231,60636.0,15.0,7.0,67.0
11-03663385,60636.0,15.0,7.0,67.0
11-03664475,60636.0,16.0,8.0,63.0
11-03664443,60636.0,16.0,8.0,63.0
11-03664457,60636.0,16.0,8.0,63.0
11-03664493,60636.0,16.0,8.0,63.0
11-03664486,60636.0,16.0,8.0,63.0
11-03657742,60636.0,15.0,7.0,67.0
11-03657842,60636.0,15.0,7.0,67.0
11-03657666,60636.0,15.0,8.0,66.0
11-03657753,60636.0,15.0,7.0,67.0
11-03657794,60636.0,15.0,7.0,67.0
11-03657827,60636.0,15.0,7.0,67.0
11-03657813,60636.0,15.0,7.0,67.0
11-03657862,60636.0,15.0,7.0,67.0
11-03657876,60636.0,15.0,7.0,67.0
11-03657893,60636.0,16.0,7.0,67.0
11-03657883,60636.0,16.0,7.0,67.0
11-03644878,60636.0,16.0,7.0,67.0
11-03644794,60636.0,15.0,7.0,67.0
11-03644889,60636.0,17.0,7.0,67.0
11-03645030,60636.0,17.0,7.0,67.0
11-03645082,60636.0,15.0,8.0,66.0
11-03649077,60636.0,17.0,7.0,67.0
11-03626663,60636.0,16.0,8.0,66.0
11-03613302,60636.0,15.0,7.0,67.0
11-03608156,60636.0,16.0,7.0,67.0
11-03604815,60636.0,16.0,7.0,67.0
11-03612698,60636.0,17.0,7.0,67.0
11-03612719,60636.0,15.0,7.0,67.0
11-03612710,60636.0,15.0,7.0,67.0
11-03599069,60636.0,17.0,8.0,66.0
11-03583340,60636.0,15.0,7.0,67.0
11-03565798,60636.0,16.0,7.0,67.0
11-03558591,60636.0,15.0,7.0,67.0
11-03558679,60636.0,16.0,7.0,67.0
11-03551373,60636.0,16.0,7.0,67.0
11-03551323,60636.0,16.0,7.0,67.0
11-03549142,60636.0,15.0,7.0,67.0
11-03543669,60636.0,16.0,7.0,67.0
11-03543668,60636.0,16.0,7.0,67.0
11-03543667,60636.0,16.0,7.0,67.0
11-03544389,60636.0,15.0,7.0,67.0
11-03542257,60636.0,16.0,8.0,63.0
11-03542772,60636.0,15.0,7.0,67.0
11-03533359,60636.0,15.0,7.0,67.0
11-03504374,60636.0,17.0,7.0,67.0
11-03504412,60636.0,16.0,7.0,67.0
11-03501934,60636.0,17.0,7.0,67.0
11-03497593,60636.0,16.0,8.0,63.0
11-03494809,60636.0,16.0,7.0,67.0
11-03494808,60636.0,16.0,7.0,67.0
11-03494807,60636.0,16.0,7.0,67.0
11-03489887,60636.0,15.0,7.0,67.0
11-03490518,60636.0,15.0,7.0,67.0
11-03477474,60636.0,15.0,7.0,67.0
11-03481594,60636.0,16.0,8.0,63.0
11-03461440,60636.0,15.0,7.0,67.0
11-03461338,60636.0,15.0,7.0,67.0
11-03454850,60636.0,17.0,7.0,67.0
11-03415173,60636.0,16.0,7.0,67.0
11-03415167,60636.0,16.0,7.0,67.0
11-03411328,60636.0,16.0,8.0,63.0
11-03372950,60636.0,15.0,7.0,67.0
11-03363967,60636.0,15.0,7.0,67.0
11-03363960,60636.0,15.0,7.0,67.0
11-03363947,60636.0,15.0,7.0,67.0
11-03342755,60636.0,15.0,7.0,67.0
11-03339671,60636.0,15.0,7.0,67.0
11-03339710,60636.0,15.0,7.0,67.0
11-03339692,60636.0,15.0,7.0,67.0
11-03339681,60636.0,15.0,7.0,67.0
11-03339792,60636.0,15.0,7.0,67.0
11-03339743,60636.0,15.0,7.0,67.0
11-03339775,60636.0,15.0,7.0,67.0
11-03339762,60636.0,15.0,7.0,67.0
11-03340017,60636.0,15.0,7.0,67.0
11-03340000,60636.0,15.0,7.0,67.0
11-03339980,60636.0,15.0,7.0,67.0
11-03330175,60636.0,15.0,7.0,67.0
11-03317899,60636.0,15.0,8.0,66.0
11-03319281,60636.0,15.0,7.0,67.0
11-03306400,60636.0,16.0,7.0,67.0
11-03308055,60636.0,17.0,7.0,67.0
11-03307775,60636.0,15.0,7.0,67.0
11-03282189,60636.0,17.0,7.0,67.0
11-03273119,60636.0,17.0,8.0,66.0
11-03258670,60636.0,15.0,7.0,67.0
11-03263558,60636.0,17.0,7.0,67.0
11-03265867,60636.0,17.0,8.0,66.0
11-03249530,60636.0,15.0,8.0,66.0
11-03249529,60636.0,15.0,8.0,66.0
11-03249958,60636.0,16.0,7.0,67.0
11-03251093,60636.0,17.0,7.0,67.0
11-03253182,60636.0,17.0,7.0,67.0
11-03253177,60636.0,17.0,7.0,67.0
11-03183664,60636.0,15.0,7.0,67.0
11-03182903,60636.0,16.0,7.0,67.0
11-03145073,60636.0,15.0,7.0,67.0
11-03147563,60636.0,17.0,8.0,66.0
11-03034057,60636.0,16.0,7.0,67.0
11-02989965,60636.0,18.0,8.0,66.0
11-03003034,60636.0,15.0,7.0,67.0
11-02996597,60636.0,15.0,7.0,67.0
11-02996583,60636.0,15.0,7.0,67.0
11-02996383,60636.0,15.0,7.0,67.0
11-02996407,60636.0,15.0,7.0,67.0
11-02990890,60636.0,15.0,7.0,67.0
11-02991160,60636.0,15.0,7.0,67.0
11-02961380,60636.0,15.0,7.0,67.0
11-02919195,60636.0,15.0,7.0,67.0
11-02909138,60636.0,17.0,8.0,66.0
11-02898588,60636.0,17.0,7.0,67.0
11-02904492,60636.0,15.0,7.0,67.0
11-02869199,60636.0,17.0,8.0,66.0
11-02832492,60636.0,15.0,7.0,67.0
11-02760111,60636.0,17.0,8.0,66.0
11-02746441,60636.0,17.0,8.0,66.0
11-02695421,60636.0,17.0,8.0,66.0
11-02711132,60636.0,16.0,7.0,67.0
11-02656198,60636.0,17.0,7.0,67.0
11-02657243,60636.0,17.0,7.0,67.0
11-02658572,60636.0,15.0,7.0,67.0
11-02654833,60636.0,15.0,7.0,67.0
11-02668213,60636.0,15.0,7.0,67.0
11-02618264,60636.0,17.0,7.0,67.0
11-02586116,60636.0,17.0,8.0,66.0
11-02571931,60636.0,17.0,7.0,67.0
11-02573757,60636.0,17.0,7.0,67.0
11-02409506,60636.0,15.0,8.0,66.0
11-02416699,60636.0,17.0,7.0,67.0
11-02428083,60636.0,15.0,7.0,67.0
11-02411196,60636.0,16.0,8.0,66.0
11-02332136,60636.0,17.0,7.0,67.0
11-02232166,60636.0,15.0,7.0,67.0
11-02167113,60636.0,17.0,8.0,66.0
11-02167110,60636.0,17.0,8.0,66.0
11-02167144,60636.0,15.0,8.0,66.0
11-02132533,60636.0,17.0,7.0,67.0
11-02137796,60636.0,17.0,7.0,67.0
11-02083674,60636.0,16.0,7.0,67.0
11-02083687,60636.0,16.0,7.0,67.0
11-02096170,60636.0,15.0,7.0,67.0
11-02097254,60636.0,15.0,7.0,67.0
11-02043978,60636.0,15.0,7.0,67.0
11-02043915,60636.0,15.0,7.0,67.0
11-02044328,60636.0,16.0,8.0,63.0
11-02065980,60636.0,17.0,8.0,66.0
11-01942258,60636.0,17.0,7.0,67.0
11-01874010,60636.0,15.0,7.0,67.0
11-01869239,60636.0,16.0,7.0,67.0
11-01868645,60636.0,15.0,7.0,67.0
11-01868702,60636.0,15.0,7.0,67.0
11-01869316,60636.0,17.0,7.0,67.0
11-01869267,60636.0,16.0,7.0,67.0
11-01869373,60636.0,17.0,7.0,68.0
11-01831598,60636.0,16.0,8.0,63.0
11-01798204,60636.0,15.0,7.0,67.0
11-01739389,60636.0,15.0,7.0,67.0
11-01696421,60636.0,16.0,8.0,63.0
11-01694683,60636.0,17.0,7.0,67.0
11-01667983,60636.0,16.0,8.0,63.0
11-01659302,60636.0,16.0,8.0,63.0
11-01663592,60636.0,18.0,8.0,66.0
11-01660978,60636.0,16.0,8.0,63.0
11-01666481,60636.0,15.0,7.0,67.0
11-01635169,60636.0,15.0,7.0,67.0
11-01562426,60636.0,17.0,7.0,67.0
11-01535430,60636.0,16.0,7.0,67.0
11-01458901,60636.0,15.0,7.0,67.0
11-01464292,60636.0,17.0,8.0,66.0
11-01422300,60636.0,15.0,7.0,67.0
11-01432165,60636.0,17.0,7.0,67.0
11-01395492,60636.0,17.0,7.0,67.0
11-01373544,60636.0,15.0,7.0,67.0
11-01374344,60636.0,15.0,7.0,67.0
11-01335796,60636.0,16.0,8.0,63.0
11-01337343,60636.0,15.0,7.0,67.0
11-01338070,60636.0,15.0,7.0,67.0
11-01247982,60636.0,15.0,7.0,67.0
11-01212024,60636.0,15.0,7.0,67.0
11-01178472,60636.0,17.0,8.0,66.0
11-01180628,60636.0,15.0,7.0,67.0
11-01180613,60636.0,15.0,7.0,67.0
11-01182637,60636.0,15.0,7.0,67.0
11-01194299,60636.0,15.0,7.0,67.0
11-01184928,60636.0,16.0,7.0,67.0
11-01144503,60636.0,15.0,8.0,66.0
11-01149100,60636.0,15.0,7.0,67.0
11-01122794,60636.0,17.0,8.0,66.0
11-01113636,60636.0,15.0,7.0,67.0
11-01113634,60636.0,15.0,7.0,67.0
11-01040648,60636.0,17.0,7.0,67.0
11-01038878,60636.0,15.0,7.0,67.0
11-01038877,60636.0,15.0,7.0,67.0
11-01038886,60636.0,16.0,7.0,67.0
11-01038883,60636.0,16.0,7.0,67.0
11-01038881,60636.0,16.0,7.0,67.0
11-01006019,60636.0,17.0,7.0,67.0
11-01004176,60636.0,15.0,7.0,67.0
11-01007716,60636.0,15.0,7.0,67.0
11-00985713,60636.0,17.0,7.0,67.0
11-00984343,60636.0,17.0,7.0,67.0
11-00955641,60636.0,18.0,8.0,66.0
11-00931065,60636.0,16.0,7.0,67.0
11-00922048,60636.0,17.0,7.0,67.0
11-00927902,60636.0,18.0,8.0,66.0
11-00929390,60636.0,16.0,7.0,67.0
11-00898525,60636.0,18.0,8.0,66.0
11-00846412,60636.0,17.0,7.0,67.0
11-00849817,60636.0,17.0,7.0,67.0
11-00849772,60636.0,17.0,7.0,67.0
11-00786993,60636.0,17.0,7.0,67.0
11-00762065,60636.0,17.0,7.0,67.0
11-00694659,60636.0,16.0,7.0,67.0
11-00675481,60636.0,17.0,7.0,67.0
11-00676895,60636.0,18.0,8.0,66.0
11-00676719,60636.0,18.0,8.0,66.0
11-00660877,60636.0,15.0,7.0,67.0
11-00637361,60636.0,17.0,7.0,67.0
11-00611887,60636.0,16.0,8.0,63.0
11-00619170,60636.0,17.0,7.0,67.0
11-00593636,60636.0,17.0,7.0,67.0
11-00597725,60636.0,17.0,7.0,67.0
11-00582596,60636.0,17.0,7.0,67.0
11-00582690,60636.0,17.0,7.0,67.0
11-00561342,60636.0,17.0,7.0,67.0
11-00546748,60636.0,17.0,7.0,67.0
11-00548787,60636.0,17.0,7.0,67.0
11-00487676,60636.0,15.0,7.0,67.0
11-00477209,60636.0,17.0,7.0,67.0
11-00445372,60636.0,15.0,7.0,67.0
11-00438348,60636.0,15.0,7.0,67.0
11-00434933,60636.0,17.0,7.0,67.0
11-00434931,60636.0,17.0,7.0,67.0
11-00434935,60636.0,17.0,7.0,67.0
11-00438426,60636.0,17.0,7.0,67.0
11-00429663,60636.0,15.0,7.0,67.0
11-00412283,60636.0,17.0,7.0,67.0
11-00413781,60636.0,17.0,7.0,67.0
11-00405241,60636.0,15.0,8.0,66.0
11-00373927,60636.0,16.0,7.0,67.0
11-00372503,60636.0,16.0,7.0,67.0
11-00365907,60636.0,17.0,7.0,67.0
11-00361893,60636.0,16.0,7.0,67.0
11-00354303,60636.0,15.0,7.0,67.0
11-00348349,60636.0,15.0,7.0,67.0
11-00344028,60636.0,15.0,7.0,67.0
11-00324235,60636.0,15.0,8.0,66.0
11-00325007,60636.0,17.0,7.0,67.0
11-00315490,60636.0,17.0,7.0,67.0
11-00315559,60636.0,17.0,7.0,67.0
11-00308823,60636.0,16.0,7.0,67.0
11-00311218,60636.0,16.0,8.0,63.0
11-00285506,60636.0,17.0,7.0,67.0
11-00279166,60636.0,15.0,8.0,66.0
11-00281162,60636.0,17.0,7.0,67.0
11-00273064,60636.0,16.0,8.0,63.0
11-00269807,60636.0,17.0,7.0,67.0
11-00303469,60636.0,15.0,7.0,67.0
11-00303477,60636.0,15.0,7.0,67.0
11-00303500,60636.0,15.0,7.0,67.0
11-00222302,60636.0,17.0,7.0,67.0
11-00208765,60636.0,17.0,7.0,67.0
11-00209532,60636.0,17.0,7.0,67.0
11-00209133,60636.0,17.0,7.0,67.0
11-00209093,60636.0,17.0,7.0,67.0
11-00159338,60636.0,17.0,7.0,67.0
11-00153224,60636.0,15.0,7.0,67.0
11-00147447,60636.0,15.0,8.0,66.0
11-00149223,60636.0,17.0,7.0,67.0
11-00137791,60636.0,16.0,8.0,63.0
11-00134437,60636.0,15.0,8.0,66.0
11-00132716,60636.0,15.0,7.0,67.0
11-00124952,60636.0,17.0,7.0,67.0
11-00125001,60636.0,17.0,7.0,67.0
11-00110030,60636.0,17.0,8.0,66.0
11-00110043,60636.0,17.0,8.0,66.0
11-00110058,60636.0,16.0,8.0,63.0
11-00110097,60636.0,16.0,8.0,63.0
11-00110104,60636.0,16.0,8.0,63.0
11-00110115,60636.0,16.0,8.0,63.0
11-00110121,60636.0,16.0,8.0,63.0
11-00110131,60636.0,16.0,8.0,63.0
11-00099539,60636.0,17.0,8.0,66.0
11-00082712,60636.0,17.0,7.0,67.0
11-00082705,60636.0,17.0,7.0,67.0
11-00086641,60636.0,17.0,8.0,66.0
11-00076061,60636.0,17.0,7.0,67.0
11-00076030,60636.0,17.0,7.0,67.0
11-00070625,60636.0,16.0,8.0,63.0
11-00070630,60636.0,16.0,8.0,63.0
11-00065828,60636.0,15.0,7.0,67.0
11-00064846,60636.0,17.0,7.0,67.0
11-00058454,60636.0,17.0,7.0,67.0
11-00056325,60636.0,17.0,7.0,67.0
11-00058443,60636.0,17.0,7.0,67.0
11-00058465,60636.0,15.0,7.0,67.0
11-00058472,60636.0,15.0,7.0,67.0
11-00049656,60636.0,15.0,8.0,66.0
11-00052211,60636.0,16.0,7.0,67.0
11-00052029,60636.0,17.0,7.0,67.0
11-00040189,60636.0,16.0,7.0,67.0
11-00036725,60636.0,17.0,7.0,67.0
11-00020413,60636.0,15.0,8.0,66.0
11-00012784,60636.0,15.0,7.0,67.0
11-00013890,60636.0,16.0,7.0,67.0
11-00013904,60636.0,15.0,7.0,67.0
11-00013940,60636.0,15.0,7.0,67.0
11-00013952,60636.0,15.0,7.0,67.0
11-00013971,60636.0,15.0,7.0,67.0
11-00005126,60636.0,17.0,7.0,67.0
