15-04836170,60631.0,41.0,16.0,10.0
15-04524812,60631.0,41.0,16.0,10.0
15-04524817,60631.0,41.0,16.0,10.0
15-04485798,60631.0,41.0,16.0,10.0
15-03810663,60631.0,41.0,16.0,10.0
15-03810603,60631.0,41.0,16.0,10.0
15-03810480,60631.0,41.0,16.0,10.0
15-03755268,60631.0,41.0,16.0,10.0
15-03755268,60631.0,41.0,16.0,10.0
15-03727198,60631.0,41.0,16.0,76.0
15-03654930,60631.0,41.0,16.0,10.0
15-03654938,60631.0,41.0,16.0,10.0
15-03661961,60631.0,41.0,16.0,76.0
15-03551288,60631.0,41.0,16.0,9.0
15-03324232,60631.0,41.0,16.0,9.0
15-02993344,60631.0,41.0,16.0,10.0
15-02851332,60631.0,41.0,16.0,9.0
15-02607589,60631.0,41.0,16.0,9.0
15-02584382,60631.0,41.0,16.0,10.0
15-02505984,60631.0,41.0,16.0,9.0
15-02324591,60631.0,41.0,16.0,76.0
15-02287144,60631.0,41.0,16.0,76.0
15-02261525,60631.0,41.0,16.0,76.0
15-02150502,60631.0,41.0,16.0,10.0
15-01748487,60631.0,41.0,16.0,9.0
15-01720872,60631.0,41.0,16.0,9.0
15-01548573,60631.0,41.0,16.0,10.0
15-01533509,60631.0,41.0,16.0,9.0
15-01449382,60631.0,41.0,16.0,10.0
15-01389826,60631.0,41.0,16.0,9.0
15-01357832,60631.0,41.0,16.0,9.0
15-01121226,60631.0,41.0,16.0,9.0
15-01087264,60631.0,41.0,16.0,9.0
15-00639326,60631.0,41.0,16.0,9.0
15-00329111,60631.0,41.0,16.0,10.0
15-00260023,60631.0,41.0,16.0,10.0
15-00225623,60631.0,41.0,16.0,9.0
15-00213998,60631.0,41.0,16.0,9.0
15-00144718,60631.0,41.0,16.0,76.0
15-00040006,60631.0,41.0,16.0,10.0
15-00039997,60631.0,41.0,16.0,10.0
15-00030252,60631.0,41.0,16.0,10.0
15-00022681,60631.0,41.0,16.0,10.0
14-02181805,60631.0,41.0,16.0,9.0
14-02145443,60631.0,41.0,16.0,76.0
14-02126762,60631.0,41.0,16.0,10.0
14-02028938,60631.0,41.0,16.0,10.0
14-01989197,60631.0,41.0,16.0,10.0
14-01981404,60631.0,41.0,16.0,10.0
14-01954266,60631.0,41.0,16.0,10.0
14-01939853,60631.0,41.0,16.0,10.0
14-01937892,60631.0,41.0,16.0,10.0
14-01932171,60631.0,41.0,16.0,10.0
14-01910566,60631.0,41.0,16.0,10.0
14-01902577,60631.0,41.0,16.0,10.0
14-01896470,60631.0,41.0,16.0,76.0
14-01739714,60631.0,41.0,16.0,10.0
14-01735587,60631.0,41.0,16.0,10.0
14-01721003,60631.0,41.0,16.0,76.0
14-01668362,60631.0,41.0,16.0,10.0
14-01661644,60631.0,41.0,16.0,9.0
14-01649486,60631.0,41.0,16.0,9.0
14-01631418,60631.0,41.0,16.0,9.0
14-01593645,60631.0,41.0,16.0,9.0
14-01560564,60631.0,41.0,16.0,76.0
14-01482152,60631.0,41.0,16.0,10.0
14-01426817,60631.0,41.0,16.0,9.0
14-01381471,60631.0,41.0,16.0,76.0
14-01366947,60631.0,41.0,16.0,9.0
14-01366932,60631.0,41.0,16.0,9.0
14-01367340,60631.0,41.0,16.0,9.0
14-01367057,60631.0,41.0,16.0,9.0
14-01367345,60631.0,41.0,16.0,9.0
14-01359262,60631.0,41.0,16.0,76.0
14-01349323,60631.0,41.0,16.0,9.0
14-01303199,60631.0,41.0,16.0,9.0
14-01227169,60631.0,41.0,16.0,76.0
14-01222327,60631.0,41.0,16.0,10.0
14-01169029,60631.0,41.0,16.0,10.0
14-01176418,60631.0,41.0,16.0,76.0
14-01161635,60631.0,41.0,16.0,10.0
14-01161756,60631.0,41.0,16.0,10.0
14-01156789,60631.0,41.0,16.0,10.0
14-01153098,60631.0,41.0,16.0,10.0
14-01118398,60631.0,41.0,16.0,76.0
14-01082680,60631.0,41.0,16.0,9.0
14-01075222,60631.0,41.0,16.0,10.0
14-01029994,60631.0,41.0,16.0,9.0
14-01032765,60631.0,41.0,16.0,76.0
14-01019269,60631.0,41.0,16.0,10.0
14-01019266,60631.0,41.0,16.0,10.0
14-01014610,60631.0,41.0,16.0,10.0
14-01014712,60631.0,41.0,16.0,10.0
14-01014711,60631.0,41.0,16.0,10.0
14-01006926,60631.0,41.0,16.0,9.0
14-00991452,60631.0,41.0,16.0,9.0
14-00981538,60631.0,41.0,16.0,9.0
14-00981450,60631.0,41.0,16.0,9.0
14-00966428,60631.0,41.0,16.0,10.0
14-00963726,60631.0,41.0,16.0,10.0
14-00964004,60631.0,41.0,16.0,9.0
14-00965776,60631.0,41.0,16.0,9.0
14-00965767,60631.0,41.0,16.0,9.0
14-00940572,60631.0,41.0,16.0,9.0
14-00943281,60631.0,41.0,16.0,9.0
14-00943430,60631.0,41.0,16.0,9.0
14-00937129,60631.0,41.0,16.0,10.0
14-00927295,60631.0,41.0,16.0,76.0
14-00899574,60631.0,41.0,16.0,10.0
14-00850099,60631.0,41.0,16.0,10.0
14-00841004,60631.0,41.0,16.0,9.0
14-00822490,60631.0,41.0,16.0,10.0
14-00810188,60631.0,41.0,16.0,10.0
14-00802231,60631.0,41.0,16.0,10.0
14-00780073,60631.0,41.0,16.0,10.0
14-00762481,60631.0,41.0,16.0,10.0
14-00766077,60631.0,41.0,16.0,10.0
14-00708725,60631.0,41.0,16.0,10.0
14-00710089,60631.0,41.0,16.0,10.0
14-00709010,60631.0,41.0,16.0,10.0
14-00709039,60631.0,41.0,16.0,9.0
14-00709023,60631.0,41.0,16.0,9.0
14-00696382,60631.0,41.0,16.0,10.0
14-00657598,60631.0,41.0,16.0,10.0
14-00657841,60631.0,41.0,16.0,10.0
14-00661510,60631.0,41.0,16.0,10.0
14-00610807,60631.0,41.0,16.0,9.0
14-00596250,60631.0,41.0,16.0,10.0
14-00591155,60631.0,41.0,16.0,10.0
14-00594066,60631.0,41.0,16.0,10.0
14-00571005,60631.0,41.0,16.0,76.0
14-00570746,60631.0,41.0,16.0,76.0
14-00555950,60631.0,41.0,16.0,10.0
14-00534639,60631.0,41.0,16.0,10.0
14-00491520,60631.0,41.0,16.0,9.0
14-00438130,60631.0,41.0,16.0,10.0
14-00428744,60631.0,41.0,16.0,76.0
14-00326933,60631.0,41.0,16.0,10.0
14-00214992,60631.0,41.0,16.0,10.0
14-00206267,60631.0,41.0,16.0,10.0
14-00192325,60631.0,41.0,16.0,10.0
14-00118414,60631.0,41.0,16.0,10.0
14-00079171,60631.0,41.0,16.0,10.0
14-00079173,60631.0,41.0,16.0,10.0
14-00054223,60631.0,41.0,16.0,10.0
13-01888903,60631.0,41.0,16.0,10.0
13-01888475,60631.0,41.0,16.0,10.0
13-01887745,60631.0,41.0,16.0,9.0
13-01887730,60631.0,41.0,16.0,10.0
13-01887584,60631.0,41.0,16.0,10.0
13-01817258,60631.0,41.0,16.0,10.0
13-01711065,60631.0,41.0,16.0,10.0
13-01685580,60631.0,41.0,16.0,10.0
13-01686044,60631.0,41.0,16.0,10.0
13-01682724,60631.0,41.0,16.0,10.0
14-00419283,60631.0,41.0,16.0,9.0
14-00419084,60631.0,41.0,16.0,9.0
14-00419052,60631.0,41.0,16.0,9.0
14-00425160,60631.0,41.0,16.0,9.0
13-01619457,60631.0,41.0,16.0,9.0
13-01552042,60631.0,41.0,16.0,9.0
13-01513923,60631.0,41.0,16.0,76.0
13-01491354,60631.0,41.0,16.0,10.0
13-01475913,60631.0,41.0,16.0,10.0
13-01472463,60631.0,41.0,16.0,10.0
13-01448055,60631.0,41.0,16.0,76.0
13-01445059,60631.0,41.0,16.0,76.0
13-01445039,60631.0,41.0,16.0,76.0
13-01400507,60631.0,41.0,16.0,10.0
13-01368630,60631.0,41.0,16.0,10.0
13-01201825,60631.0,41.0,16.0,10.0
13-01199088,60631.0,41.0,16.0,9.0
13-01155066,60631.0,41.0,16.0,10.0
13-01155048,60631.0,41.0,16.0,10.0
13-01145498,60631.0,41.0,16.0,9.0
13-01120130,60631.0,41.0,16.0,10.0
13-01120098,60631.0,41.0,16.0,10.0
13-01120153,60631.0,41.0,16.0,10.0
13-01110127,60631.0,41.0,16.0,10.0
13-01058627,60631.0,41.0,16.0,9.0
13-01060265,60631.0,41.0,16.0,9.0
13-01049273,60631.0,41.0,16.0,9.0
13-01049257,60631.0,41.0,16.0,9.0
13-01049397,60631.0,41.0,16.0,9.0
13-01049295,60631.0,41.0,16.0,9.0
13-01042141,60631.0,41.0,16.0,9.0
13-01042546,60631.0,41.0,16.0,9.0
13-01027240,60631.0,41.0,16.0,9.0
13-01027296,60631.0,41.0,16.0,10.0
13-01013936,60631.0,41.0,16.0,9.0
13-01014834,60631.0,41.0,16.0,9.0
13-01007517,60631.0,41.0,16.0,10.0
13-00998718,60631.0,41.0,16.0,10.0
13-00999873,60631.0,41.0,16.0,9.0
13-00981734,60631.0,41.0,16.0,10.0
13-00944795,60631.0,41.0,16.0,10.0
13-00934803,60631.0,41.0,16.0,10.0
13-00904183,60631.0,41.0,16.0,9.0
13-00833477,60631.0,41.0,16.0,10.0
13-00803946,60631.0,41.0,16.0,10.0
13-00740598,60631.0,41.0,16.0,10.0
13-00734929,60631.0,41.0,16.0,10.0
13-00716439,60631.0,41.0,16.0,10.0
13-00611158,60631.0,41.0,16.0,76.0
13-00595304,60631.0,41.0,16.0,10.0
13-00557770,60631.0,41.0,16.0,10.0
13-00543298,60631.0,41.0,16.0,10.0
13-00531983,60631.0,41.0,16.0,10.0
13-00491681,60631.0,41.0,16.0,10.0
13-00440778,60631.0,41.0,16.0,76.0
13-00428788,60631.0,41.0,16.0,9.0
13-00429030,60631.0,41.0,16.0,10.0
13-00424638,60631.0,41.0,16.0,10.0
13-00394430,60631.0,41.0,16.0,76.0
13-00394437,60631.0,41.0,16.0,76.0
13-00385690,60631.0,41.0,16.0,10.0
13-00367144,60631.0,41.0,16.0,10.0
13-00367181,60631.0,41.0,16.0,10.0
13-00367195,60631.0,41.0,16.0,9.0
13-00367242,60631.0,41.0,16.0,9.0
13-00367283,60631.0,41.0,16.0,10.0
13-00367213,60631.0,41.0,16.0,9.0
13-00367234,60631.0,41.0,16.0,9.0
13-00367224,60631.0,41.0,16.0,9.0
13-00367260,60631.0,41.0,16.0,9.0
13-00367274,60631.0,41.0,16.0,10.0
13-00366534,60631.0,41.0,16.0,76.0
13-00365422,60631.0,41.0,16.0,76.0
13-00366590,60631.0,41.0,16.0,76.0
13-00352410,60631.0,41.0,16.0,10.0
13-00348100,60631.0,41.0,16.0,76.0
13-00346164,60631.0,41.0,16.0,10.0
13-00314155,60631.0,41.0,16.0,10.0
13-00268061,60631.0,41.0,16.0,9.0
13-00238955,60631.0,41.0,16.0,10.0
13-00200473,60631.0,41.0,16.0,10.0
13-00164595,60631.0,41.0,16.0,10.0
13-00164589,60631.0,41.0,16.0,10.0
13-00164583,60631.0,41.0,16.0,10.0
13-00151175,60631.0,41.0,16.0,9.0
13-00044881,60631.0,41.0,16.0,76.0
13-00044890,60631.0,41.0,16.0,76.0
13-00035002,60631.0,41.0,16.0,9.0
13-00031309,60631.0,41.0,16.0,76.0
13-00028700,60631.0,41.0,16.0,10.0
13-00014068,60631.0,41.0,16.0,10.0
13-00014067,60631.0,41.0,16.0,10.0
12-02044683,60631.0,41.0,16.0,9.0
12-02044691,60631.0,41.0,16.0,9.0
12-02023436,60631.0,41.0,16.0,9.0
12-01960561,60631.0,41.0,16.0,10.0
12-01953875,60631.0,41.0,16.0,10.0
12-01953872,60631.0,41.0,16.0,10.0
12-01939781,60631.0,41.0,16.0,10.0
12-01939724,60631.0,41.0,16.0,10.0
12-01939841,60631.0,41.0,16.0,10.0
12-01934059,60631.0,41.0,16.0,10.0
12-01930609,60631.0,41.0,16.0,76.0
12-01918678,60631.0,41.0,16.0,10.0
12-01918777,60631.0,41.0,16.0,10.0
12-01918880,60631.0,41.0,16.0,10.0
12-01910910,60631.0,41.0,16.0,10.0
12-01896538,60631.0,41.0,16.0,10.0
12-01891885,60631.0,41.0,16.0,10.0
12-01885249,60631.0,41.0,16.0,10.0
12-01881388,60631.0,41.0,16.0,10.0
12-01883402,60631.0,41.0,16.0,10.0
12-01874433,60631.0,41.0,16.0,10.0
12-01876955,60631.0,41.0,16.0,10.0
12-01874783,60631.0,41.0,16.0,10.0
12-01865344,60631.0,41.0,16.0,10.0
12-01864988,60631.0,41.0,16.0,9.0
12-01862838,60631.0,41.0,16.0,10.0
12-01861754,60631.0,41.0,16.0,10.0
12-01853487,60631.0,41.0,16.0,10.0
12-01856494,60631.0,41.0,16.0,10.0
12-01854170,60631.0,41.0,16.0,10.0
12-01854130,60631.0,41.0,16.0,10.0
12-01854205,60631.0,41.0,16.0,10.0
12-01853851,60631.0,41.0,16.0,10.0
12-01851749,60631.0,41.0,16.0,10.0
12-01851867,60631.0,41.0,16.0,10.0
12-01851872,60631.0,41.0,16.0,10.0
12-01833258,60631.0,41.0,16.0,10.0
12-01827148,60631.0,41.0,16.0,9.0
12-01821829,60631.0,41.0,16.0,9.0
12-01816222,60631.0,41.0,16.0,10.0
12-01805715,60631.0,41.0,16.0,76.0
12-01805707,60631.0,41.0,16.0,10.0
12-01800127,60631.0,41.0,16.0,76.0
12-01791146,60631.0,41.0,16.0,10.0
12-01791406,60631.0,41.0,16.0,10.0
12-01783375,60631.0,41.0,16.0,10.0
12-01771622,60631.0,41.0,16.0,10.0
12-01756241,60631.0,41.0,16.0,10.0
12-01748424,60631.0,41.0,16.0,9.0
12-01747371,60631.0,41.0,16.0,10.0
12-01738004,60631.0,41.0,16.0,76.0
12-01726018,60631.0,41.0,16.0,76.0
12-01717908,60631.0,41.0,16.0,10.0
12-01709968,60631.0,41.0,16.0,76.0
12-01704308,60631.0,41.0,16.0,10.0
12-01703994,60631.0,41.0,16.0,76.0
12-01686599,60631.0,41.0,16.0,10.0
12-01684747,60631.0,41.0,16.0,76.0
12-01679018,60631.0,41.0,16.0,10.0
12-01679022,60631.0,41.0,16.0,76.0
12-01672704,60631.0,41.0,16.0,10.0
12-01656909,60631.0,41.0,16.0,9.0
12-01655589,60631.0,41.0,16.0,10.0
12-01625975,60631.0,41.0,16.0,9.0
12-01618698,60631.0,41.0,16.0,10.0
12-01613111,60631.0,41.0,16.0,10.0
12-01603152,60631.0,41.0,16.0,9.0
12-01600276,60631.0,41.0,16.0,10.0
12-01600280,60631.0,41.0,16.0,10.0
12-01590742,60631.0,41.0,16.0,9.0
12-01589250,60631.0,41.0,16.0,9.0
12-01581248,60631.0,41.0,16.0,10.0
12-01574222,60631.0,41.0,16.0,9.0
12-01565823,60631.0,41.0,16.0,9.0
12-01558766,60631.0,41.0,16.0,10.0
12-01558911,60631.0,41.0,16.0,10.0
12-01556128,60631.0,41.0,16.0,10.0
12-01555820,60631.0,41.0,16.0,10.0
12-01554471,60631.0,41.0,16.0,9.0
12-01553181,60631.0,41.0,16.0,10.0
12-01552769,60631.0,41.0,16.0,10.0
12-01520655,60631.0,41.0,16.0,10.0
12-01511259,60631.0,41.0,16.0,9.0
12-01493440,60631.0,41.0,16.0,10.0
12-01482069,60631.0,41.0,16.0,10.0
12-01469355,60631.0,41.0,16.0,10.0
12-01383755,60631.0,41.0,16.0,10.0
12-01329457,60631.0,41.0,16.0,10.0
12-01298947,60631.0,41.0,16.0,10.0
12-01270645,60631.0,41.0,16.0,10.0
12-01253615,60631.0,41.0,16.0,10.0
12-01240106,60631.0,41.0,16.0,10.0
12-01236018,60631.0,41.0,16.0,9.0
12-01236016,60631.0,41.0,16.0,10.0
12-01236014,60631.0,41.0,16.0,10.0
12-01217441,60631.0,41.0,16.0,10.0
12-01183640,60631.0,41.0,16.0,9.0
12-01095216,60631.0,41.0,16.0,10.0
12-01102699,60631.0,41.0,16.0,9.0
12-01091413,60631.0,41.0,16.0,10.0
12-01085268,60631.0,41.0,16.0,10.0
12-01043615,60631.0,41.0,16.0,9.0
12-01036439,60631.0,41.0,16.0,10.0
12-00991302,60631.0,41.0,16.0,10.0
12-00964355,60631.0,41.0,16.0,9.0
12-00958058,60631.0,41.0,16.0,10.0
12-00958830,60631.0,41.0,16.0,10.0
12-00958824,60631.0,41.0,16.0,9.0
12-00958799,60631.0,41.0,16.0,9.0
12-00944906,60631.0,41.0,16.0,10.0
12-00917111,60631.0,41.0,16.0,10.0
12-00909562,60631.0,41.0,16.0,10.0
12-00888906,60631.0,41.0,16.0,10.0
12-00877457,60631.0,41.0,16.0,9.0
12-00751484,60631.0,41.0,16.0,10.0
12-00751795,60631.0,41.0,16.0,10.0
12-00751816,60631.0,41.0,16.0,10.0
12-00732702,60631.0,41.0,16.0,10.0
12-00731230,60631.0,41.0,16.0,10.0
12-00700045,60631.0,41.0,16.0,9.0
12-00699708,60631.0,41.0,16.0,9.0
12-00693816,60631.0,41.0,16.0,9.0
12-00697415,60631.0,41.0,16.0,9.0
12-00697549,60631.0,41.0,16.0,9.0
12-00697501,60631.0,41.0,16.0,9.0
12-00686484,60631.0,41.0,16.0,10.0
12-00680495,60631.0,41.0,16.0,10.0
12-00685206,60631.0,41.0,16.0,10.0
12-00678673,60631.0,41.0,16.0,10.0
12-00675903,60631.0,41.0,16.0,10.0
12-00669256,60631.0,41.0,16.0,10.0
12-00667354,60631.0,41.0,16.0,10.0
12-00653685,60631.0,41.0,16.0,10.0
12-00653700,60631.0,41.0,16.0,10.0
12-00650603,60631.0,41.0,16.0,9.0
12-00623766,60631.0,41.0,16.0,10.0
12-00624683,60631.0,41.0,16.0,10.0
12-00624809,60631.0,41.0,16.0,10.0
12-00617486,60631.0,41.0,16.0,10.0
12-00605220,60631.0,41.0,16.0,10.0
12-00604693,60631.0,41.0,16.0,10.0
12-00608107,60631.0,41.0,16.0,10.0
12-00596405,60631.0,41.0,16.0,10.0
12-00599759,60631.0,41.0,16.0,10.0
12-00601892,60631.0,41.0,16.0,10.0
12-00601557,60631.0,41.0,16.0,10.0
12-00595323,60631.0,41.0,16.0,10.0
12-00594870,60631.0,41.0,16.0,10.0
12-00595048,60631.0,41.0,16.0,10.0
12-00594936,60631.0,41.0,16.0,10.0
12-00588440,60631.0,41.0,16.0,10.0
12-00588444,60631.0,41.0,16.0,10.0
12-00589002,60631.0,41.0,16.0,10.0
12-00582513,60631.0,41.0,16.0,10.0
12-00580013,60631.0,41.0,16.0,10.0
12-00580147,60631.0,41.0,16.0,10.0
12-00586035,60631.0,41.0,16.0,10.0
12-00583375,60631.0,41.0,16.0,9.0
12-00574295,60631.0,41.0,16.0,10.0
12-00574499,60631.0,41.0,16.0,10.0
12-00577911,60631.0,41.0,16.0,10.0
12-00565906,60631.0,41.0,16.0,10.0
12-00567012,60631.0,41.0,16.0,10.0
12-00558066,60631.0,41.0,16.0,10.0
12-00558065,60631.0,41.0,16.0,10.0
12-00558048,60631.0,41.0,16.0,10.0
12-00552789,60631.0,41.0,16.0,10.0
12-00552768,60631.0,41.0,16.0,10.0
12-00192996,60631.0,41.0,16.0,9.0
12-00171720,60631.0,41.0,16.0,10.0
12-00168558,60631.0,41.0,16.0,9.0
12-00136392,60631.0,41.0,16.0,10.0
12-00041855,60631.0,41.0,16.0,10.0
12-00038730,60631.0,41.0,16.0,9.0
11-04290293,60631.0,41.0,16.0,10.0
11-04274810,60631.0,41.0,16.0,9.0
11-04274819,60631.0,41.0,16.0,9.0
11-04257614,60631.0,41.0,16.0,9.0
11-04257604,60631.0,41.0,16.0,9.0
11-04244520,60631.0,41.0,16.0,9.0
11-04241357,60631.0,41.0,16.0,10.0
11-04182203,60631.0,41.0,16.0,10.0
11-04169600,60631.0,41.0,16.0,10.0
11-04164871,60631.0,41.0,16.0,10.0
11-04141798,60631.0,41.0,16.0,10.0
11-04140155,60631.0,41.0,16.0,10.0
11-04135702,60631.0,41.0,16.0,10.0
11-04135689,60631.0,41.0,16.0,10.0
11-04135674,60631.0,41.0,16.0,10.0
11-04128491,60631.0,41.0,16.0,10.0
11-04122066,60631.0,41.0,16.0,10.0
11-04124687,60631.0,41.0,16.0,10.0
11-04071331,60631.0,41.0,16.0,9.0
11-04056211,60631.0,41.0,16.0,9.0
11-04056174,60631.0,41.0,16.0,9.0
11-04056201,60631.0,41.0,16.0,9.0
11-04056229,60631.0,41.0,16.0,10.0
11-04045392,60631.0,41.0,16.0,9.0
11-04012694,60631.0,41.0,16.0,9.0
11-04002405,60631.0,41.0,16.0,10.0
11-04002393,60631.0,41.0,16.0,10.0
11-04002408,60631.0,41.0,16.0,10.0
11-03997400,60631.0,41.0,16.0,10.0
11-03934988,60631.0,41.0,16.0,10.0
11-03869679,60631.0,41.0,16.0,9.0
11-03834992,60631.0,41.0,16.0,10.0
11-03792925,60631.0,41.0,16.0,10.0
11-03792461,60631.0,41.0,16.0,10.0
11-03792412,60631.0,41.0,16.0,10.0
11-03792384,60631.0,41.0,16.0,10.0
11-03792326,60631.0,41.0,16.0,10.0
11-03782292,60631.0,41.0,16.0,10.0
11-03782346,60631.0,41.0,16.0,10.0
11-03774404,60631.0,41.0,16.0,10.0
11-03776832,60631.0,41.0,16.0,10.0
11-03770519,60631.0,41.0,16.0,10.0
11-03761586,60631.0,41.0,16.0,10.0
11-03741626,60631.0,41.0,16.0,10.0
11-03744826,60631.0,41.0,16.0,9.0
11-03744820,60631.0,41.0,16.0,9.0
11-03706001,60631.0,41.0,16.0,10.0
11-03699492,60631.0,41.0,16.0,10.0
11-03692212,60631.0,41.0,16.0,9.0
11-03677270,60631.0,41.0,16.0,10.0
11-03588461,60631.0,41.0,16.0,10.0
11-03568713,60631.0,41.0,16.0,9.0
11-03549594,60631.0,41.0,16.0,9.0
11-03542818,60631.0,41.0,16.0,10.0
11-03532839,60631.0,41.0,16.0,9.0
11-03535118,60631.0,41.0,16.0,9.0
11-03504589,60631.0,41.0,16.0,10.0
11-03504665,60631.0,41.0,16.0,10.0
11-03504607,60631.0,41.0,16.0,10.0
11-03493125,60631.0,41.0,16.0,10.0
11-03444063,60631.0,41.0,16.0,10.0
11-03411865,60631.0,41.0,16.0,9.0
11-03395957,60631.0,41.0,16.0,10.0
11-03394408,60631.0,41.0,16.0,10.0
11-03392498,60631.0,41.0,16.0,10.0
11-03379986,60631.0,41.0,16.0,10.0
11-03373931,60631.0,41.0,16.0,10.0
11-03370649,60631.0,41.0,16.0,10.0
11-03358705,60631.0,41.0,16.0,10.0
11-03359713,60631.0,41.0,16.0,10.0
11-03344779,60631.0,41.0,16.0,10.0
11-03344468,60631.0,41.0,16.0,10.0
11-03334523,60631.0,41.0,16.0,10.0
11-03334540,60631.0,41.0,16.0,10.0
11-03332915,60631.0,41.0,16.0,10.0
11-03324864,60631.0,41.0,16.0,9.0
11-03330190,60631.0,41.0,16.0,10.0
11-03330284,60631.0,41.0,16.0,10.0
11-03318649,60631.0,41.0,16.0,10.0
11-03315098,60631.0,41.0,16.0,10.0
11-03322411,60631.0,41.0,16.0,9.0
11-03319272,60631.0,41.0,16.0,10.0
11-03306469,60631.0,41.0,16.0,10.0
11-03314085,60631.0,41.0,16.0,10.0
11-03305969,60631.0,41.0,16.0,10.0
11-03285138,60631.0,41.0,16.0,10.0
11-03285520,60631.0,41.0,16.0,10.0
11-03278729,60631.0,41.0,16.0,10.0
11-03279539,60631.0,41.0,16.0,10.0
11-03269784,60631.0,41.0,16.0,9.0
11-03266518,60631.0,41.0,16.0,10.0
11-03266593,60631.0,41.0,16.0,10.0
11-03268502,60631.0,41.0,16.0,9.0
11-03268821,60631.0,41.0,16.0,9.0
11-03269861,60631.0,41.0,16.0,9.0
11-03270587,60631.0,41.0,16.0,9.0
11-03270416,60631.0,41.0,16.0,9.0
11-03249848,60631.0,41.0,16.0,9.0
11-03248196,60631.0,41.0,16.0,10.0
11-03256425,60631.0,41.0,16.0,10.0
11-03256432,60631.0,41.0,16.0,10.0
11-03247864,60631.0,41.0,16.0,9.0
11-03247933,60631.0,41.0,16.0,9.0
11-03247442,60631.0,41.0,16.0,9.0
11-03233919,60631.0,41.0,16.0,10.0
11-03206559,60631.0,41.0,16.0,10.0
11-03209838,60631.0,41.0,16.0,10.0
11-03160955,60631.0,41.0,16.0,10.0
11-02983775,60631.0,41.0,16.0,10.0
11-02930489,60631.0,41.0,16.0,10.0
11-02929447,60631.0,41.0,16.0,10.0
11-02929443,60631.0,41.0,16.0,10.0
11-02758291,60631.0,41.0,16.0,10.0
11-02765744,60631.0,41.0,16.0,10.0
11-02715889,60631.0,41.0,16.0,9.0
11-02711401,60631.0,41.0,16.0,10.0
11-02656816,60631.0,41.0,16.0,10.0
11-02672996,60631.0,41.0,16.0,10.0
11-02675410,60631.0,41.0,16.0,10.0
11-02607665,60631.0,41.0,16.0,10.0
11-02618293,60631.0,41.0,16.0,10.0
11-02574924,60631.0,41.0,16.0,9.0
11-02564695,60631.0,41.0,16.0,10.0
11-02497758,60631.0,41.0,16.0,10.0
11-02494593,60631.0,41.0,16.0,10.0
11-02438145,60631.0,41.0,16.0,10.0
11-02448877,60631.0,41.0,16.0,10.0
11-02467929,60631.0,41.0,16.0,10.0
11-02444121,60631.0,41.0,16.0,10.0
11-02444155,60631.0,41.0,16.0,10.0
11-02444172,60631.0,41.0,16.0,10.0
11-02416677,60631.0,41.0,16.0,9.0
11-02415301,60631.0,41.0,16.0,9.0
11-02415300,60631.0,41.0,16.0,9.0
11-02372826,60631.0,41.0,16.0,9.0
11-02377892,60631.0,41.0,16.0,9.0
11-02372993,60631.0,41.0,16.0,9.0
11-02338339,60631.0,41.0,16.0,10.0
11-02329870,60631.0,41.0,16.0,10.0
11-02329866,60631.0,41.0,16.0,10.0
11-02329899,60631.0,41.0,16.0,10.0
11-02332305,60631.0,41.0,16.0,10.0
11-02315467,60631.0,41.0,16.0,10.0
11-02315346,60631.0,41.0,16.0,10.0
11-02301898,60631.0,41.0,16.0,10.0
11-02312266,60631.0,41.0,16.0,10.0
11-02313189,60631.0,41.0,16.0,10.0
11-02202007,60631.0,41.0,16.0,9.0
11-02197720,60631.0,41.0,16.0,9.0
11-02162136,60631.0,41.0,16.0,9.0
11-02164910,60631.0,41.0,16.0,10.0
11-02043800,60631.0,41.0,16.0,10.0
11-02020328,60631.0,41.0,16.0,10.0
11-01660773,60631.0,41.0,16.0,10.0
11-01582931,60631.0,41.0,16.0,10.0
11-01595320,60631.0,41.0,16.0,9.0
11-01532607,60631.0,41.0,16.0,10.0
11-01532570,60631.0,41.0,16.0,10.0
11-01211776,60631.0,41.0,16.0,10.0
11-01220020,60631.0,41.0,16.0,10.0
11-01186354,60631.0,41.0,16.0,10.0
11-00929799,60631.0,41.0,16.0,9.0
11-00907088,60631.0,41.0,16.0,9.0
11-00774768,60631.0,41.0,16.0,9.0
11-00785828,60631.0,41.0,16.0,9.0
11-00762977,60631.0,41.0,16.0,9.0
11-00716823,60631.0,41.0,16.0,9.0
11-00716252,60631.0,41.0,16.0,9.0
11-00551633,60631.0,41.0,16.0,10.0
11-00535539,60631.0,41.0,16.0,10.0
11-00445091,60631.0,41.0,16.0,9.0
11-00440574,60631.0,41.0,16.0,10.0
11-00431407,60631.0,41.0,16.0,10.0
11-00395863,60631.0,41.0,16.0,10.0
11-00398236,60631.0,41.0,16.0,10.0
11-00383945,60631.0,41.0,16.0,10.0
11-00381631,60631.0,41.0,16.0,10.0
11-00351411,60631.0,41.0,16.0,10.0
11-00347163,60631.0,41.0,16.0,10.0
11-00158544,60631.0,41.0,16.0,10.0
11-00144561,60631.0,41.0,16.0,9.0
11-00143451,60631.0,41.0,16.0,10.0
11-00093244,60631.0,41.0,16.0,10.0
11-00024190,60631.0,41.0,16.0,10.0
