15-04883920,60649.0,5.0,3.0,43.0
15-04883887,60649.0,5.0,3.0,43.0
15-04888735,60649.0,5.0,3.0,43.0
15-04852679,60649.0,7.0,4.0,46.0
15-04852665,60649.0,8.0,4.0,46.0
15-04852660,60649.0,8.0,4.0,46.0
15-04852657,60649.0,8.0,4.0,43.0
15-04852651,60649.0,8.0,4.0,46.0
15-04852777,60649.0,7.0,4.0,46.0
15-04852672,60649.0,7.0,4.0,46.0
15-04852713,60649.0,7.0,4.0,46.0
15-04825442,60649.0,7.0,4.0,43.0
15-04824748,60649.0,8.0,4.0,46.0
15-04696685,60649.0,5.0,3.0,43.0
15-04695782,60649.0,7.0,3.0,43.0
15-04675933,60649.0,7.0,3.0,43.0
15-04652891,60649.0,7.0,3.0,43.0
15-04650655,60649.0,5.0,3.0,43.0
15-04633865,60649.0,7.0,4.0,43.0
15-04499489,60649.0,7.0,4.0,43.0
15-04458139,60649.0,7.0,4.0,43.0
15-04457252,60649.0,7.0,4.0,43.0
15-04355190,60649.0,7.0,4.0,43.0
15-04355205,60649.0,7.0,4.0,43.0
15-04355193,60649.0,7.0,4.0,43.0
15-04355221,60649.0,7.0,4.0,43.0
15-04322974,60649.0,7.0,4.0,43.0
15-04322969,60649.0,7.0,4.0,43.0
15-04292943,60649.0,7.0,4.0,43.0
15-04235313,60649.0,8.0,4.0,43.0
15-04235354,60649.0,8.0,4.0,43.0
15-04235224,60649.0,8.0,4.0,43.0
15-04235438,60649.0,8.0,4.0,46.0
15-04235419,60649.0,8.0,4.0,43.0
15-04235266,60649.0,8.0,4.0,43.0
15-04225188,60649.0,8.0,4.0,43.0
15-04190504,60649.0,8.0,4.0,43.0
15-04185852,60649.0,5.0,3.0,43.0
15-04165958,60649.0,7.0,4.0,43.0
15-04167784,60649.0,7.0,4.0,43.0
15-04152552,60649.0,7.0,4.0,43.0
15-04143986,60649.0,8.0,4.0,43.0
15-04152265,60649.0,7.0,3.0,43.0
15-04123668,60649.0,7.0,3.0,43.0
15-04123673,60649.0,7.0,3.0,43.0
15-04135622,60649.0,7.0,4.0,43.0
15-04093275,60649.0,5.0,3.0,43.0
15-04088445,60649.0,5.0,3.0,43.0
15-04082530,60649.0,5.0,3.0,43.0
15-04063544,60649.0,5.0,3.0,43.0
15-04033264,60649.0,5.0,3.0,43.0
15-04040183,60649.0,5.0,3.0,43.0
15-04033250,60649.0,5.0,3.0,43.0
15-04013307,60649.0,5.0,3.0,43.0
15-03977746,60649.0,7.0,4.0,43.0
15-03988601,60649.0,5.0,3.0,43.0
15-03977740,60649.0,7.0,3.0,43.0
15-03844756,60649.0,7.0,3.0,43.0
15-03806908,60649.0,7.0,3.0,43.0
15-03750172,60649.0,5.0,3.0,43.0
15-03733301,60649.0,7.0,3.0,43.0
15-03706247,60649.0,7.0,4.0,43.0
15-03705149,60649.0,7.0,3.0,43.0
15-03679952,60649.0,7.0,3.0,43.0
15-03655470,60649.0,5.0,3.0,43.0
15-03637470,60649.0,7.0,3.0,43.0
15-03587586,60649.0,8.0,4.0,46.0
15-03567194,60649.0,5.0,3.0,43.0
15-03444589,60649.0,8.0,4.0,43.0
15-03444505,60649.0,8.0,4.0,43.0
15-03444559,60649.0,8.0,4.0,43.0
15-03391859,60649.0,8.0,4.0,43.0
15-03367061,60649.0,7.0,4.0,46.0
15-03325189,60649.0,7.0,4.0,46.0
15-03255309,60649.0,5.0,3.0,43.0
15-03254641,60649.0,5.0,3.0,43.0
15-03255048,60649.0,8.0,4.0,46.0
15-03255044,60649.0,8.0,4.0,46.0
15-03088365,60649.0,8.0,4.0,43.0
15-02941570,60649.0,8.0,4.0,43.0
15-02413309,60649.0,7.0,3.0,43.0
15-02317654,60649.0,7.0,4.0,43.0
15-02279018,60649.0,5.0,3.0,43.0
15-02279012,60649.0,5.0,3.0,43.0
15-02176401,60649.0,7.0,3.0,43.0
15-02176340,60649.0,5.0,3.0,43.0
15-02174794,60649.0,8.0,4.0,43.0
15-02098278,60649.0,8.0,4.0,43.0
15-02112153,60649.0,8.0,4.0,43.0
15-01664217,60649.0,8.0,4.0,43.0
15-01664213,60649.0,8.0,4.0,43.0
15-01664206,60649.0,8.0,4.0,43.0
15-01623419,60649.0,7.0,4.0,43.0
15-01621565,60649.0,8.0,3.0,43.0
15-01622824,60649.0,7.0,4.0,43.0
15-01622840,60649.0,7.0,4.0,43.0
15-01612615,60649.0,7.0,4.0,43.0
15-01613209,60649.0,8.0,4.0,43.0
15-01612393,60649.0,7.0,4.0,43.0
15-01556886,60649.0,7.0,4.0,43.0
15-01553498,60649.0,7.0,4.0,43.0
15-01556512,60649.0,7.0,4.0,43.0
15-01554971,60649.0,7.0,4.0,43.0
15-01556236,60649.0,7.0,4.0,43.0
15-01556531,60649.0,7.0,4.0,43.0
15-01527705,60649.0,7.0,4.0,43.0
15-01507621,60649.0,5.0,3.0,43.0
15-01336264,60649.0,7.0,4.0,43.0
15-01317637,60649.0,5.0,3.0,43.0
15-00994384,60649.0,5.0,3.0,43.0
15-00883495,60649.0,7.0,4.0,43.0
15-00836669,60649.0,5.0,3.0,43.0
15-00822621,60649.0,8.0,4.0,43.0
15-00822854,60649.0,7.0,3.0,43.0
15-00822849,60649.0,7.0,3.0,43.0
15-00785521,60649.0,7.0,3.0,43.0
15-00676082,60649.0,5.0,3.0,43.0
15-00631576,60649.0,5.0,3.0,43.0
15-00536197,60649.0,5.0,3.0,43.0
15-00536225,60649.0,5.0,3.0,43.0
15-00522477,60649.0,5.0,3.0,43.0
15-00522562,60649.0,5.0,3.0,43.0
15-00358631,60649.0,5.0,3.0,43.0
15-00313306,60649.0,5.0,3.0,43.0
15-00316085,60649.0,5.0,3.0,43.0
15-00280436,60649.0,5.0,3.0,43.0
15-00277862,60649.0,5.0,3.0,43.0
15-00277857,60649.0,5.0,3.0,43.0
15-00187000,60649.0,5.0,3.0,43.0
15-00170791,60649.0,5.0,3.0,43.0
15-00162761,60649.0,5.0,3.0,43.0
15-00162743,60649.0,5.0,3.0,43.0
15-00153523,60649.0,5.0,3.0,43.0
15-00153447,60649.0,5.0,3.0,43.0
15-00108036,60649.0,5.0,3.0,43.0
15-00100538,60649.0,8.0,4.0,43.0
14-02204106,60649.0,5.0,3.0,43.0
14-02163754,60649.0,5.0,3.0,43.0
14-02163613,60649.0,5.0,3.0,43.0
14-02163698,60649.0,5.0,3.0,43.0
14-02129663,60649.0,8.0,4.0,43.0
14-02114187,60649.0,8.0,4.0,43.0
14-02114230,60649.0,8.0,4.0,43.0
14-02107211,60649.0,8.0,4.0,43.0
14-02105402,60649.0,8.0,4.0,43.0
14-02111583,60649.0,8.0,4.0,43.0
14-02098019,60649.0,7.0,4.0,43.0
14-02094692,60649.0,5.0,3.0,43.0
14-02095793,60649.0,8.0,4.0,43.0
14-02093432,60649.0,8.0,4.0,43.0
14-02040848,60649.0,7.0,4.0,46.0
14-02015600,60649.0,7.0,4.0,43.0
14-02015610,60649.0,7.0,4.0,43.0
14-02015584,60649.0,7.0,4.0,43.0
14-02015617,60649.0,7.0,4.0,43.0
14-02000960,60649.0,7.0,4.0,43.0
14-01989375,60649.0,7.0,4.0,43.0
14-01989370,60649.0,7.0,4.0,43.0
14-01989390,60649.0,7.0,4.0,43.0
14-01985066,60649.0,5.0,3.0,43.0
14-01978280,60649.0,5.0,3.0,43.0
14-01968568,60649.0,7.0,4.0,43.0
14-01954218,60649.0,7.0,4.0,43.0
14-01954252,60649.0,7.0,4.0,43.0
14-01916072,60649.0,7.0,4.0,43.0
14-01912252,60649.0,5.0,3.0,43.0
14-01912102,60649.0,5.0,3.0,43.0
14-01912256,60649.0,5.0,3.0,43.0
14-01912262,60649.0,5.0,3.0,43.0
14-01912267,60649.0,5.0,3.0,43.0
14-01912272,60649.0,5.0,3.0,43.0
14-01910968,60649.0,5.0,3.0,43.0
14-01911124,60649.0,5.0,3.0,43.0
14-01911111,60649.0,5.0,3.0,43.0
14-01911107,60649.0,5.0,3.0,43.0
14-01911097,60649.0,5.0,3.0,43.0
14-01911064,60649.0,5.0,3.0,43.0
14-01911093,60649.0,5.0,3.0,43.0
14-01911082,60649.0,5.0,3.0,43.0
14-01899416,60649.0,5.0,3.0,43.0
14-01894470,60649.0,5.0,3.0,43.0
14-01896549,60649.0,8.0,3.0,43.0
14-01888643,60649.0,8.0,3.0,43.0
14-01880409,60649.0,5.0,3.0,43.0
14-01875092,60649.0,7.0,4.0,43.0
14-01865255,60649.0,7.0,4.0,43.0
14-01846189,60649.0,7.0,3.0,43.0
14-01837529,60649.0,7.0,4.0,43.0
14-01826021,60649.0,7.0,3.0,43.0
14-01814713,60649.0,7.0,3.0,43.0
14-01804061,60649.0,7.0,4.0,43.0
14-01795960,60649.0,7.0,3.0,43.0
14-01795947,60649.0,7.0,4.0,43.0
14-01795262,60649.0,5.0,3.0,43.0
14-01795275,60649.0,7.0,4.0,43.0
14-01791462,60649.0,5.0,3.0,43.0
14-01791459,60649.0,5.0,3.0,43.0
14-01783234,60649.0,7.0,4.0,43.0
14-01775301,60649.0,5.0,3.0,43.0
14-01775374,60649.0,5.0,3.0,43.0
14-01775348,60649.0,5.0,3.0,43.0
14-01769336,60649.0,7.0,3.0,43.0
14-01769329,60649.0,7.0,3.0,43.0
14-01769343,60649.0,7.0,3.0,43.0
14-01769349,60649.0,7.0,3.0,43.0
14-01763500,60649.0,7.0,4.0,43.0
14-01763511,60649.0,7.0,4.0,43.0
14-01763507,60649.0,7.0,4.0,43.0
14-01769089,60649.0,7.0,4.0,43.0
14-01756821,60649.0,7.0,3.0,43.0
14-01751016,60649.0,7.0,4.0,43.0
14-01751850,60649.0,7.0,4.0,43.0
14-01748185,60649.0,7.0,3.0,43.0
14-01748211,60649.0,7.0,3.0,43.0
14-01745407,60649.0,7.0,4.0,43.0
14-01745399,60649.0,7.0,4.0,43.0
14-01745633,60649.0,7.0,4.0,43.0
14-01745564,60649.0,7.0,4.0,43.0
14-01745473,60649.0,7.0,3.0,43.0
14-01745591,60649.0,7.0,4.0,43.0
14-01746355,60649.0,7.0,3.0,43.0
14-01713522,60649.0,5.0,3.0,43.0
14-01689798,60649.0,5.0,3.0,43.0
14-01689834,60649.0,5.0,3.0,43.0
14-01655184,60649.0,5.0,3.0,43.0
14-01637440,60649.0,5.0,3.0,43.0
14-01635419,60649.0,7.0,3.0,43.0
14-01632066,60649.0,5.0,3.0,43.0
14-01624286,60649.0,7.0,3.0,43.0
14-01623662,60649.0,5.0,3.0,43.0
14-01615054,60649.0,5.0,3.0,43.0
14-01578765,60649.0,7.0,4.0,43.0
14-01578736,60649.0,7.0,4.0,43.0
14-01578747,60649.0,7.0,4.0,43.0
14-01570313,60649.0,7.0,4.0,43.0
14-01570357,60649.0,7.0,4.0,43.0
14-01525566,60649.0,5.0,3.0,43.0
14-01527152,60649.0,5.0,3.0,43.0
14-01509685,60649.0,7.0,4.0,43.0
14-01515442,60649.0,5.0,3.0,43.0
14-01501523,60649.0,7.0,4.0,43.0
14-01502735,60649.0,7.0,4.0,43.0
14-01501129,60649.0,8.0,4.0,43.0
14-01489189,60649.0,5.0,3.0,43.0
14-01485782,60649.0,5.0,3.0,43.0
14-01482414,60649.0,5.0,3.0,43.0
14-01469985,60649.0,5.0,3.0,43.0
14-01469990,60649.0,5.0,3.0,43.0
14-01464031,60649.0,7.0,4.0,43.0
14-01445285,60649.0,5.0,3.0,43.0
14-01446457,60649.0,5.0,3.0,43.0
14-01438592,60649.0,5.0,3.0,43.0
14-01438573,60649.0,5.0,3.0,43.0
14-01428681,60649.0,5.0,3.0,43.0
14-01422537,60649.0,5.0,3.0,43.0
14-01419206,60649.0,5.0,3.0,43.0
14-01391944,60649.0,5.0,3.0,43.0
14-01377503,60649.0,5.0,3.0,43.0
14-01323013,60649.0,7.0,3.0,43.0
14-01313406,60649.0,7.0,4.0,43.0
14-01318846,60649.0,5.0,3.0,43.0
14-01313422,60649.0,7.0,4.0,43.0
14-01313410,60649.0,7.0,4.0,43.0
14-01299785,60649.0,7.0,4.0,43.0
14-01299582,60649.0,5.0,3.0,43.0
14-01293077,60649.0,7.0,4.0,43.0
14-01285737,60649.0,5.0,3.0,43.0
14-01285705,60649.0,7.0,4.0,43.0
14-01270431,60649.0,5.0,3.0,43.0
14-01271221,60649.0,8.0,4.0,43.0
14-01261928,60649.0,7.0,3.0,43.0
14-01261962,60649.0,7.0,3.0,43.0
14-01243688,60649.0,8.0,4.0,43.0
14-01237284,60649.0,8.0,4.0,43.0
14-01233284,60649.0,7.0,4.0,43.0
14-01223939,60649.0,7.0,4.0,43.0
14-01210185,60649.0,5.0,3.0,43.0
14-01210058,60649.0,5.0,3.0,43.0
14-01209748,60649.0,5.0,4.0,43.0
14-01202453,60649.0,7.0,4.0,43.0
14-01195753,60649.0,8.0,4.0,43.0
14-01195826,60649.0,8.0,4.0,43.0
14-01200858,60649.0,5.0,3.0,43.0
14-01189594,60649.0,5.0,3.0,43.0
14-01188872,60649.0,5.0,3.0,43.0
14-01172869,60649.0,5.0,3.0,43.0
14-01152649,60649.0,8.0,4.0,43.0
14-01153578,60649.0,7.0,3.0,43.0
14-01140261,60649.0,5.0,3.0,43.0
14-01128256,60649.0,5.0,3.0,43.0
14-01128260,60649.0,5.0,3.0,43.0
14-01128228,60649.0,5.0,3.0,43.0
14-01128225,60649.0,5.0,3.0,43.0
14-01128639,60649.0,5.0,3.0,43.0
14-01128653,60649.0,5.0,3.0,43.0
14-01124740,60649.0,7.0,3.0,43.0
14-01110236,60649.0,5.0,3.0,43.0
14-01113358,60649.0,7.0,4.0,43.0
14-01103420,60649.0,5.0,3.0,43.0
14-01103153,60649.0,5.0,3.0,43.0
14-01103297,60649.0,5.0,3.0,43.0
14-01097950,60649.0,5.0,3.0,43.0
14-01093673,60649.0,7.0,4.0,43.0
14-01093012,60649.0,5.0,3.0,43.0
14-01097390,60649.0,7.0,3.0,43.0
14-01097419,60649.0,7.0,4.0,43.0
14-01070754,60649.0,7.0,4.0,43.0
14-01070552,60649.0,5.0,3.0,43.0
14-01053730,60649.0,7.0,4.0,43.0
14-01054519,60649.0,5.0,3.0,43.0
14-01051847,60649.0,7.0,3.0,43.0
14-01051826,60649.0,7.0,3.0,43.0
14-01037898,60649.0,7.0,4.0,43.0
14-01042004,60649.0,7.0,4.0,43.0
14-01042000,60649.0,5.0,3.0,43.0
14-01025504,60649.0,5.0,3.0,43.0
14-01025495,60649.0,5.0,3.0,43.0
14-01011102,60649.0,7.0,4.0,43.0
14-01002126,60649.0,5.0,3.0,43.0
14-00992067,60649.0,5.0,3.0,43.0
14-00992064,60649.0,5.0,3.0,43.0
14-00982748,60649.0,5.0,3.0,43.0
14-00948735,60649.0,7.0,4.0,43.0
14-00948671,60649.0,7.0,4.0,43.0
14-00885243,60649.0,8.0,4.0,43.0
14-00877807,60649.0,5.0,3.0,43.0
14-00826487,60649.0,7.0,3.0,43.0
14-00819084,60649.0,7.0,4.0,43.0
14-00819087,60649.0,7.0,4.0,43.0
14-00819085,60649.0,7.0,4.0,43.0
14-00803878,60649.0,5.0,3.0,43.0
14-00793746,60649.0,8.0,4.0,46.0
14-00796581,60649.0,7.0,3.0,43.0
14-00789039,60649.0,5.0,3.0,43.0
14-00771344,60649.0,5.0,3.0,43.0
14-00760526,60649.0,7.0,4.0,46.0
14-00760804,60649.0,8.0,4.0,43.0
14-00760789,60649.0,7.0,4.0,43.0
14-00761234,60649.0,8.0,4.0,46.0
14-00733842,60649.0,8.0,4.0,43.0
14-00739215,60649.0,7.0,4.0,43.0
14-00739213,60649.0,5.0,3.0,43.0
14-00681450,60649.0,5.0,3.0,43.0
14-00679594,60649.0,7.0,4.0,43.0
14-00670897,60649.0,5.0,3.0,43.0
14-00663769,60649.0,5.0,3.0,43.0
14-00663809,60649.0,5.0,3.0,43.0
14-00663782,60649.0,5.0,3.0,43.0
14-00648152,60649.0,5.0,3.0,43.0
14-00642592,60649.0,7.0,3.0,43.0
14-00630134,60649.0,8.0,4.0,43.0
14-00577954,60649.0,5.0,3.0,43.0
14-00577917,60649.0,5.0,3.0,43.0
14-00577947,60649.0,5.0,3.0,43.0
14-00577944,60649.0,5.0,3.0,43.0
14-00577938,60649.0,5.0,3.0,43.0
14-00577930,60649.0,5.0,3.0,43.0
14-00577962,60649.0,7.0,4.0,43.0
14-00577958,60649.0,5.0,3.0,43.0
14-00575664,60649.0,7.0,4.0,43.0
14-00568045,60649.0,7.0,4.0,43.0
14-00561763,60649.0,5.0,3.0,43.0
14-00563969,60649.0,5.0,3.0,43.0
14-00564624,60649.0,7.0,4.0,43.0
14-00555018,60649.0,5.0,3.0,43.0
14-00532716,60649.0,7.0,4.0,43.0
14-00518715,60649.0,5.0,3.0,43.0
14-00518708,60649.0,5.0,3.0,43.0
14-00518730,60649.0,5.0,3.0,43.0
14-00502696,60649.0,5.0,3.0,43.0
14-00501230,60649.0,7.0,4.0,43.0
14-00497394,60649.0,5.0,3.0,43.0
14-00497384,60649.0,8.0,3.0,43.0
14-00483607,60649.0,8.0,4.0,46.0
14-00483612,60649.0,8.0,4.0,43.0
14-00475935,60649.0,5.0,3.0,43.0
14-00475999,60649.0,5.0,3.0,43.0
14-00476003,60649.0,5.0,3.0,43.0
14-00455652,60649.0,7.0,4.0,43.0
14-00411825,60649.0,5.0,3.0,43.0
14-00383991,60649.0,5.0,3.0,43.0
14-00383479,60649.0,5.0,3.0,43.0
14-00365127,60649.0,5.0,3.0,43.0
14-00358495,60649.0,5.0,3.0,43.0
14-00325453,60649.0,5.0,3.0,43.0
14-00224353,60649.0,5.0,3.0,43.0
14-00215255,60649.0,5.0,3.0,43.0
14-00215254,60649.0,5.0,3.0,43.0
14-00206572,60649.0,5.0,3.0,43.0
14-00189213,60649.0,5.0,3.0,43.0
14-00189175,60649.0,5.0,3.0,43.0
14-00188770,60649.0,5.0,3.0,43.0
14-00143578,60649.0,5.0,3.0,43.0
14-00039870,60649.0,5.0,4.0,43.0
14-00017345,60649.0,7.0,3.0,43.0
13-01906161,60649.0,8.0,4.0,43.0
13-01888791,60649.0,8.0,4.0,43.0
13-01882302,60649.0,5.0,3.0,43.0
13-01862362,60649.0,5.0,3.0,43.0
13-01841147,60649.0,7.0,4.0,43.0
13-01841142,60649.0,7.0,4.0,43.0
13-01841131,60649.0,7.0,4.0,43.0
13-01841136,60649.0,7.0,4.0,43.0
13-01841150,60649.0,7.0,4.0,43.0
13-01841166,60649.0,7.0,4.0,43.0
13-01841160,60649.0,7.0,4.0,43.0
13-01841155,60649.0,7.0,4.0,43.0
13-01841388,60649.0,7.0,4.0,43.0
13-01841379,60649.0,7.0,4.0,43.0
13-01841381,60649.0,7.0,4.0,43.0
13-01841395,60649.0,7.0,4.0,43.0
13-01835328,60649.0,7.0,3.0,43.0
14-00028557,60649.0,5.0,3.0,43.0
14-00028434,60649.0,5.0,3.0,43.0
14-00029676,60649.0,5.0,3.0,43.0
13-01810415,60649.0,5.0,3.0,43.0
13-01810396,60649.0,5.0,3.0,43.0
13-01810426,60649.0,5.0,3.0,43.0
13-01803844,60649.0,5.0,3.0,43.0
13-01791233,60649.0,5.0,3.0,43.0
13-01792154,60649.0,8.0,4.0,43.0
13-01794685,60649.0,5.0,3.0,43.0
13-01794225,60649.0,5.0,3.0,43.0
13-01780957,60649.0,5.0,3.0,43.0
13-01780969,60649.0,5.0,3.0,43.0
13-01785649,60649.0,8.0,4.0,43.0
13-01765099,60649.0,8.0,4.0,43.0
13-01766508,60649.0,8.0,4.0,43.0
13-01759841,60649.0,8.0,4.0,43.0
13-01759973,60649.0,8.0,4.0,43.0
13-01758529,60649.0,8.0,4.0,43.0
13-01755915,60649.0,5.0,3.0,43.0
13-01758187,60649.0,8.0,4.0,43.0
13-01747259,60649.0,5.0,3.0,43.0
13-01752605,60649.0,8.0,4.0,43.0
13-01734811,60649.0,5.0,3.0,43.0
13-01717030,60649.0,5.0,3.0,43.0
13-01700126,60649.0,5.0,3.0,43.0
13-01688124,60649.0,7.0,4.0,43.0
13-01682569,60649.0,5.0,3.0,43.0
13-01656676,60649.0,5.0,3.0,43.0
13-01650803,60649.0,7.0,4.0,43.0
13-01651606,60649.0,5.0,3.0,43.0
13-01641729,60649.0,5.0,3.0,43.0
13-01633762,60649.0,7.0,3.0,43.0
13-01633777,60649.0,7.0,3.0,43.0
13-01633771,60649.0,7.0,3.0,43.0
13-01622183,60649.0,5.0,3.0,43.0
13-01571442,60649.0,7.0,4.0,43.0
13-01563922,60649.0,5.0,3.0,43.0
13-01563902,60649.0,5.0,3.0,43.0
13-01552255,60649.0,5.0,3.0,43.0
13-01552421,60649.0,7.0,4.0,43.0
13-01552246,60649.0,5.0,3.0,43.0
13-01552265,60649.0,5.0,3.0,43.0
13-01552282,60649.0,5.0,3.0,43.0
13-01528278,60649.0,5.0,3.0,43.0
13-01526205,60649.0,5.0,3.0,43.0
13-01517133,60649.0,7.0,4.0,43.0
13-01516656,60649.0,5.0,3.0,43.0
13-01504413,60649.0,5.0,3.0,43.0
13-01448589,60649.0,5.0,3.0,43.0
13-01447816,60649.0,7.0,4.0,43.0
13-01445196,60649.0,5.0,3.0,43.0
13-01445198,60649.0,5.0,3.0,43.0
13-01441483,60649.0,7.0,4.0,43.0
13-01436643,60649.0,8.0,4.0,43.0
13-01429529,60649.0,5.0,3.0,43.0
13-01429524,60649.0,5.0,3.0,43.0
13-01410972,60649.0,8.0,4.0,43.0
13-01405986,60649.0,8.0,4.0,43.0
13-01410088,60649.0,5.0,4.0,43.0
13-01392811,60649.0,7.0,4.0,43.0
13-01392799,60649.0,7.0,4.0,43.0
13-01390210,60649.0,5.0,3.0,43.0
13-01390223,60649.0,5.0,3.0,43.0
13-01390286,60649.0,5.0,3.0,43.0
13-01392786,60649.0,7.0,4.0,43.0
13-01392730,60649.0,8.0,4.0,43.0
13-01378721,60649.0,5.0,3.0,43.0
13-01361098,60649.0,5.0,3.0,42.0
13-01339405,60649.0,8.0,4.0,43.0
13-01329041,60649.0,7.0,4.0,43.0
13-01329211,60649.0,8.0,4.0,43.0
13-01329197,60649.0,5.0,3.0,43.0
13-01322336,60649.0,8.0,3.0,43.0
13-01310415,60649.0,5.0,3.0,43.0
13-01306951,60649.0,7.0,4.0,43.0
13-01306708,60649.0,8.0,4.0,43.0
13-01270408,60649.0,8.0,4.0,43.0
13-01245687,60649.0,5.0,3.0,43.0
13-01248631,60649.0,8.0,4.0,43.0
13-01230582,60649.0,5.0,3.0,43.0
13-01228536,60649.0,5.0,3.0,43.0
13-01229277,60649.0,5.0,3.0,43.0
13-01227395,60649.0,5.0,3.0,43.0
13-01216560,60649.0,5.0,3.0,43.0
13-01216575,60649.0,5.0,3.0,43.0
13-01178868,60649.0,8.0,4.0,46.0
13-01129624,60649.0,7.0,4.0,43.0
13-01105238,60649.0,5.0,3.0,43.0
13-01104172,60649.0,5.0,3.0,43.0
13-01104164,60649.0,5.0,3.0,43.0
13-01104624,60649.0,8.0,4.0,43.0
13-01099204,60649.0,5.0,3.0,43.0
13-01084138,60649.0,5.0,3.0,43.0
13-01056516,60649.0,5.0,3.0,43.0
13-01057532,60649.0,5.0,3.0,43.0
13-01057927,60649.0,5.0,3.0,43.0
13-01059703,60649.0,5.0,3.0,43.0
13-01057515,60649.0,8.0,4.0,43.0
13-01057469,60649.0,8.0,4.0,43.0
13-01057485,60649.0,8.0,4.0,43.0
13-01045560,60649.0,8.0,3.0,43.0
13-01040141,60649.0,8.0,4.0,43.0
13-01040138,60649.0,8.0,4.0,43.0
13-01041807,60649.0,5.0,3.0,43.0
13-01037923,60649.0,8.0,4.0,43.0
13-01036388,60649.0,5.0,3.0,43.0
13-01030344,60649.0,8.0,4.0,43.0
13-01018310,60649.0,8.0,4.0,43.0
13-01010033,60649.0,8.0,4.0,43.0
13-01004801,60649.0,5.0,3.0,43.0
13-00997999,60649.0,8.0,4.0,43.0
13-01004631,60649.0,5.0,3.0,43.0
13-01004571,60649.0,5.0,3.0,43.0
13-01004447,60649.0,5.0,3.0,43.0
13-01004431,60649.0,5.0,3.0,43.0
13-01004407,60649.0,5.0,3.0,43.0
13-01004377,60649.0,5.0,3.0,43.0
13-01004546,60649.0,5.0,3.0,43.0
13-01004518,60649.0,5.0,3.0,43.0
13-01004872,60649.0,5.0,3.0,43.0
13-00996283,60649.0,7.0,4.0,43.0
13-00994265,60649.0,8.0,4.0,43.0
13-00977142,60649.0,8.0,4.0,43.0
13-00928637,60649.0,5.0,3.0,43.0
13-00926079,60649.0,5.0,3.0,43.0
13-00908205,60649.0,5.0,3.0,43.0
13-00900046,60649.0,5.0,3.0,43.0
13-00898459,60649.0,5.0,3.0,43.0
13-00895014,60649.0,5.0,3.0,43.0
13-00900029,60649.0,5.0,3.0,43.0
13-00891486,60649.0,5.0,3.0,43.0
13-00884157,60649.0,5.0,3.0,43.0
13-00868108,60649.0,5.0,3.0,43.0
13-00864801,60649.0,5.0,3.0,43.0
13-00861405,60649.0,5.0,4.0,43.0
13-00846516,60649.0,8.0,4.0,43.0
13-00813967,60649.0,8.0,4.0,43.0
13-00813970,60649.0,8.0,4.0,43.0
13-00813968,60649.0,8.0,4.0,43.0
13-00813974,60649.0,5.0,4.0,43.0
13-00813971,60649.0,5.0,4.0,43.0
13-00811564,60649.0,5.0,3.0,43.0
13-00802255,60649.0,7.0,4.0,43.0
13-00787355,60649.0,7.0,4.0,43.0
13-00770262,60649.0,8.0,4.0,43.0
13-00747624,60649.0,8.0,4.0,43.0
13-00747620,60649.0,8.0,4.0,43.0
13-00747613,60649.0,8.0,4.0,43.0
13-00747646,60649.0,8.0,4.0,43.0
13-00747657,60649.0,8.0,4.0,43.0
13-00747676,60649.0,8.0,4.0,43.0
13-00747659,60649.0,8.0,4.0,43.0
13-00747691,60649.0,8.0,4.0,43.0
13-00747680,60649.0,8.0,4.0,43.0
13-00747719,60649.0,8.0,4.0,43.0
13-00747699,60649.0,8.0,4.0,43.0
13-00747712,60649.0,8.0,4.0,43.0
13-00750754,60649.0,8.0,4.0,43.0
13-00750760,60649.0,8.0,4.0,43.0
13-00751351,60649.0,8.0,4.0,43.0
13-00751302,60649.0,8.0,4.0,43.0
13-00740690,60649.0,7.0,4.0,43.0
13-00731985,60649.0,8.0,4.0,43.0
13-00719777,60649.0,5.0,4.0,43.0
13-00719270,60649.0,7.0,3.0,43.0
13-00720266,60649.0,7.0,4.0,43.0
13-00714735,60649.0,5.0,3.0,43.0
13-00714676,60649.0,5.0,3.0,43.0
13-00714673,60649.0,5.0,3.0,43.0
13-00714702,60649.0,5.0,3.0,43.0
13-00714514,60649.0,5.0,3.0,43.0
13-00709338,60649.0,7.0,4.0,43.0
13-00683804,60649.0,5.0,4.0,43.0
13-00668989,60649.0,5.0,4.0,43.0
13-00659317,60649.0,5.0,3.0,43.0
13-00645728,60649.0,8.0,4.0,43.0
13-00594425,60649.0,5.0,4.0,43.0
13-00583353,60649.0,8.0,4.0,43.0
13-00583337,60649.0,8.0,4.0,43.0
13-00570564,60649.0,8.0,4.0,43.0
13-00569313,60649.0,5.0,4.0,43.0
13-00570570,60649.0,8.0,4.0,43.0
13-00568378,60649.0,8.0,4.0,43.0
13-00565269,60649.0,8.0,4.0,43.0
13-00554394,60649.0,7.0,4.0,46.0
13-00547950,60649.0,5.0,3.0,43.0
13-00555947,60649.0,5.0,3.0,43.0
13-00550211,60649.0,5.0,3.0,43.0
13-00550201,60649.0,5.0,3.0,43.0
13-00550184,60649.0,5.0,3.0,43.0
13-00550220,60649.0,5.0,3.0,43.0
13-00541523,60649.0,7.0,4.0,43.0
13-00539294,60649.0,7.0,4.0,43.0
13-00540068,60649.0,5.0,3.0,43.0
13-00533320,60649.0,7.0,4.0,43.0
13-00531937,60649.0,5.0,3.0,43.0
13-00527036,60649.0,5.0,3.0,43.0
13-00530454,60649.0,5.0,3.0,43.0
13-00530050,60649.0,5.0,3.0,43.0
13-00537091,60649.0,5.0,3.0,43.0
13-00522843,60649.0,8.0,4.0,43.0
13-00522829,60649.0,8.0,4.0,43.0
13-00521382,60649.0,5.0,3.0,43.0
13-00521369,60649.0,5.0,3.0,43.0
13-00521152,60649.0,5.0,3.0,43.0
13-00521099,60649.0,5.0,3.0,43.0
13-00521078,60649.0,5.0,3.0,43.0
13-00521071,60649.0,5.0,3.0,43.0
13-00521050,60649.0,5.0,3.0,43.0
13-00521112,60649.0,5.0,3.0,43.0
13-00521137,60649.0,5.0,3.0,43.0
13-00521129,60649.0,5.0,3.0,43.0
13-00521180,60649.0,5.0,3.0,43.0
13-00521215,60649.0,5.0,3.0,43.0
13-00521250,60649.0,5.0,3.0,43.0
13-00521235,60649.0,5.0,3.0,43.0
13-00521415,60649.0,5.0,3.0,43.0
13-00521413,60649.0,5.0,3.0,43.0
13-00521521,60649.0,5.0,3.0,43.0
13-00521501,60649.0,5.0,3.0,43.0
13-00516659,60649.0,5.0,3.0,43.0
13-00509909,60649.0,5.0,3.0,43.0
13-00509732,60649.0,7.0,4.0,46.0
13-00509875,60649.0,5.0,3.0,43.0
13-00509744,60649.0,7.0,4.0,43.0
13-00501051,60649.0,5.0,3.0,43.0
13-00499674,60649.0,5.0,3.0,43.0
13-00500653,60649.0,8.0,4.0,43.0
13-00493326,60649.0,5.0,3.0,43.0
13-00494772,60649.0,5.0,3.0,43.0
13-00494689,60649.0,5.0,3.0,43.0
13-00487214,60649.0,5.0,3.0,43.0
13-00488759,60649.0,5.0,3.0,43.0
13-00481646,60649.0,5.0,3.0,43.0
13-00469035,60649.0,7.0,4.0,43.0
13-00456071,60649.0,5.0,3.0,43.0
13-00428274,60649.0,5.0,3.0,43.0
13-00428271,60649.0,7.0,3.0,43.0
13-00428197,60649.0,7.0,4.0,43.0
13-00410248,60649.0,5.0,3.0,43.0
13-00395284,60649.0,8.0,4.0,43.0
13-00391692,60649.0,5.0,3.0,43.0
13-00385686,60649.0,8.0,4.0,43.0
13-00385681,60649.0,8.0,4.0,43.0
13-00386458,60649.0,5.0,3.0,43.0
13-00385692,60649.0,8.0,4.0,43.0
13-00385706,60649.0,8.0,4.0,43.0
13-00381408,60649.0,5.0,3.0,43.0
13-00372798,60649.0,8.0,4.0,43.0
13-00369344,60649.0,8.0,4.0,43.0
13-00353870,60649.0,7.0,4.0,43.0
13-00353946,60649.0,7.0,4.0,43.0
13-00354051,60649.0,7.0,4.0,43.0
13-00340467,60649.0,8.0,4.0,43.0
13-00340159,60649.0,8.0,4.0,43.0
13-00318063,60649.0,5.0,3.0,43.0
13-00319994,60649.0,5.0,3.0,43.0
13-00319148,60649.0,5.0,3.0,43.0
13-00319118,60649.0,5.0,3.0,43.0
13-00319078,60649.0,5.0,3.0,43.0
13-00317253,60649.0,5.0,3.0,43.0
13-00314955,60649.0,8.0,3.0,43.0
13-00311439,60649.0,7.0,4.0,43.0
13-00306384,60649.0,5.0,3.0,43.0
13-00306392,60649.0,5.0,3.0,43.0
13-00306405,60649.0,5.0,3.0,43.0
13-00299092,60649.0,7.0,4.0,46.0
13-00292763,60649.0,7.0,4.0,43.0
13-00262619,60649.0,5.0,3.0,43.0
13-00239823,60649.0,5.0,3.0,43.0
13-00233976,60649.0,7.0,4.0,43.0
13-00233995,60649.0,7.0,4.0,43.0
13-00233981,60649.0,7.0,4.0,43.0
13-00233991,60649.0,7.0,4.0,43.0
13-00233983,60649.0,7.0,4.0,43.0
13-00233989,60649.0,7.0,4.0,43.0
13-00233987,60649.0,7.0,4.0,43.0
13-00218117,60649.0,5.0,3.0,43.0
13-00206892,60649.0,7.0,3.0,43.0
13-00187994,60649.0,7.0,4.0,43.0
13-00186301,60649.0,7.0,3.0,43.0
13-00186306,60649.0,7.0,3.0,43.0
13-00186300,60649.0,7.0,3.0,43.0
13-00183045,60649.0,7.0,4.0,43.0
13-00183022,60649.0,7.0,4.0,43.0
13-00178518,60649.0,5.0,3.0,43.0
13-00158857,60649.0,5.0,3.0,43.0
13-00148497,60649.0,5.0,3.0,43.0
13-00144014,60649.0,7.0,4.0,43.0
13-00140630,60649.0,7.0,3.0,43.0
13-00128340,60649.0,7.0,4.0,43.0
13-00120892,60649.0,5.0,3.0,43.0
13-00109291,60649.0,5.0,3.0,43.0
13-00092948,60649.0,8.0,3.0,43.0
13-00071829,60649.0,7.0,3.0,43.0
13-00063625,60649.0,8.0,4.0,43.0
13-00048122,60649.0,7.0,4.0,43.0
13-00042537,60649.0,5.0,3.0,43.0
13-00035627,60649.0,8.0,3.0,43.0
13-00036180,60649.0,8.0,4.0,43.0
13-00032980,60649.0,5.0,3.0,43.0
13-00034374,60649.0,5.0,3.0,43.0
13-00026290,60649.0,5.0,3.0,43.0
13-00015699,60649.0,5.0,3.0,43.0
13-00015691,60649.0,5.0,3.0,43.0
13-00015693,60649.0,5.0,3.0,43.0
13-00015712,60649.0,5.0,3.0,43.0
13-00012018,60649.0,5.0,3.0,43.0
13-00006507,60649.0,7.0,3.0,43.0
13-00006512,60649.0,7.0,4.0,43.0
12-02055974,60649.0,7.0,3.0,43.0
12-02053435,60649.0,7.0,4.0,43.0
12-02042188,60649.0,7.0,3.0,43.0
12-02042089,60649.0,8.0,4.0,43.0
12-02032291,60649.0,7.0,3.0,43.0
12-02032240,60649.0,7.0,3.0,43.0
12-02031916,60649.0,7.0,3.0,43.0
12-02030431,60649.0,7.0,3.0,43.0
12-02001739,60649.0,5.0,3.0,43.0
12-02001812,60649.0,5.0,3.0,43.0
12-02001763,60649.0,5.0,3.0,43.0
12-02001755,60649.0,5.0,3.0,43.0
12-02001790,60649.0,5.0,3.0,43.0
12-02001773,60649.0,5.0,3.0,43.0
12-01999354,60649.0,8.0,4.0,43.0
12-01991367,60649.0,5.0,3.0,43.0
12-01991598,60649.0,8.0,4.0,43.0
12-01979394,60649.0,5.0,3.0,43.0
12-01978335,60649.0,7.0,4.0,43.0
12-01977545,60649.0,7.0,4.0,43.0
12-01977355,60649.0,5.0,3.0,43.0
12-01971839,60649.0,5.0,3.0,43.0
12-01970254,60649.0,7.0,3.0,43.0
12-01971314,60649.0,7.0,4.0,43.0
12-01964684,60649.0,5.0,3.0,43.0
12-01966818,60649.0,5.0,3.0,43.0
12-01957888,60649.0,5.0,3.0,43.0
12-01955199,60649.0,7.0,4.0,43.0
12-01945276,60649.0,5.0,3.0,43.0
12-01943195,60649.0,5.0,3.0,43.0
12-01934927,60649.0,5.0,3.0,42.0
12-01922664,60649.0,7.0,4.0,43.0
12-01915553,60649.0,7.0,4.0,43.0
12-01896458,60649.0,7.0,4.0,43.0
12-01896916,60649.0,7.0,4.0,43.0
12-01897008,60649.0,7.0,4.0,43.0
12-01891367,60649.0,7.0,4.0,46.0
12-01893097,60649.0,7.0,4.0,43.0
12-01891707,60649.0,7.0,4.0,43.0
12-01893085,60649.0,7.0,4.0,43.0
12-01886027,60649.0,7.0,4.0,43.0
12-01879074,60649.0,7.0,4.0,43.0
12-01865495,60649.0,7.0,4.0,43.0
12-01865354,60649.0,8.0,4.0,43.0
12-01867083,60649.0,7.0,4.0,43.0
12-01867428,60649.0,7.0,4.0,43.0
12-01863528,60649.0,7.0,4.0,43.0
12-01846184,60649.0,7.0,4.0,43.0
12-01846168,60649.0,7.0,4.0,43.0
12-01846141,60649.0,7.0,4.0,43.0
12-01846144,60649.0,7.0,4.0,43.0
12-01842245,60649.0,7.0,4.0,43.0
12-01838014,60649.0,7.0,4.0,43.0
12-01836053,60649.0,7.0,4.0,43.0
12-01839359,60649.0,7.0,4.0,43.0
12-01836647,60649.0,7.0,4.0,43.0
12-01836627,60649.0,7.0,4.0,43.0
12-01836619,60649.0,7.0,4.0,43.0
12-01831270,60649.0,8.0,4.0,43.0
12-01831788,60649.0,7.0,4.0,43.0
12-01831787,60649.0,7.0,4.0,43.0
12-01833648,60649.0,7.0,4.0,43.0
12-01827804,60649.0,7.0,4.0,43.0
12-01820729,60649.0,7.0,4.0,43.0
12-01813611,60649.0,7.0,4.0,43.0
12-01810360,60649.0,7.0,4.0,46.0
12-01800931,60649.0,8.0,4.0,43.0
12-01802157,60649.0,8.0,4.0,43.0
12-01792013,60649.0,8.0,4.0,43.0
12-01792008,60649.0,8.0,4.0,43.0
12-01792017,60649.0,7.0,4.0,43.0
12-01796222,60649.0,7.0,4.0,43.0
12-01789935,60649.0,5.0,3.0,43.0
12-01788302,60649.0,8.0,4.0,43.0
12-01762459,60649.0,8.0,4.0,43.0
12-01763009,60649.0,7.0,4.0,43.0
12-01756550,60649.0,7.0,3.0,43.0
12-01756667,60649.0,7.0,3.0,43.0
12-01756644,60649.0,7.0,3.0,43.0
12-01756944,60649.0,5.0,3.0,43.0
12-01743245,60649.0,5.0,3.0,43.0
12-01720486,60649.0,5.0,3.0,43.0
12-01718430,60649.0,8.0,4.0,43.0
12-01714838,60649.0,8.0,4.0,43.0
12-01710589,60649.0,8.0,4.0,43.0
12-01705327,60649.0,7.0,4.0,43.0
12-01706338,60649.0,5.0,3.0,43.0
12-01699465,60649.0,7.0,4.0,43.0
12-01691556,60649.0,5.0,3.0,43.0
12-01691580,60649.0,7.0,4.0,43.0
12-01693340,60649.0,8.0,4.0,43.0
12-01692471,60649.0,7.0,4.0,43.0
12-01662560,60649.0,8.0,4.0,43.0
12-01653157,60649.0,7.0,3.0,43.0
12-01653387,60649.0,7.0,3.0,43.0
12-01654700,60649.0,8.0,4.0,43.0
12-01649115,60649.0,7.0,4.0,43.0
12-01636889,60649.0,5.0,3.0,43.0
12-01630109,60649.0,5.0,3.0,43.0
12-01627435,60649.0,7.0,4.0,43.0
12-01624578,60649.0,5.0,3.0,43.0
12-01624574,60649.0,5.0,3.0,43.0
12-01624432,60649.0,5.0,3.0,43.0
12-01628979,60649.0,7.0,3.0,43.0
12-01619218,60649.0,5.0,3.0,43.0
12-01608589,60649.0,8.0,4.0,43.0
12-01612404,60649.0,5.0,3.0,43.0
12-01609287,60649.0,5.0,3.0,43.0
12-01609795,60649.0,8.0,3.0,43.0
12-01602077,60649.0,5.0,3.0,43.0
12-01595025,60649.0,7.0,4.0,43.0
12-01595040,60649.0,7.0,4.0,43.0
12-01579130,60649.0,5.0,3.0,43.0
12-01571388,60649.0,8.0,4.0,43.0
12-01573617,60649.0,7.0,4.0,43.0
12-01552392,60649.0,7.0,3.0,43.0
12-01548146,60649.0,7.0,4.0,43.0
12-01547904,60649.0,5.0,3.0,43.0
12-01541524,60649.0,8.0,3.0,43.0
12-01541589,60649.0,5.0,3.0,43.0
12-01531309,60649.0,5.0,3.0,43.0
12-01489251,60649.0,5.0,3.0,43.0
12-01481723,60649.0,8.0,4.0,43.0
12-01481748,60649.0,8.0,3.0,43.0
12-01469632,60649.0,5.0,3.0,43.0
12-01463569,60649.0,7.0,4.0,43.0
12-01453079,60649.0,5.0,3.0,43.0
12-01442762,60649.0,5.0,3.0,43.0
12-01442759,60649.0,5.0,3.0,43.0
12-01442472,60649.0,8.0,3.0,43.0
12-01442786,60649.0,8.0,3.0,43.0
12-01435611,60649.0,5.0,3.0,43.0
12-01401302,60649.0,8.0,3.0,43.0
12-01389458,60649.0,8.0,3.0,43.0
12-01376694,60649.0,8.0,3.0,43.0
12-01376568,60649.0,8.0,3.0,43.0
12-01362101,60649.0,7.0,4.0,43.0
12-01325788,60649.0,5.0,3.0,43.0
12-01309754,60649.0,5.0,3.0,43.0
12-01309504,60649.0,7.0,4.0,43.0
12-01307811,60649.0,5.0,3.0,43.0
12-01304752,60649.0,8.0,4.0,43.0
12-01297938,60649.0,5.0,3.0,43.0
12-01300291,60649.0,5.0,3.0,43.0
12-01266382,60649.0,8.0,4.0,43.0
12-01265390,60649.0,5.0,3.0,43.0
12-01264144,60649.0,8.0,4.0,43.0
12-01260550,60649.0,7.0,4.0,43.0
12-01260553,60649.0,7.0,4.0,43.0
12-01238967,60649.0,5.0,3.0,43.0
12-01238939,60649.0,5.0,3.0,43.0
12-01240381,60649.0,5.0,3.0,43.0
12-01243944,60649.0,5.0,3.0,43.0
12-01217418,60649.0,8.0,3.0,43.0
12-01161017,60649.0,8.0,4.0,43.0
12-01164138,60649.0,7.0,4.0,43.0
12-01164115,60649.0,7.0,4.0,43.0
12-01164126,60649.0,7.0,4.0,43.0
12-01154581,60649.0,7.0,4.0,43.0
12-01154574,60649.0,7.0,4.0,43.0
12-01154412,60649.0,5.0,3.0,43.0
12-01154597,60649.0,7.0,4.0,43.0
12-01154586,60649.0,7.0,4.0,43.0
12-01155656,60649.0,7.0,4.0,43.0
12-01155648,60649.0,7.0,4.0,43.0
12-01155640,60649.0,7.0,4.0,43.0
12-01155621,60649.0,7.0,4.0,43.0
12-01151731,60649.0,7.0,4.0,43.0
12-01139222,60649.0,5.0,3.0,43.0
12-01141678,60649.0,5.0,3.0,43.0
12-01138731,60649.0,8.0,3.0,43.0
12-01141683,60649.0,7.0,4.0,43.0
12-01114116,60649.0,7.0,4.0,43.0
12-01111982,60649.0,8.0,4.0,43.0
12-01107032,60649.0,5.0,3.0,43.0
12-01098575,60649.0,5.0,3.0,43.0
12-01098592,60649.0,5.0,3.0,43.0
12-01093818,60649.0,5.0,3.0,43.0
12-01087189,60649.0,7.0,4.0,43.0
12-01087178,60649.0,7.0,4.0,43.0
12-01087077,60649.0,7.0,4.0,43.0
12-01086857,60649.0,7.0,4.0,43.0
12-01087091,60649.0,7.0,4.0,43.0
12-01085886,60649.0,5.0,3.0,43.0
12-01084951,60649.0,5.0,3.0,43.0
12-01082367,60649.0,7.0,4.0,43.0
12-01083055,60649.0,7.0,4.0,43.0
12-01076320,60649.0,7.0,4.0,43.0
12-01063229,60649.0,7.0,4.0,43.0
12-01057742,60649.0,5.0,3.0,43.0
12-01052678,60649.0,5.0,3.0,43.0
12-01039294,60649.0,7.0,4.0,43.0
12-01012240,60649.0,5.0,3.0,43.0
12-01012260,60649.0,5.0,3.0,43.0
12-01012231,60649.0,5.0,3.0,43.0
12-01005731,60649.0,7.0,4.0,43.0
12-01004386,60649.0,5.0,3.0,43.0
12-00981354,60649.0,7.0,4.0,43.0
12-00980202,60649.0,5.0,3.0,43.0
12-00974878,60649.0,8.0,4.0,43.0
12-00974616,60649.0,8.0,4.0,43.0
12-00974648,60649.0,8.0,4.0,43.0
12-00967238,60649.0,7.0,4.0,43.0
12-00946308,60649.0,5.0,3.0,43.0
12-00943263,60649.0,5.0,3.0,43.0
12-00943259,60649.0,5.0,3.0,43.0
12-00932500,60649.0,8.0,3.0,43.0
12-00936749,60649.0,8.0,3.0,43.0
12-00926953,60649.0,5.0,3.0,43.0
12-00926964,60649.0,5.0,3.0,43.0
12-00920407,60649.0,7.0,4.0,43.0
12-00912586,60649.0,7.0,3.0,43.0
12-00912602,60649.0,7.0,4.0,43.0
12-00900768,60649.0,7.0,4.0,43.0
12-00887362,60649.0,7.0,4.0,43.0
12-00884977,60649.0,7.0,4.0,43.0
12-00886996,60649.0,7.0,3.0,43.0
12-00867851,60649.0,7.0,3.0,43.0
12-00861912,60649.0,5.0,3.0,43.0
12-00860240,60649.0,8.0,4.0,43.0
12-00848048,60649.0,7.0,3.0,43.0
12-00842986,60649.0,8.0,4.0,43.0
12-00839969,60649.0,8.0,4.0,43.0
12-00831607,60649.0,7.0,3.0,43.0
12-00823185,60649.0,5.0,3.0,43.0
12-00825230,60649.0,5.0,3.0,43.0
12-00812972,60649.0,7.0,3.0,43.0
12-00808048,60649.0,5.0,3.0,43.0
12-00803859,60649.0,8.0,3.0,43.0
12-00803805,60649.0,8.0,3.0,43.0
12-00803793,60649.0,8.0,3.0,43.0
12-00803781,60649.0,5.0,3.0,43.0
12-00803867,60649.0,8.0,3.0,43.0
12-00804083,60649.0,8.0,3.0,43.0
12-00805804,60649.0,8.0,4.0,43.0
12-00751925,60649.0,5.0,3.0,43.0
12-00751243,60649.0,7.0,4.0,43.0
12-00751218,60649.0,7.0,4.0,43.0
12-00752898,60649.0,7.0,4.0,43.0
12-00745460,60649.0,5.0,3.0,43.0
12-00739518,60649.0,7.0,4.0,43.0
12-00739522,60649.0,7.0,4.0,43.0
12-00743624,60649.0,8.0,3.0,43.0
12-00730536,60649.0,5.0,3.0,43.0
12-00726491,60649.0,5.0,3.0,43.0
12-00726515,60649.0,5.0,3.0,43.0
12-00720798,60649.0,5.0,3.0,43.0
12-00716775,60649.0,5.0,3.0,43.0
12-00703317,60649.0,5.0,3.0,43.0
12-00704021,60649.0,8.0,4.0,43.0
12-00694553,60649.0,5.0,3.0,43.0
12-00692472,60649.0,5.0,3.0,43.0
12-00690714,60649.0,8.0,4.0,43.0
12-00692509,60649.0,8.0,3.0,43.0
12-00692474,60649.0,5.0,3.0,43.0
12-00680551,60649.0,7.0,4.0,43.0
12-00680554,60649.0,7.0,4.0,43.0
12-00684557,60649.0,5.0,3.0,43.0
12-00681139,60649.0,5.0,3.0,43.0
12-00681102,60649.0,5.0,3.0,43.0
12-00681148,60649.0,5.0,3.0,43.0
12-00683349,60649.0,7.0,4.0,43.0
12-00670304,60649.0,8.0,4.0,43.0
12-00672381,60649.0,5.0,3.0,43.0
12-00655301,60649.0,5.0,3.0,43.0
12-00655347,60649.0,7.0,4.0,43.0
12-00647890,60649.0,5.0,3.0,43.0
12-00628985,60649.0,5.0,3.0,43.0
12-00618798,60649.0,5.0,3.0,43.0
12-00620021,60649.0,5.0,3.0,43.0
12-00613188,60649.0,5.0,3.0,43.0
12-00612212,60649.0,5.0,3.0,43.0
12-00611450,60649.0,8.0,4.0,43.0
12-00610513,60649.0,5.0,3.0,43.0
12-00602041,60649.0,5.0,3.0,43.0
12-00602058,60649.0,5.0,3.0,43.0
12-00589464,60649.0,8.0,4.0,43.0
12-00589453,60649.0,8.0,4.0,43.0
12-00589474,60649.0,8.0,4.0,43.0
12-00589469,60649.0,8.0,4.0,43.0
12-00589504,60649.0,8.0,4.0,43.0
12-00589524,60649.0,5.0,4.0,43.0
12-00589505,60649.0,5.0,4.0,43.0
12-00566952,60649.0,7.0,4.0,46.0
12-00549452,60649.0,8.0,4.0,43.0
12-00528925,60649.0,5.0,3.0,43.0
12-00495356,60649.0,7.0,4.0,43.0
12-00320456,60649.0,5.0,3.0,43.0
12-00320442,60649.0,5.0,3.0,43.0
12-00318468,60649.0,5.0,3.0,43.0
12-00318434,60649.0,5.0,3.0,43.0
12-00318497,60649.0,5.0,3.0,43.0
12-00320396,60649.0,5.0,3.0,43.0
12-00320306,60649.0,5.0,3.0,43.0
12-00282060,60649.0,5.0,3.0,43.0
12-00233503,60649.0,7.0,4.0,43.0
12-00214937,60649.0,5.0,3.0,43.0
12-00220830,60649.0,7.0,4.0,43.0
12-00192333,60649.0,7.0,4.0,43.0
12-00192326,60649.0,7.0,4.0,43.0
12-00192352,60649.0,7.0,4.0,43.0
12-00192344,60649.0,7.0,4.0,43.0
12-00192409,60649.0,7.0,4.0,43.0
12-00192384,60649.0,7.0,4.0,43.0
12-00190044,60649.0,5.0,3.0,43.0
12-00190038,60649.0,5.0,3.0,43.0
12-00190052,60649.0,5.0,3.0,43.0
12-00177639,60649.0,5.0,3.0,42.0
12-00183097,60649.0,5.0,3.0,42.0
12-00175067,60649.0,5.0,3.0,43.0
12-00174378,60649.0,5.0,3.0,43.0
12-00174885,60649.0,5.0,3.0,43.0
12-00174253,60649.0,5.0,3.0,43.0
12-00174300,60649.0,5.0,3.0,43.0
12-00174703,60649.0,5.0,3.0,42.0
12-00171525,60649.0,5.0,3.0,42.0
12-00165819,60649.0,5.0,3.0,43.0
12-00161093,60649.0,8.0,4.0,43.0
12-00161103,60649.0,8.0,4.0,43.0
12-00157249,60649.0,5.0,3.0,43.0
12-00143965,60649.0,8.0,4.0,43.0
12-00134791,60649.0,5.0,3.0,43.0
12-00109731,60649.0,8.0,4.0,43.0
12-00111134,60649.0,8.0,4.0,43.0
12-00104450,60649.0,8.0,4.0,43.0
12-00105535,60649.0,5.0,3.0,43.0
12-00098325,60649.0,5.0,3.0,43.0
12-00094879,60649.0,8.0,4.0,43.0
12-00098320,60649.0,5.0,3.0,43.0
12-00093270,60649.0,5.0,3.0,43.0
12-00093271,60649.0,5.0,3.0,43.0
12-00093246,60649.0,5.0,3.0,43.0
12-00093269,60649.0,5.0,3.0,43.0
12-00093268,60649.0,5.0,3.0,43.0
12-00076109,60649.0,8.0,4.0,43.0
12-00070239,60649.0,8.0,4.0,43.0
12-00032447,60649.0,7.0,4.0,43.0
12-00032446,60649.0,7.0,4.0,43.0
12-00020397,60649.0,5.0,3.0,43.0
11-04295359,60649.0,7.0,4.0,43.0
11-04283136,60649.0,5.0,3.0,43.0
11-04258476,60649.0,7.0,4.0,43.0
11-04223970,60649.0,5.0,3.0,43.0
11-04201182,60649.0,5.0,4.0,43.0
11-04163686,60649.0,8.0,4.0,43.0
11-04156908,60649.0,7.0,3.0,43.0
11-04148362,60649.0,7.0,4.0,43.0
11-04105157,60649.0,5.0,3.0,43.0
11-04105151,60649.0,5.0,3.0,43.0
11-04103923,60649.0,5.0,3.0,43.0
11-04094813,60649.0,5.0,3.0,43.0
11-04063526,60649.0,8.0,4.0,43.0
11-04063506,60649.0,8.0,4.0,43.0
11-04065081,60649.0,5.0,3.0,43.0
11-04043541,60649.0,8.0,4.0,43.0
11-04045825,60649.0,5.0,3.0,43.0
11-04046960,60649.0,8.0,4.0,43.0
11-04035996,60649.0,8.0,4.0,43.0
11-04035991,60649.0,8.0,4.0,43.0
11-04024909,60649.0,5.0,3.0,43.0
11-04017990,60649.0,5.0,3.0,43.0
11-04010853,60649.0,5.0,3.0,43.0
11-04020085,60649.0,7.0,4.0,43.0
11-04009933,60649.0,5.0,3.0,43.0
11-04005254,60649.0,7.0,4.0,43.0
11-03997163,60649.0,8.0,4.0,43.0
11-03975953,60649.0,8.0,4.0,43.0
11-03982002,60649.0,8.0,4.0,43.0
11-03962391,60649.0,8.0,4.0,43.0
11-03968113,60649.0,8.0,4.0,43.0
11-03962406,60649.0,8.0,4.0,43.0
11-03957628,60649.0,7.0,4.0,43.0
11-03953273,60649.0,7.0,3.0,43.0
11-03921666,60649.0,5.0,3.0,43.0
11-03916455,60649.0,7.0,4.0,43.0
11-03916465,60649.0,7.0,4.0,43.0
11-03914456,60649.0,5.0,3.0,42.0
11-03895512,60649.0,5.0,3.0,43.0
11-03887509,60649.0,5.0,3.0,43.0
11-03877554,60649.0,5.0,3.0,43.0
11-03875581,60649.0,5.0,3.0,43.0
11-03853252,60649.0,7.0,4.0,43.0
11-03848512,60649.0,7.0,4.0,43.0
11-03846210,60649.0,5.0,3.0,43.0
11-03846199,60649.0,5.0,3.0,43.0
11-03848497,60649.0,7.0,4.0,43.0
11-03848102,60649.0,5.0,3.0,43.0
11-03820310,60649.0,5.0,3.0,43.0
11-03814198,60649.0,7.0,4.0,46.0
11-03815331,60649.0,5.0,3.0,43.0
11-03809013,60649.0,5.0,3.0,43.0
11-03789401,60649.0,5.0,3.0,43.0
11-03766995,60649.0,5.0,3.0,43.0
11-03749777,60649.0,5.0,3.0,43.0
11-03736397,60649.0,7.0,4.0,43.0
11-03744030,60649.0,8.0,4.0,43.0
11-03724887,60649.0,7.0,3.0,43.0
11-03722944,60649.0,7.0,4.0,43.0
11-03722128,60649.0,8.0,4.0,43.0
11-03721805,60649.0,7.0,4.0,43.0
11-03713119,60649.0,5.0,3.0,43.0
11-03699055,60649.0,7.0,4.0,43.0
11-03695611,60649.0,5.0,3.0,43.0
11-03695622,60649.0,5.0,3.0,43.0
11-03680687,60649.0,5.0,3.0,43.0
11-03683788,60649.0,7.0,4.0,43.0
11-03677519,60649.0,7.0,4.0,43.0
11-03669442,60649.0,5.0,3.0,43.0
11-03663200,60649.0,5.0,3.0,43.0
11-03663348,60649.0,5.0,3.0,43.0
11-03661736,60649.0,5.0,3.0,43.0
11-03621722,60649.0,8.0,4.0,43.0
11-03602354,60649.0,7.0,4.0,43.0
11-03604726,60649.0,5.0,3.0,43.0
11-03597037,60649.0,5.0,3.0,43.0
11-03597374,60649.0,5.0,3.0,43.0
11-03598338,60649.0,5.0,3.0,43.0
11-03587870,60649.0,7.0,4.0,43.0
11-03574462,60649.0,7.0,4.0,43.0
11-03566597,60649.0,7.0,4.0,43.0
11-03568300,60649.0,8.0,4.0,43.0
11-03562616,60649.0,7.0,3.0,43.0
11-03547807,60649.0,8.0,4.0,43.0
11-03537030,60649.0,7.0,4.0,43.0
11-03542782,60649.0,8.0,4.0,43.0
11-03531584,60649.0,7.0,4.0,43.0
11-03519486,60649.0,7.0,4.0,43.0
11-03526792,60649.0,8.0,4.0,43.0
11-03511131,60649.0,7.0,4.0,43.0
11-03496692,60649.0,8.0,4.0,43.0
11-03490157,60649.0,7.0,4.0,43.0
11-03490050,60649.0,7.0,4.0,46.0
11-03490040,60649.0,7.0,4.0,46.0
11-03478955,60649.0,7.0,4.0,43.0
11-03478950,60649.0,7.0,4.0,43.0
11-03490294,60649.0,7.0,4.0,43.0
11-03490239,60649.0,7.0,4.0,43.0
11-03490278,60649.0,7.0,4.0,43.0
11-03482084,60649.0,7.0,4.0,43.0
11-03490379,60649.0,7.0,4.0,43.0
11-03490371,60649.0,7.0,4.0,43.0
11-03490360,60649.0,7.0,4.0,43.0
11-03490395,60649.0,7.0,4.0,43.0
11-03490759,60649.0,7.0,4.0,43.0
11-03490774,60649.0,7.0,4.0,43.0
11-03476809,60649.0,8.0,4.0,43.0
11-03447384,60649.0,8.0,4.0,43.0
11-03435991,60649.0,7.0,4.0,43.0
11-03436085,60649.0,7.0,4.0,46.0
11-03436043,60649.0,7.0,4.0,46.0
11-03436074,60649.0,7.0,4.0,46.0
11-03436066,60649.0,7.0,4.0,46.0
11-03395733,60649.0,5.0,3.0,43.0
11-03391356,60649.0,8.0,4.0,43.0
11-03374044,60649.0,5.0,3.0,43.0
11-03369398,60649.0,8.0,4.0,43.0
11-03361974,60649.0,8.0,4.0,43.0
11-03355163,60649.0,5.0,3.0,43.0
11-03360288,60649.0,8.0,4.0,43.0
11-03355015,60649.0,7.0,4.0,43.0
11-03344470,60649.0,5.0,3.0,43.0
11-03344458,60649.0,5.0,3.0,43.0
11-03344478,60649.0,5.0,3.0,43.0
11-03344492,60649.0,5.0,3.0,43.0
11-03347018,60649.0,7.0,4.0,43.0
11-03348682,60649.0,5.0,3.0,43.0
11-03316383,60649.0,5.0,3.0,43.0
11-03308074,60649.0,5.0,3.0,43.0
11-03285004,60649.0,5.0,3.0,43.0
11-03278605,60649.0,5.0,3.0,43.0
11-03278631,60649.0,5.0,3.0,43.0
11-03264581,60649.0,7.0,4.0,43.0
11-03257292,60649.0,5.0,3.0,43.0
11-03251311,60649.0,5.0,3.0,43.0
11-03249661,60649.0,7.0,4.0,43.0
11-03246370,60649.0,7.0,4.0,43.0
11-03236652,60649.0,7.0,3.0,43.0
11-03228292,60649.0,5.0,3.0,43.0
11-03216406,60649.0,8.0,4.0,43.0
11-03219193,60649.0,8.0,4.0,43.0
11-03219181,60649.0,8.0,4.0,43.0
11-03218296,60649.0,8.0,4.0,43.0
11-03216404,60649.0,8.0,4.0,43.0
11-03199578,60649.0,5.0,3.0,43.0
11-03151881,60649.0,7.0,3.0,43.0
11-03151863,60649.0,7.0,3.0,43.0
11-03151842,60649.0,7.0,3.0,43.0
11-03151824,60649.0,7.0,4.0,43.0
11-03143260,60649.0,7.0,4.0,43.0
11-03099590,60649.0,7.0,3.0,43.0
11-03034547,60649.0,8.0,4.0,43.0
11-03034511,60649.0,8.0,4.0,43.0
11-03046278,60649.0,5.0,3.0,43.0
11-02955131,60649.0,8.0,4.0,43.0
11-02958592,60649.0,5.0,3.0,43.0
11-02947747,60649.0,7.0,3.0,43.0
11-02920732,60649.0,8.0,3.0,43.0
11-02921005,60649.0,8.0,3.0,43.0
11-02652402,60649.0,7.0,4.0,43.0
11-02618211,60649.0,8.0,4.0,43.0
11-02618255,60649.0,8.0,4.0,43.0
11-02618253,60649.0,8.0,4.0,43.0
11-02618243,60649.0,8.0,4.0,43.0
11-02576986,60649.0,8.0,4.0,43.0
11-02585248,60649.0,7.0,4.0,43.0
11-02571601,60649.0,8.0,3.0,43.0
11-02543021,60649.0,8.0,4.0,43.0
11-02490955,60649.0,7.0,4.0,43.0
11-02430836,60649.0,7.0,4.0,43.0
11-02388489,60649.0,7.0,4.0,43.0
11-02174475,60649.0,8.0,3.0,43.0
11-02124779,60649.0,5.0,3.0,43.0
11-02049172,60649.0,8.0,4.0,43.0
11-01942038,60649.0,5.0,3.0,43.0
11-01906583,60649.0,7.0,4.0,43.0
11-01915263,60649.0,5.0,3.0,43.0
11-01877048,60649.0,8.0,4.0,43.0
11-01696364,60649.0,8.0,4.0,43.0
11-01696350,60649.0,8.0,4.0,43.0
11-01696160,60649.0,8.0,4.0,43.0
11-01696146,60649.0,8.0,4.0,43.0
11-01696128,60649.0,8.0,4.0,43.0
11-01696108,60649.0,8.0,4.0,43.0
11-01696344,60649.0,8.0,4.0,43.0
11-01696222,60649.0,8.0,4.0,43.0
11-01696186,60649.0,8.0,4.0,43.0
11-01696182,60649.0,8.0,4.0,43.0
11-01696327,60649.0,8.0,4.0,43.0
11-01696297,60649.0,8.0,4.0,43.0
11-01696373,60649.0,8.0,4.0,43.0
11-01696380,60649.0,8.0,4.0,43.0
11-01550891,60649.0,8.0,4.0,43.0
11-01560324,60649.0,7.0,3.0,43.0
11-03216183,60649.0,5.0,3.0,43.0
11-01402948,60649.0,8.0,4.0,43.0
11-01406047,60649.0,7.0,4.0,43.0
11-01209401,60649.0,8.0,4.0,43.0
11-00650024,60649.0,7.0,4.0,43.0
11-00544724,60649.0,7.0,4.0,43.0
11-00540609,60649.0,7.0,4.0,43.0
11-00517240,60649.0,7.0,4.0,43.0
11-00516085,60649.0,7.0,4.0,43.0
11-00511200,60649.0,7.0,4.0,43.0
11-00503686,60649.0,7.0,4.0,43.0
11-00495208,60649.0,7.0,4.0,43.0
11-00488077,60649.0,7.0,4.0,43.0
11-00443926,60649.0,7.0,4.0,43.0
11-00419355,60649.0,8.0,4.0,43.0
11-00419358,60649.0,8.0,4.0,43.0
11-00415656,60649.0,8.0,4.0,43.0
11-00415650,60649.0,8.0,4.0,43.0
11-00396494,60649.0,7.0,4.0,43.0
11-00399475,60649.0,8.0,4.0,43.0
11-00399497,60649.0,8.0,4.0,43.0
11-00387345,60649.0,7.0,4.0,43.0
11-00346645,60649.0,8.0,4.0,43.0
11-00328277,60649.0,8.0,4.0,43.0
11-00289303,60649.0,7.0,4.0,43.0
11-00257471,60649.0,7.0,4.0,43.0
11-00153250,60649.0,7.0,4.0,46.0
11-00154667,60649.0,5.0,3.0,43.0
11-00147128,60649.0,7.0,4.0,46.0
11-00147133,60649.0,7.0,4.0,46.0
11-00149934,60649.0,7.0,4.0,43.0
11-00126368,60649.0,7.0,4.0,46.0
11-00124746,60649.0,7.0,4.0,43.0
11-00124759,60649.0,7.0,4.0,43.0
11-00101334,60649.0,7.0,4.0,43.0
11-00087597,60649.0,5.0,3.0,43.0
11-00066858,60649.0,7.0,4.0,43.0
11-00060409,60649.0,7.0,4.0,43.0
11-00048169,60649.0,7.0,4.0,43.0
11-00048129,60649.0,7.0,4.0,43.0
11-00048120,60649.0,7.0,4.0,43.0
11-00019265,60649.0,7.0,4.0,43.0
11-00016292,60649.0,7.0,3.0,43.0
