15-04902855,60646.0,39.0,16.0,11.0
15-04901172,60646.0,39.0,16.0,11.0
15-04901160,60646.0,39.0,16.0,11.0
15-04877390,60646.0,39.0,16.0,10.0
15-04886932,60646.0,45.0,16.0,11.0
15-04866657,60646.0,39.0,16.0,10.0
15-04850764,60646.0,39.0,17.0,12.0
15-04855226,60646.0,39.0,17.0,12.0
15-04850769,60646.0,39.0,17.0,12.0
15-04850773,60646.0,39.0,17.0,12.0
15-04861372,60646.0,39.0,17.0,12.0
15-04814613,60646.0,39.0,17.0,12.0
15-04805964,60646.0,39.0,16.0,11.0
15-04700514,60646.0,39.0,17.0,13.0
15-04700508,60646.0,39.0,17.0,12.0
15-04646947,60646.0,41.0,16.0,12.0
15-04610914,60646.0,45.0,16.0,11.0
15-04571273,60646.0,39.0,16.0,11.0
15-04549634,60646.0,45.0,16.0,11.0
15-04543682,60646.0,39.0,16.0,12.0
15-04528612,60646.0,39.0,17.0,13.0
15-04480311,60646.0,39.0,17.0,12.0
15-04426715,60646.0,39.0,16.0,11.0
15-04412574,60646.0,39.0,17.0,12.0
15-04415791,60646.0,39.0,16.0,11.0
15-04381332,60646.0,45.0,16.0,11.0
15-04381303,60646.0,45.0,16.0,11.0
15-04331144,60646.0,39.0,17.0,13.0
15-04329433,60646.0,39.0,17.0,12.0
15-04334564,60646.0,45.0,16.0,11.0
15-04329424,60646.0,39.0,17.0,12.0
15-04329329,60646.0,39.0,17.0,12.0
15-04329398,60646.0,39.0,17.0,12.0
15-04329366,60646.0,39.0,17.0,12.0
15-04306638,60646.0,45.0,16.0,11.0
15-04298291,60646.0,41.0,16.0,12.0
15-04275036,60646.0,39.0,17.0,12.0
15-04243253,60646.0,39.0,16.0,10.0
15-04193633,60646.0,39.0,17.0,13.0
15-04175795,60646.0,39.0,17.0,13.0
15-04175801,60646.0,39.0,17.0,13.0
15-04121673,60646.0,45.0,16.0,11.0
15-04106098,60646.0,39.0,17.0,13.0
15-04088424,60646.0,39.0,17.0,12.0
15-04064608,60646.0,39.0,17.0,13.0
15-04070732,60646.0,39.0,17.0,12.0
15-04070724,60646.0,39.0,17.0,12.0
15-04070728,60646.0,39.0,17.0,12.0
15-04070699,60646.0,39.0,17.0,13.0
15-04070692,60646.0,39.0,17.0,13.0
15-04070718,60646.0,39.0,17.0,12.0
15-04061813,60646.0,39.0,17.0,13.0
15-04070714,60646.0,39.0,17.0,13.0
15-03978747,60646.0,39.0,17.0,13.0
15-03933672,60646.0,39.0,17.0,13.0
15-03910843,60646.0,39.0,17.0,13.0
15-03873515,60646.0,39.0,17.0,13.0
15-03747948,60646.0,39.0,16.0,12.0
15-03543327,60646.0,39.0,16.0,10.0
15-03461840,60646.0,39.0,16.0,12.0
15-03355667,60646.0,39.0,17.0,12.0
15-03233714,60646.0,39.0,16.0,12.0
15-03221644,60646.0,41.0,16.0,12.0
15-03167038,60646.0,41.0,16.0,12.0
15-03122798,60646.0,41.0,16.0,12.0
15-03125536,60646.0,39.0,17.0,13.0
15-03089940,60646.0,41.0,16.0,12.0
15-03002363,60646.0,45.0,16.0,10.0
15-03004553,60646.0,41.0,16.0,12.0
15-02994085,60646.0,39.0,16.0,11.0
15-02938648,60646.0,39.0,16.0,12.0
15-02765692,60646.0,41.0,16.0,12.0
15-02765668,60646.0,41.0,16.0,12.0
15-02731773,60646.0,39.0,17.0,12.0
15-02684923,60646.0,41.0,16.0,12.0
15-02683028,60646.0,41.0,16.0,12.0
15-02683027,60646.0,41.0,16.0,12.0
15-02683012,60646.0,41.0,16.0,12.0
15-02693439,60646.0,41.0,16.0,12.0
15-02633080,60646.0,39.0,16.0,12.0
15-02584863,60646.0,45.0,16.0,11.0
15-02584850,60646.0,45.0,16.0,11.0
15-02485954,60646.0,39.0,16.0,10.0
15-02465900,60646.0,41.0,16.0,12.0
15-02466197,60646.0,39.0,17.0,12.0
15-02442435,60646.0,39.0,17.0,12.0
15-02441714,60646.0,45.0,16.0,11.0
15-02422634,60646.0,39.0,16.0,10.0
15-02414298,60646.0,39.0,16.0,11.0
15-02416428,60646.0,39.0,16.0,11.0
15-02384541,60646.0,39.0,16.0,12.0
15-02378105,60646.0,39.0,16.0,11.0
15-02378029,60646.0,39.0,16.0,11.0
15-02371230,60646.0,41.0,16.0,12.0
15-02339357,60646.0,45.0,16.0,11.0
15-02279740,60646.0,39.0,16.0,11.0
15-02279452,60646.0,39.0,16.0,11.0
15-02279488,60646.0,39.0,16.0,11.0
15-02259195,60646.0,39.0,17.0,13.0
15-02263355,60646.0,39.0,16.0,11.0
15-02264587,60646.0,45.0,16.0,11.0
15-02265251,60646.0,39.0,17.0,12.0
15-02259721,60646.0,41.0,16.0,12.0
15-02259702,60646.0,41.0,16.0,12.0
15-02259706,60646.0,41.0,16.0,12.0
15-02259715,60646.0,41.0,16.0,12.0
15-02265126,60646.0,45.0,16.0,11.0
15-02263402,60646.0,45.0,16.0,11.0
15-02253290,60646.0,45.0,16.0,11.0
15-02238592,60646.0,39.0,16.0,11.0
15-02238573,60646.0,39.0,16.0,11.0
15-02232511,60646.0,39.0,16.0,11.0
15-02245088,60646.0,45.0,16.0,11.0
15-02232508,60646.0,45.0,16.0,11.0
15-02221876,60646.0,39.0,16.0,11.0
15-02221655,60646.0,39.0,16.0,11.0
15-02222331,60646.0,45.0,16.0,11.0
15-02222314,60646.0,45.0,16.0,11.0
15-02222110,60646.0,39.0,16.0,11.0
15-02221885,60646.0,45.0,16.0,11.0
15-02224568,60646.0,45.0,16.0,11.0
15-02216288,60646.0,45.0,16.0,11.0
15-02222065,60646.0,45.0,16.0,11.0
15-02221659,60646.0,45.0,16.0,11.0
15-02221829,60646.0,39.0,16.0,11.0
15-02216291,60646.0,39.0,16.0,11.0
15-02221645,60646.0,45.0,16.0,11.0
15-02221827,60646.0,39.0,16.0,11.0
15-02206680,60646.0,45.0,16.0,11.0
15-02199813,60646.0,39.0,16.0,11.0
15-02196967,60646.0,39.0,16.0,11.0
15-02206681,60646.0,39.0,16.0,11.0
15-02183792,60646.0,45.0,16.0,11.0
15-02178264,60646.0,45.0,16.0,11.0
15-02172621,60646.0,39.0,17.0,12.0
15-02172627,60646.0,39.0,16.0,11.0
15-02145948,60646.0,39.0,16.0,12.0
15-02154069,60646.0,39.0,16.0,11.0
15-02154054,60646.0,45.0,16.0,11.0
15-02154043,60646.0,45.0,16.0,11.0
15-02154036,60646.0,45.0,16.0,11.0
15-02083985,60646.0,45.0,16.0,11.0
15-02073550,60646.0,39.0,17.0,12.0
15-02073540,60646.0,41.0,16.0,12.0
15-02045870,60646.0,45.0,16.0,11.0
15-02033254,60646.0,41.0,16.0,12.0
15-02004238,60646.0,45.0,16.0,11.0
15-02003547,60646.0,45.0,16.0,11.0
15-01900455,60646.0,45.0,16.0,12.0
15-01901418,60646.0,45.0,16.0,12.0
15-01902941,60646.0,41.0,16.0,12.0
15-01690939,60646.0,39.0,17.0,12.0
15-01612943,60646.0,39.0,17.0,12.0
15-01525552,60646.0,45.0,16.0,10.0
15-01529724,60646.0,39.0,17.0,12.0
15-01540687,60646.0,39.0,17.0,12.0
15-01497888,60646.0,45.0,16.0,11.0
15-01385305,60646.0,45.0,16.0,10.0
15-01357568,60646.0,41.0,16.0,12.0
15-01375606,60646.0,39.0,17.0,12.0
15-01334551,60646.0,45.0,16.0,12.0
15-01296403,60646.0,45.0,16.0,10.0
15-01296409,60646.0,45.0,16.0,10.0
15-01207359,60646.0,45.0,16.0,10.0
15-01114743,60646.0,45.0,16.0,10.0
15-00966558,60646.0,45.0,16.0,10.0
15-00810615,60646.0,45.0,16.0,11.0
15-00803928,60646.0,41.0,16.0,12.0
15-00809792,60646.0,39.0,17.0,12.0
15-00795896,60646.0,45.0,16.0,11.0
15-00702341,60646.0,39.0,17.0,13.0
15-00718975,60646.0,45.0,16.0,10.0
15-00537117,60646.0,39.0,17.0,13.0
15-00536835,60646.0,45.0,16.0,11.0
15-00536925,60646.0,39.0,17.0,12.0
15-00536450,60646.0,39.0,17.0,12.0
15-00416548,60646.0,45.0,16.0,11.0
15-00399176,60646.0,,,
15-00399176,60646.0,,,
15-00370128,60646.0,39.0,17.0,12.0
15-00370707,60646.0,39.0,17.0,12.0
15-00370818,60646.0,39.0,17.0,12.0
15-00329015,60646.0,39.0,17.0,13.0
15-00329174,60646.0,41.0,16.0,12.0
15-00330975,60646.0,45.0,16.0,11.0
15-00297482,60646.0,45.0,16.0,11.0
15-00268203,60646.0,39.0,17.0,12.0
15-00268341,60646.0,45.0,16.0,10.0
15-00268343,60646.0,45.0,16.0,10.0
15-00268353,60646.0,45.0,16.0,10.0
15-00226870,60646.0,45.0,16.0,10.0
15-00217676,60646.0,45.0,16.0,11.0
15-00198599,60646.0,45.0,16.0,11.0
15-00198576,60646.0,45.0,16.0,11.0
15-00178051,60646.0,45.0,16.0,10.0
15-00166622,60646.0,39.0,17.0,12.0
15-00141166,60646.0,41.0,16.0,12.0
15-00129207,60646.0,39.0,17.0,13.0
15-00119851,60646.0,39.0,17.0,13.0
15-00076306,60646.0,39.0,17.0,12.0
15-00067738,60646.0,45.0,16.0,10.0
15-00055998,60646.0,45.0,16.0,10.0
15-00021296,60646.0,39.0,17.0,12.0
14-02207491,60646.0,45.0,16.0,11.0
14-02160915,60646.0,39.0,17.0,13.0
14-02160910,60646.0,39.0,17.0,12.0
14-02158654,60646.0,41.0,16.0,12.0
14-02158649,60646.0,41.0,16.0,12.0
14-02158642,60646.0,41.0,16.0,12.0
14-02151739,60646.0,39.0,17.0,12.0
14-02145000,60646.0,45.0,16.0,11.0
14-02138674,60646.0,45.0,16.0,10.0
14-02142426,60646.0,39.0,17.0,12.0
14-02135054,60646.0,41.0,16.0,12.0
14-02125872,60646.0,41.0,16.0,12.0
14-02115041,60646.0,39.0,17.0,12.0
14-02116626,60646.0,41.0,16.0,12.0
14-02035834,60646.0,39.0,17.0,13.0
14-02030392,60646.0,39.0,17.0,13.0
14-02030391,60646.0,39.0,17.0,13.0
14-02025724,60646.0,39.0,17.0,13.0
14-01995641,60646.0,39.0,17.0,13.0
14-01992896,60646.0,41.0,16.0,12.0
14-01980702,60646.0,39.0,17.0,13.0
14-01949504,60646.0,39.0,17.0,13.0
14-01947029,60646.0,39.0,17.0,12.0
14-01942078,60646.0,45.0,16.0,11.0
14-01942055,60646.0,45.0,16.0,11.0
14-01937575,60646.0,39.0,17.0,13.0
14-01931769,60646.0,39.0,17.0,13.0
14-01930086,60646.0,39.0,17.0,12.0
14-01930593,60646.0,39.0,17.0,13.0
14-01917365,60646.0,39.0,17.0,13.0
14-01894011,60646.0,41.0,16.0,12.0
14-01894236,60646.0,41.0,16.0,12.0
14-01888446,60646.0,41.0,16.0,12.0
14-01813415,60646.0,41.0,16.0,12.0
14-01782393,60646.0,39.0,17.0,12.0
14-01764145,60646.0,39.0,17.0,12.0
14-01752970,60646.0,45.0,16.0,11.0
14-01739703,60646.0,39.0,17.0,13.0
14-01734697,60646.0,39.0,17.0,13.0
14-01730069,60646.0,39.0,17.0,12.0
14-01722896,60646.0,45.0,16.0,11.0
14-01716703,60646.0,45.0,16.0,12.0
14-01670919,60646.0,45.0,16.0,11.0
14-01670482,60646.0,45.0,16.0,12.0
14-01649046,60646.0,45.0,16.0,11.0
14-01649027,60646.0,45.0,16.0,10.0
14-01648939,60646.0,45.0,16.0,10.0
14-01649002,60646.0,45.0,16.0,10.0
14-01648970,60646.0,45.0,16.0,10.0
14-01637017,60646.0,39.0,17.0,12.0
14-01637007,60646.0,39.0,17.0,12.0
14-01637021,60646.0,39.0,17.0,12.0
14-01635905,60646.0,45.0,16.0,11.0
14-01635887,60646.0,39.0,17.0,12.0
14-01635873,60646.0,39.0,17.0,12.0
14-01628105,60646.0,39.0,17.0,12.0
14-01630078,60646.0,39.0,17.0,12.0
14-01630673,60646.0,45.0,16.0,10.0
14-01619106,60646.0,39.0,17.0,12.0
14-01616530,60646.0,45.0,16.0,10.0
14-01617911,60646.0,39.0,17.0,12.0
14-01618717,60646.0,39.0,17.0,12.0
14-01623778,60646.0,39.0,17.0,12.0
14-01624673,60646.0,39.0,17.0,12.0
14-01606867,60646.0,39.0,17.0,12.0
14-01613329,60646.0,39.0,17.0,12.0
14-01612582,60646.0,39.0,17.0,12.0
14-01612537,60646.0,39.0,17.0,12.0
14-01608153,60646.0,39.0,17.0,13.0
14-01567733,60646.0,,,
14-01531287,60646.0,45.0,16.0,11.0
14-01486777,60646.0,,,
14-01489797,60646.0,45.0,16.0,10.0
14-01472793,60646.0,39.0,17.0,12.0
14-01442650,60646.0,45.0,16.0,11.0
14-01377961,60646.0,39.0,17.0,12.0
14-01377928,60646.0,39.0,17.0,12.0
14-01367929,60646.0,45.0,16.0,11.0
14-01338979,60646.0,39.0,17.0,12.0
14-01340638,60646.0,45.0,16.0,11.0
14-01343952,60646.0,39.0,17.0,12.0
14-01329950,60646.0,45.0,16.0,11.0
14-01292670,60646.0,45.0,16.0,12.0
14-01292644,60646.0,45.0,16.0,12.0
14-01283267,60646.0,41.0,16.0,12.0
14-01283267,60646.0,41.0,16.0,12.0
14-01255523,60646.0,41.0,16.0,12.0
14-01222712,60646.0,39.0,17.0,12.0
14-01202780,60646.0,41.0,16.0,12.0
14-01199663,60646.0,39.0,17.0,12.0
14-01188938,60646.0,45.0,16.0,11.0
14-01154283,60646.0,45.0,16.0,11.0
14-01108775,60646.0,45.0,16.0,11.0
14-01103285,60646.0,45.0,16.0,10.0
14-01100635,60646.0,45.0,16.0,11.0
14-01094506,60646.0,45.0,16.0,12.0
14-01094554,60646.0,45.0,16.0,12.0
14-01054569,60646.0,39.0,17.0,13.0
14-01029788,60646.0,39.0,16.0,12.0
14-01033711,60646.0,39.0,17.0,13.0
14-00991985,60646.0,39.0,16.0,12.0
14-00980780,60646.0,45.0,16.0,12.0
14-00968576,60646.0,45.0,16.0,10.0
14-00963804,60646.0,41.0,16.0,12.0
14-00965065,60646.0,41.0,16.0,12.0
14-00960238,60646.0,39.0,17.0,13.0
14-00958370,60646.0,41.0,16.0,12.0
14-00945435,60646.0,39.0,17.0,12.0
14-00953289,60646.0,41.0,16.0,12.0
14-00920311,60646.0,41.0,16.0,12.0
14-00920465,60646.0,45.0,16.0,11.0
14-00908461,60646.0,39.0,17.0,12.0
14-00907513,60646.0,45.0,16.0,12.0
14-00904676,60646.0,41.0,16.0,12.0
14-00895586,60646.0,45.0,16.0,12.0
14-00885477,60646.0,41.0,16.0,12.0
14-00878181,60646.0,41.0,16.0,12.0
14-00877346,60646.0,39.0,17.0,12.0
14-00880781,60646.0,39.0,17.0,12.0
14-00880809,60646.0,39.0,17.0,12.0
14-00872012,60646.0,45.0,16.0,10.0
14-00868425,60646.0,41.0,16.0,12.0
14-00868758,60646.0,41.0,16.0,12.0
14-00868572,60646.0,39.0,17.0,12.0
14-00853888,60646.0,45.0,16.0,11.0
14-00855906,60646.0,39.0,17.0,12.0
14-00848373,60646.0,39.0,17.0,12.0
14-00833459,60646.0,39.0,17.0,12.0
14-00819628,60646.0,39.0,17.0,12.0
14-00816742,60646.0,41.0,16.0,12.0
14-00778606,60646.0,39.0,17.0,13.0
14-00738358,60646.0,45.0,16.0,10.0
14-00730119,60646.0,45.0,16.0,11.0
14-00729436,60646.0,45.0,16.0,11.0
14-00727565,60646.0,45.0,16.0,10.0
14-00710267,60646.0,45.0,16.0,11.0
14-00709926,60646.0,45.0,16.0,11.0
14-00706701,60646.0,39.0,17.0,12.0
14-00700053,60646.0,45.0,16.0,10.0
14-00693637,60646.0,45.0,16.0,10.0
14-00680530,60646.0,45.0,16.0,10.0
14-00656020,60646.0,41.0,16.0,12.0
14-00651938,60646.0,41.0,16.0,12.0
14-00645613,60646.0,41.0,16.0,12.0
14-00645608,60646.0,41.0,16.0,12.0
14-00645609,60646.0,41.0,16.0,12.0
14-00642062,60646.0,45.0,16.0,11.0
14-00629001,60646.0,45.0,16.0,11.0
14-00625246,60646.0,45.0,16.0,11.0
14-00624545,60646.0,45.0,16.0,10.0
14-00619193,60646.0,45.0,16.0,10.0
14-00600948,60646.0,39.0,17.0,12.0
14-00588220,60646.0,45.0,16.0,11.0
14-00569870,60646.0,45.0,16.0,10.0
14-00574935,60646.0,45.0,16.0,11.0
14-00561877,60646.0,45.0,16.0,10.0
14-00561380,60646.0,45.0,16.0,10.0
14-00552446,60646.0,39.0,17.0,13.0
14-00547472,60646.0,45.0,16.0,11.0
14-00523797,60646.0,45.0,16.0,11.0
14-00503070,60646.0,39.0,17.0,12.0
14-00501024,60646.0,45.0,16.0,11.0
14-00493374,60646.0,39.0,17.0,12.0
14-00498768,60646.0,39.0,17.0,12.0
14-00490362,60646.0,39.0,17.0,12.0
14-00488045,60646.0,39.0,17.0,12.0
14-00482855,60646.0,39.0,17.0,12.0
14-00468180,60646.0,39.0,17.0,12.0
14-00473323,60646.0,39.0,17.0,12.0
14-00424306,60646.0,45.0,16.0,11.0
14-00412716,60646.0,45.0,16.0,11.0
14-00408070,60646.0,45.0,16.0,12.0
14-00390383,60646.0,45.0,16.0,11.0
14-00372228,60646.0,45.0,16.0,11.0
14-00371866,60646.0,45.0,16.0,11.0
14-00344222,60646.0,45.0,16.0,11.0
14-00342974,60646.0,39.0,17.0,12.0
14-00342924,60646.0,39.0,17.0,12.0
14-00342958,60646.0,39.0,17.0,12.0
14-00342946,60646.0,39.0,17.0,12.0
14-00342936,60646.0,39.0,17.0,12.0
14-00329340,60646.0,45.0,16.0,11.0
14-00323036,60646.0,45.0,16.0,11.0
14-00322252,60646.0,45.0,16.0,10.0
14-00322266,60646.0,45.0,16.0,11.0
14-00320136,60646.0,45.0,16.0,10.0
14-00313523,60646.0,45.0,16.0,10.0
14-00282649,60646.0,45.0,16.0,11.0
14-00269995,60646.0,39.0,17.0,13.0
14-00273026,60646.0,45.0,16.0,11.0
14-00260628,60646.0,39.0,17.0,13.0
14-00260054,60646.0,45.0,16.0,10.0
14-00263675,60646.0,45.0,16.0,11.0
14-00263838,60646.0,45.0,16.0,11.0
14-00257310,60646.0,45.0,16.0,11.0
14-00254874,60646.0,45.0,16.0,11.0
14-00254873,60646.0,45.0,16.0,11.0
14-00248646,60646.0,39.0,17.0,12.0
14-00248645,60646.0,41.0,16.0,12.0
14-00248635,60646.0,45.0,16.0,11.0
14-00248630,60646.0,45.0,16.0,11.0
14-00248628,60646.0,45.0,16.0,11.0
14-00248656,60646.0,39.0,17.0,12.0
14-00237910,60646.0,45.0,16.0,11.0
14-00229196,60646.0,45.0,16.0,11.0
14-00229197,60646.0,45.0,16.0,11.0
14-00225740,60646.0,45.0,16.0,11.0
14-00225727,60646.0,45.0,16.0,11.0
14-00225664,60646.0,45.0,16.0,11.0
14-00225635,60646.0,45.0,16.0,11.0
14-00225704,60646.0,45.0,16.0,11.0
14-00225716,60646.0,45.0,16.0,11.0
14-00225683,60646.0,45.0,16.0,11.0
14-00214247,60646.0,45.0,16.0,11.0
14-00201130,60646.0,45.0,16.0,11.0
14-00202745,60646.0,45.0,16.0,11.0
14-00192024,60646.0,45.0,16.0,11.0
14-00192034,60646.0,45.0,16.0,11.0
14-00187993,60646.0,39.0,17.0,12.0
14-00175666,60646.0,45.0,16.0,11.0
14-00128439,60646.0,39.0,17.0,13.0
14-00097455,60646.0,45.0,16.0,11.0
14-00093704,60646.0,45.0,16.0,11.0
14-00093705,60646.0,45.0,16.0,11.0
14-00066635,60646.0,39.0,17.0,13.0
14-00039285,60646.0,45.0,16.0,10.0
14-00032922,60646.0,45.0,16.0,11.0
14-00031074,60646.0,45.0,16.0,11.0
14-00013947,60646.0,45.0,16.0,11.0
13-01899204,60646.0,45.0,16.0,11.0
13-01895500,60646.0,45.0,16.0,11.0
13-01895502,60646.0,45.0,16.0,11.0
13-01887534,60646.0,45.0,16.0,11.0
13-01887602,60646.0,45.0,16.0,11.0
13-01887754,60646.0,45.0,16.0,10.0
13-01882380,60646.0,45.0,16.0,11.0
13-01882378,60646.0,45.0,16.0,11.0
13-01855694,60646.0,39.0,17.0,13.0
13-01854569,60646.0,39.0,17.0,12.0
13-01854557,60646.0,39.0,17.0,13.0
13-01856600,60646.0,45.0,16.0,10.0
13-01856614,60646.0,45.0,16.0,10.0
13-01807089,60646.0,39.0,17.0,13.0
13-01799153,60646.0,39.0,17.0,12.0
13-01799141,60646.0,39.0,17.0,13.0
13-01799140,60646.0,39.0,17.0,13.0
13-01792579,60646.0,39.0,17.0,13.0
13-01790733,60646.0,39.0,17.0,13.0
13-01790731,60646.0,39.0,17.0,12.0
13-01790738,60646.0,39.0,17.0,13.0
13-01782309,60646.0,45.0,16.0,12.0
13-01771482,60646.0,39.0,17.0,13.0
13-01764794,60646.0,45.0,16.0,12.0
13-01760964,60646.0,45.0,16.0,12.0
13-01754053,60646.0,39.0,17.0,13.0
13-01748222,60646.0,39.0,17.0,13.0
13-01748210,60646.0,39.0,17.0,13.0
13-01740111,60646.0,41.0,16.0,12.0
13-01732999,60646.0,39.0,17.0,13.0
13-01735335,60646.0,45.0,16.0,12.0
13-01732698,60646.0,39.0,17.0,12.0
13-01725076,60646.0,39.0,17.0,13.0
13-01721665,60646.0,39.0,17.0,12.0
13-01721659,60646.0,39.0,17.0,12.0
13-01721662,60646.0,39.0,17.0,12.0
13-01721202,60646.0,41.0,16.0,12.0
13-01721110,60646.0,41.0,16.0,12.0
13-01715186,60646.0,39.0,17.0,13.0
13-01713369,60646.0,45.0,16.0,12.0
13-01711995,60646.0,39.0,16.0,12.0
13-01711412,60646.0,45.0,16.0,12.0
13-01696400,60646.0,45.0,16.0,12.0
13-01693425,60646.0,39.0,17.0,12.0
13-01683604,60646.0,45.0,16.0,11.0
13-01677863,60646.0,45.0,16.0,12.0
13-01677899,60646.0,45.0,16.0,12.0
13-01677912,60646.0,45.0,16.0,12.0
13-01677920,60646.0,45.0,16.0,12.0
14-00419341,60646.0,41.0,16.0,12.0
13-01671506,60646.0,45.0,16.0,11.0
13-01667180,60646.0,45.0,16.0,10.0
13-01570147,60646.0,45.0,16.0,11.0
13-01567733,60646.0,45.0,16.0,11.0
13-01570143,60646.0,39.0,17.0,13.0
13-01570054,60646.0,39.0,17.0,13.0
13-01552153,60646.0,39.0,17.0,13.0
13-01552198,60646.0,45.0,16.0,11.0
13-01551793,60646.0,39.0,17.0,13.0
13-01551805,60646.0,39.0,17.0,13.0
13-01551825,60646.0,39.0,17.0,13.0
13-01551813,60646.0,39.0,17.0,13.0
13-01550355,60646.0,45.0,16.0,11.0
13-01547185,60646.0,45.0,16.0,11.0
13-01549082,60646.0,39.0,17.0,13.0
13-01539022,60646.0,45.0,16.0,11.0
13-01541614,60646.0,39.0,17.0,12.0
13-01539556,60646.0,39.0,17.0,13.0
13-01536751,60646.0,39.0,17.0,13.0
13-01539481,60646.0,39.0,17.0,12.0
13-01540635,60646.0,39.0,17.0,13.0
13-01532764,60646.0,39.0,17.0,12.0
13-01530042,60646.0,45.0,16.0,11.0
13-01530423,60646.0,39.0,17.0,12.0
13-01471343,60646.0,39.0,17.0,12.0
13-01464657,60646.0,39.0,17.0,13.0
13-01452465,60646.0,39.0,17.0,13.0
13-01441486,60646.0,41.0,16.0,12.0
13-01386230,60646.0,45.0,16.0,11.0
13-01388532,60646.0,39.0,17.0,12.0
13-01358209,60646.0,39.0,17.0,13.0
13-01358163,60646.0,39.0,17.0,13.0
13-01347244,60646.0,45.0,16.0,11.0
13-01346988,60646.0,45.0,16.0,11.0
13-01347078,60646.0,45.0,16.0,11.0
13-01339387,60646.0,39.0,17.0,13.0
13-01331235,60646.0,45.0,16.0,11.0
13-01329060,60646.0,45.0,16.0,11.0
13-01315534,60646.0,45.0,16.0,11.0
13-01307282,60646.0,39.0,17.0,13.0
13-01307913,60646.0,45.0,16.0,11.0
13-01298438,60646.0,45.0,16.0,11.0
13-01303507,60646.0,39.0,17.0,12.0
13-01267991,60646.0,45.0,16.0,11.0
13-01260006,60646.0,45.0,16.0,11.0
13-01272402,60646.0,39.0,17.0,13.0
13-01272429,60646.0,39.0,17.0,13.0
13-01232345,60646.0,45.0,16.0,11.0
13-01222076,60646.0,45.0,16.0,11.0
13-01221705,60646.0,45.0,16.0,12.0
13-01201524,60646.0,45.0,16.0,10.0
13-01206661,60646.0,39.0,17.0,12.0
13-01205922,60646.0,45.0,16.0,12.0
13-01198046,60646.0,39.0,17.0,13.0
13-01194895,60646.0,39.0,17.0,12.0
13-01198648,60646.0,45.0,16.0,11.0
13-01194985,60646.0,39.0,17.0,13.0
13-01188604,60646.0,45.0,16.0,11.0
13-01187651,60646.0,45.0,16.0,11.0
13-01182260,60646.0,45.0,16.0,11.0
13-01171033,60646.0,45.0,16.0,11.0
13-01169064,60646.0,45.0,16.0,11.0
13-01169484,60646.0,45.0,16.0,11.0
13-01164614,60646.0,45.0,16.0,11.0
13-01158850,60646.0,45.0,16.0,11.0
13-01164624,60646.0,45.0,16.0,11.0
13-01159019,60646.0,45.0,16.0,11.0
13-01151052,60646.0,45.0,16.0,11.0
13-01149079,60646.0,39.0,17.0,13.0
13-01147588,60646.0,39.0,17.0,12.0
13-01126793,60646.0,39.0,17.0,12.0
13-01083242,60646.0,39.0,17.0,13.0
13-01079634,60646.0,45.0,16.0,11.0
13-01063134,60646.0,45.0,16.0,11.0
13-01052732,60646.0,41.0,16.0,12.0
13-01053461,60646.0,39.0,17.0,13.0
13-01039283,60646.0,39.0,17.0,13.0
13-01041842,60646.0,39.0,17.0,13.0
13-01036735,60646.0,45.0,16.0,11.0
13-01030988,60646.0,45.0,16.0,11.0
13-01019252,60646.0,45.0,16.0,10.0
13-00991446,60646.0,45.0,16.0,11.0
13-00983190,60646.0,39.0,17.0,12.0
13-00942883,60646.0,39.0,17.0,12.0
13-00910638,60646.0,39.0,17.0,13.0
13-00908225,60646.0,39.0,17.0,12.0
13-00883554,60646.0,41.0,16.0,12.0
13-00866706,60646.0,45.0,16.0,10.0
13-00866828,60646.0,41.0,16.0,10.0
13-00866791,60646.0,45.0,16.0,10.0
13-00837631,60646.0,39.0,17.0,12.0
13-00828201,60646.0,41.0,16.0,10.0
13-00822553,60646.0,45.0,16.0,12.0
13-00824072,60646.0,39.0,17.0,12.0
13-00818524,60646.0,39.0,17.0,12.0
13-00822604,60646.0,45.0,16.0,12.0
13-00806077,60646.0,39.0,17.0,12.0
13-00691595,60646.0,39.0,17.0,12.0
13-00652434,60646.0,39.0,17.0,13.0
13-00638967,60646.0,45.0,16.0,10.0
13-00622535,60646.0,41.0,16.0,10.0
13-00624697,60646.0,39.0,17.0,13.0
13-00619501,60646.0,41.0,16.0,10.0
13-00619508,60646.0,41.0,16.0,10.0
13-00606030,60646.0,39.0,17.0,13.0
13-00603870,60646.0,45.0,16.0,10.0
13-00580578,60646.0,41.0,16.0,10.0
13-00580075,60646.0,39.0,17.0,13.0
13-00567514,60646.0,39.0,17.0,13.0
13-00566984,60646.0,39.0,17.0,13.0
13-00567015,60646.0,39.0,17.0,13.0
13-00564806,60646.0,45.0,16.0,10.0
13-00564908,60646.0,45.0,16.0,10.0
13-00543057,60646.0,39.0,17.0,12.0
13-00526448,60646.0,41.0,16.0,10.0
13-00531592,60646.0,45.0,16.0,11.0
13-00514575,60646.0,45.0,16.0,10.0
13-00518867,60646.0,41.0,16.0,12.0
13-00513370,60646.0,41.0,16.0,12.0
13-00482150,60646.0,39.0,17.0,13.0
13-00486198,60646.0,45.0,16.0,11.0
13-00486202,60646.0,45.0,16.0,10.0
13-00486184,60646.0,45.0,16.0,11.0
13-00486217,60646.0,45.0,16.0,10.0
13-00486237,60646.0,45.0,16.0,10.0
13-00486300,60646.0,45.0,16.0,11.0
13-00472217,60646.0,41.0,16.0,12.0
13-00474374,60646.0,41.0,16.0,10.0
13-00460923,60646.0,45.0,16.0,12.0
13-00439511,60646.0,45.0,16.0,12.0
13-00441798,60646.0,39.0,17.0,12.0
13-00425268,60646.0,45.0,16.0,10.0
13-00419999,60646.0,45.0,16.0,12.0
13-00398404,60646.0,41.0,16.0,12.0
13-00367297,60646.0,45.0,16.0,10.0
13-00370124,60646.0,39.0,17.0,13.0
13-00355625,60646.0,45.0,16.0,10.0
13-00348456,60646.0,39.0,17.0,13.0
13-00348544,60646.0,39.0,17.0,13.0
13-00330891,60646.0,45.0,16.0,11.0
13-00330881,60646.0,45.0,16.0,10.0
13-00330856,60646.0,45.0,16.0,10.0
13-00323579,60646.0,41.0,16.0,12.0
13-00326610,60646.0,45.0,16.0,10.0
13-00314951,60646.0,41.0,16.0,12.0
13-00308268,60646.0,39.0,17.0,12.0
13-00308271,60646.0,45.0,16.0,12.0
13-00301528,60646.0,45.0,16.0,11.0
13-00295633,60646.0,45.0,16.0,11.0
13-00253379,60646.0,39.0,16.0,12.0
13-00244259,60646.0,45.0,16.0,10.0
13-00242692,60646.0,39.0,16.0,12.0
13-00225087,60646.0,45.0,16.0,10.0
13-00218889,60646.0,39.0,17.0,13.0
13-00220953,60646.0,39.0,17.0,12.0
13-00211333,60646.0,45.0,16.0,10.0
13-00164578,60646.0,45.0,16.0,10.0
13-00153689,60646.0,45.0,16.0,10.0
13-00140825,60646.0,39.0,16.0,12.0
13-00127440,60646.0,39.0,17.0,13.0
13-00107712,60646.0,45.0,16.0,10.0
13-00109889,60646.0,41.0,16.0,10.0
13-00050650,60646.0,45.0,16.0,10.0
13-00036254,60646.0,45.0,16.0,10.0
13-00028708,60646.0,39.0,16.0,12.0
13-00028715,60646.0,39.0,17.0,12.0
13-00022325,60646.0,39.0,17.0,12.0
13-00015405,60646.0,45.0,16.0,10.0
12-02056508,60646.0,39.0,17.0,12.0
12-02055936,60646.0,45.0,16.0,10.0
12-02055948,60646.0,45.0,16.0,10.0
12-02046792,60646.0,45.0,16.0,11.0
12-02049067,60646.0,45.0,16.0,12.0
12-02041687,60646.0,45.0,16.0,10.0
12-02026223,60646.0,45.0,16.0,10.0
12-02023053,60646.0,45.0,16.0,11.0
12-02012469,60646.0,45.0,16.0,10.0
12-02009505,60646.0,39.0,17.0,12.0
12-02007908,60646.0,39.0,17.0,12.0
12-02006555,60646.0,39.0,17.0,12.0
12-02008316,60646.0,45.0,16.0,10.0
12-02009307,60646.0,41.0,16.0,12.0
12-02006906,60646.0,39.0,17.0,13.0
12-02003167,60646.0,45.0,16.0,10.0
12-01996456,60646.0,45.0,16.0,10.0
12-01969909,60646.0,45.0,16.0,10.0
12-01960726,60646.0,45.0,16.0,11.0
12-01956692,60646.0,45.0,16.0,10.0
12-01957290,60646.0,45.0,16.0,10.0
12-01959558,60646.0,45.0,16.0,10.0
12-01939058,60646.0,45.0,16.0,10.0
12-01939049,60646.0,45.0,16.0,10.0
12-01939042,60646.0,45.0,16.0,10.0
12-01933734,60646.0,45.0,16.0,10.0
12-01934797,60646.0,45.0,16.0,10.0
12-01927544,60646.0,41.0,16.0,12.0
12-01928763,60646.0,45.0,16.0,10.0
12-01931569,60646.0,45.0,16.0,10.0
12-01931352,60646.0,39.0,17.0,12.0
12-01928482,60646.0,41.0,16.0,12.0
12-01927550,60646.0,41.0,16.0,12.0
12-01926504,60646.0,39.0,17.0,12.0
12-01925941,60646.0,45.0,16.0,10.0
12-01919624,60646.0,41.0,16.0,12.0
12-01918001,60646.0,41.0,16.0,12.0
12-01915165,60646.0,45.0,16.0,10.0
12-01915176,60646.0,45.0,16.0,10.0
12-01914291,60646.0,45.0,16.0,10.0
12-01910625,60646.0,45.0,16.0,10.0
12-01908534,60646.0,45.0,16.0,10.0
12-01908510,60646.0,45.0,16.0,10.0
12-01909866,60646.0,45.0,16.0,10.0
12-01908541,60646.0,45.0,16.0,10.0
12-01907170,60646.0,45.0,16.0,10.0
12-01902413,60646.0,45.0,16.0,11.0
12-01901498,60646.0,45.0,16.0,10.0
12-01901470,60646.0,45.0,16.0,10.0
12-01902350,60646.0,45.0,16.0,10.0
12-01901944,60646.0,45.0,16.0,10.0
12-01904531,60646.0,45.0,16.0,10.0
12-01904528,60646.0,45.0,16.0,10.0
12-01897404,60646.0,41.0,16.0,12.0
12-01894266,60646.0,45.0,16.0,12.0
12-01886497,60646.0,45.0,16.0,11.0
12-01878476,60646.0,39.0,16.0,12.0
12-01870768,60646.0,45.0,16.0,11.0
12-01870788,60646.0,45.0,16.0,11.0
12-01859092,60646.0,45.0,16.0,12.0
12-01852055,60646.0,39.0,16.0,12.0
12-01852058,60646.0,39.0,17.0,12.0
12-01852136,60646.0,41.0,16.0,10.0
12-01850888,60646.0,45.0,16.0,11.0
12-01850887,60646.0,45.0,16.0,11.0
12-01849329,60646.0,45.0,16.0,11.0
12-01846118,60646.0,45.0,16.0,11.0
12-01846142,60646.0,45.0,16.0,11.0
12-01846320,60646.0,45.0,16.0,11.0
12-01841581,60646.0,41.0,16.0,12.0
12-01839256,60646.0,45.0,16.0,11.0
12-01831830,60646.0,45.0,16.0,11.0
12-01825893,60646.0,45.0,16.0,11.0
12-01820043,60646.0,41.0,16.0,12.0
12-01818638,60646.0,45.0,16.0,10.0
12-01818632,60646.0,45.0,16.0,10.0
12-01818656,60646.0,45.0,16.0,10.0
12-01818680,60646.0,45.0,16.0,10.0
12-01805721,60646.0,41.0,16.0,12.0
12-01807201,60646.0,45.0,16.0,10.0
12-01800806,60646.0,45.0,16.0,10.0
12-01799267,60646.0,45.0,16.0,10.0
12-01801633,60646.0,45.0,16.0,10.0
12-01800063,60646.0,41.0,16.0,12.0
12-01801640,60646.0,45.0,16.0,10.0
12-01797561,60646.0,45.0,16.0,10.0
12-01784619,60646.0,45.0,16.0,11.0
12-01779361,60646.0,41.0,16.0,12.0
12-01779100,60646.0,39.0,17.0,12.0
12-01767762,60646.0,41.0,16.0,12.0
12-01758966,60646.0,41.0,16.0,12.0
12-01752289,60646.0,45.0,16.0,11.0
12-01740175,60646.0,45.0,16.0,10.0
12-01725130,60646.0,39.0,17.0,12.0
12-01714576,60646.0,39.0,17.0,13.0
12-01704874,60646.0,45.0,16.0,10.0
12-01705166,60646.0,39.0,17.0,13.0
12-01693143,60646.0,45.0,16.0,11.0
12-01691779,60646.0,39.0,17.0,12.0
12-01691904,60646.0,39.0,17.0,13.0
12-01694183,60646.0,45.0,16.0,11.0
12-01673148,60646.0,39.0,17.0,12.0
12-01672675,60646.0,41.0,16.0,12.0
12-01672688,60646.0,41.0,16.0,12.0
12-01657907,60646.0,41.0,16.0,12.0
12-01645231,60646.0,45.0,16.0,12.0
12-01646314,60646.0,41.0,16.0,12.0
12-01639746,60646.0,39.0,17.0,12.0
12-01632700,60646.0,41.0,16.0,12.0
12-01625612,60646.0,39.0,17.0,13.0
12-01627637,60646.0,39.0,17.0,13.0
12-01596504,60646.0,39.0,17.0,13.0
12-01587944,60646.0,39.0,17.0,12.0
12-01588586,60646.0,45.0,16.0,11.0
12-01580282,60646.0,39.0,17.0,12.0
12-01571214,60646.0,45.0,16.0,10.0
12-01562840,60646.0,39.0,17.0,12.0
12-01544446,60646.0,39.0,17.0,12.0
12-01539182,60646.0,45.0,16.0,10.0
12-01531881,60646.0,39.0,17.0,12.0
12-01514677,60646.0,39.0,17.0,12.0
12-01513376,60646.0,45.0,16.0,11.0
12-01511131,60646.0,45.0,16.0,12.0
12-01486932,60646.0,41.0,16.0,12.0
12-01485127,60646.0,39.0,17.0,12.0
12-01485126,60646.0,39.0,17.0,12.0
12-01478180,60646.0,39.0,17.0,12.0
12-01471004,60646.0,45.0,16.0,12.0
12-01468396,60646.0,45.0,16.0,11.0
12-01455510,60646.0,39.0,17.0,12.0
12-01386533,60646.0,45.0,16.0,10.0
12-01379044,60646.0,39.0,17.0,12.0
12-01371279,60646.0,45.0,16.0,11.0
12-01368810,60646.0,45.0,16.0,11.0
12-01359958,60646.0,45.0,16.0,12.0
12-01357167,60646.0,39.0,17.0,12.0
12-01355474,60646.0,39.0,17.0,12.0
12-01350910,60646.0,45.0,16.0,11.0
12-01326912,60646.0,45.0,16.0,10.0
12-01326907,60646.0,45.0,16.0,10.0
12-01326905,60646.0,45.0,16.0,10.0
12-01326898,60646.0,45.0,16.0,10.0
12-01307658,60646.0,39.0,17.0,12.0
12-01306787,60646.0,45.0,16.0,10.0
12-01306783,60646.0,45.0,16.0,10.0
12-01306037,60646.0,39.0,17.0,12.0
12-01306791,60646.0,45.0,16.0,10.0
12-01303777,60646.0,39.0,17.0,12.0
12-01296424,60646.0,45.0,16.0,10.0
12-01296562,60646.0,45.0,16.0,10.0
12-01302944,60646.0,45.0,16.0,10.0
12-01296413,60646.0,45.0,16.0,11.0
12-01295542,60646.0,39.0,17.0,13.0
12-01290079,60646.0,39.0,17.0,12.0
12-01293946,60646.0,39.0,17.0,13.0
12-01292740,60646.0,45.0,16.0,10.0
12-01295203,60646.0,39.0,17.0,12.0
12-01294305,60646.0,45.0,16.0,10.0
12-01291134,60646.0,45.0,16.0,11.0
12-01294302,60646.0,45.0,16.0,10.0
12-01293904,60646.0,39.0,17.0,13.0
12-01284182,60646.0,39.0,17.0,13.0
12-01283553,60646.0,39.0,17.0,12.0
12-01281694,60646.0,45.0,16.0,10.0
12-01281679,60646.0,45.0,16.0,10.0
12-01282496,60646.0,45.0,16.0,10.0
12-01282510,60646.0,45.0,16.0,10.0
12-01284966,60646.0,45.0,16.0,10.0
12-01284257,60646.0,39.0,17.0,13.0
12-01283433,60646.0,45.0,16.0,10.0
12-01286380,60646.0,39.0,17.0,12.0
12-01284291,60646.0,39.0,17.0,13.0
12-01284282,60646.0,39.0,17.0,13.0
12-01282641,60646.0,39.0,17.0,13.0
12-01271494,60646.0,39.0,17.0,12.0
12-01273515,60646.0,39.0,17.0,12.0
12-01272637,60646.0,45.0,16.0,11.0
12-01263706,60646.0,45.0,16.0,10.0
12-01263671,60646.0,45.0,16.0,10.0
12-01259297,60646.0,45.0,16.0,11.0
12-01259367,60646.0,39.0,17.0,13.0
12-01258602,60646.0,45.0,16.0,10.0
12-01258601,60646.0,45.0,16.0,10.0
12-01255434,60646.0,39.0,17.0,13.0
12-01253731,60646.0,39.0,17.0,13.0
12-01251607,60646.0,39.0,17.0,13.0
12-01255415,60646.0,39.0,17.0,13.0
12-01257361,60646.0,39.0,17.0,13.0
12-01257333,60646.0,39.0,17.0,13.0
12-01254682,60646.0,39.0,17.0,13.0
12-01255391,60646.0,39.0,17.0,13.0
12-01257344,60646.0,39.0,17.0,13.0
12-01250307,60646.0,39.0,17.0,12.0
12-01250233,60646.0,39.0,17.0,12.0
12-01219478,60646.0,39.0,17.0,12.0
12-01202810,60646.0,45.0,16.0,12.0
12-01193752,60646.0,41.0,16.0,10.0
12-01193753,60646.0,41.0,16.0,10.0
12-01192129,60646.0,41.0,16.0,12.0
12-01182320,60646.0,41.0,16.0,12.0
12-01187135,60646.0,39.0,17.0,12.0
12-01178232,60646.0,41.0,16.0,12.0
12-01152570,60646.0,45.0,16.0,11.0
12-01139040,60646.0,39.0,17.0,12.0
12-01141994,60646.0,45.0,16.0,11.0
12-01128181,60646.0,45.0,16.0,10.0
12-01128321,60646.0,45.0,16.0,10.0
12-01128337,60646.0,45.0,16.0,10.0
12-01121942,60646.0,45.0,16.0,10.0
12-01125074,60646.0,45.0,16.0,10.0
12-01116806,60646.0,45.0,16.0,12.0
12-01109637,60646.0,45.0,16.0,10.0
12-01105906,60646.0,39.0,17.0,12.0
12-01110884,60646.0,39.0,17.0,12.0
12-01101292,60646.0,45.0,16.0,10.0
12-01098780,60646.0,45.0,16.0,12.0
12-01084965,60646.0,45.0,16.0,12.0
12-01085331,60646.0,45.0,16.0,10.0
12-01074111,60646.0,45.0,16.0,10.0
12-01062543,60646.0,41.0,16.0,12.0
12-01032190,60646.0,39.0,17.0,12.0
12-01022560,60646.0,45.0,16.0,12.0
12-01024180,60646.0,45.0,16.0,10.0
12-01024171,60646.0,45.0,16.0,10.0
12-01014979,60646.0,45.0,16.0,10.0
12-01015276,60646.0,39.0,17.0,12.0
12-01008075,60646.0,39.0,17.0,13.0
12-00997083,60646.0,45.0,16.0,10.0
12-01001751,60646.0,45.0,16.0,12.0
12-00989716,60646.0,45.0,16.0,12.0
12-00982715,60646.0,45.0,16.0,12.0
12-00980764,60646.0,39.0,17.0,13.0
12-00979515,60646.0,45.0,16.0,10.0
12-00976237,60646.0,39.0,17.0,13.0
12-00972115,60646.0,45.0,16.0,10.0
12-00965929,60646.0,39.0,17.0,12.0
12-00958847,60646.0,45.0,16.0,10.0
12-00959117,60646.0,45.0,16.0,11.0
12-00946720,60646.0,45.0,16.0,12.0
12-00909565,60646.0,41.0,16.0,12.0
12-00909558,60646.0,45.0,16.0,10.0
12-00908438,60646.0,45.0,16.0,10.0
12-00905349,60646.0,45.0,16.0,10.0
12-00903641,60646.0,39.0,17.0,12.0
12-00906131,60646.0,45.0,16.0,10.0
12-00904384,60646.0,45.0,16.0,10.0
12-00896677,60646.0,45.0,16.0,11.0
12-00898421,60646.0,45.0,16.0,11.0
12-00888682,60646.0,41.0,16.0,10.0
12-00888684,60646.0,45.0,16.0,10.0
12-00888689,60646.0,45.0,16.0,10.0
12-00888685,60646.0,45.0,16.0,10.0
12-00888688,60646.0,45.0,16.0,10.0
12-00888683,60646.0,45.0,16.0,10.0
12-00895335,60646.0,45.0,16.0,10.0
12-00890908,60646.0,45.0,16.0,11.0
12-00888687,60646.0,45.0,16.0,10.0
12-00890115,60646.0,45.0,16.0,10.0
12-00874846,60646.0,45.0,16.0,10.0
12-00874842,60646.0,45.0,16.0,10.0
12-00874840,60646.0,45.0,16.0,10.0
12-00874972,60646.0,45.0,16.0,11.0
12-00874986,60646.0,45.0,16.0,10.0
12-00874980,60646.0,45.0,16.0,10.0
12-00874975,60646.0,45.0,16.0,10.0
12-00876717,60646.0,45.0,16.0,10.0
12-00876727,60646.0,41.0,16.0,10.0
12-00878740,60646.0,45.0,16.0,10.0
12-00856003,60646.0,39.0,17.0,12.0
12-00848416,60646.0,45.0,16.0,10.0
12-00831810,60646.0,45.0,16.0,10.0
12-00831808,60646.0,45.0,16.0,10.0
12-00831364,60646.0,45.0,16.0,11.0
12-00814611,60646.0,45.0,16.0,10.0
12-00813152,60646.0,45.0,16.0,10.0
12-00806223,60646.0,41.0,16.0,12.0
12-00800337,60646.0,45.0,16.0,10.0
12-00798095,60646.0,39.0,17.0,13.0
12-00798092,60646.0,39.0,17.0,13.0
12-00788585,60646.0,45.0,16.0,10.0
12-00788598,60646.0,45.0,16.0,10.0
12-00788631,60646.0,45.0,16.0,10.0
12-00788615,60646.0,45.0,16.0,10.0
12-00783482,60646.0,39.0,16.0,12.0
12-00783895,60646.0,45.0,16.0,11.0
12-00778099,60646.0,45.0,16.0,10.0
12-00767618,60646.0,45.0,16.0,10.0
12-00769100,60646.0,45.0,16.0,10.0
12-00771970,60646.0,45.0,16.0,10.0
12-00760069,60646.0,39.0,17.0,13.0
12-00759987,60646.0,39.0,17.0,13.0
12-00751473,60646.0,41.0,16.0,10.0
12-00743323,60646.0,45.0,16.0,10.0
12-00724684,60646.0,39.0,17.0,13.0
12-00713237,60646.0,45.0,16.0,12.0
12-00697959,60646.0,45.0,16.0,10.0
12-00697955,60646.0,45.0,16.0,10.0
12-00697952,60646.0,45.0,16.0,10.0
12-00693308,60646.0,45.0,16.0,10.0
12-00698394,60646.0,41.0,16.0,12.0
12-00692297,60646.0,45.0,16.0,10.0
12-00682238,60646.0,45.0,16.0,10.0
12-00684111,60646.0,45.0,16.0,10.0
12-00684041,60646.0,45.0,16.0,10.0
12-00685092,60646.0,45.0,16.0,10.0
12-00679778,60646.0,41.0,16.0,10.0
12-00675293,60646.0,45.0,16.0,10.0
12-00674832,60646.0,45.0,16.0,10.0
12-00679811,60646.0,39.0,17.0,13.0
12-00675451,60646.0,45.0,16.0,11.0
12-00670529,60646.0,45.0,16.0,10.0
12-00670294,60646.0,45.0,16.0,10.0
12-00667352,60646.0,41.0,16.0,10.0
12-00671594,60646.0,45.0,16.0,10.0
12-00669352,60646.0,45.0,16.0,10.0
12-00667726,60646.0,41.0,16.0,10.0
12-00667953,60646.0,45.0,16.0,10.0
12-00664633,60646.0,45.0,16.0,10.0
12-00664629,60646.0,45.0,16.0,10.0
12-00660245,60646.0,39.0,17.0,13.0
12-00660189,60646.0,39.0,17.0,13.0
12-00656462,60646.0,45.0,16.0,10.0
12-00654313,60646.0,45.0,16.0,10.0
12-00653931,60646.0,45.0,16.0,10.0
12-00650768,60646.0,39.0,17.0,13.0
12-00651556,60646.0,45.0,16.0,11.0
12-00651773,60646.0,45.0,16.0,10.0
12-00650624,60646.0,39.0,17.0,13.0
12-00643800,60646.0,39.0,17.0,13.0
12-00638394,60646.0,45.0,16.0,10.0
12-00638911,60646.0,45.0,16.0,10.0
12-00632952,60646.0,45.0,16.0,10.0
12-00636325,60646.0,39.0,17.0,13.0
12-00633445,60646.0,45.0,16.0,10.0
12-00631117,60646.0,41.0,16.0,10.0
12-00631097,60646.0,39.0,17.0,13.0
12-00631113,60646.0,45.0,16.0,10.0
12-00629002,60646.0,45.0,16.0,10.0
12-00629367,60646.0,45.0,16.0,10.0
12-00625702,60646.0,45.0,16.0,10.0
12-00613348,60646.0,39.0,17.0,13.0
12-00603724,60646.0,41.0,16.0,12.0
12-00604625,60646.0,45.0,16.0,10.0
12-00600494,60646.0,39.0,17.0,13.0
12-00599840,60646.0,45.0,16.0,10.0
12-00601973,60646.0,39.0,17.0,13.0
12-00601047,60646.0,41.0,16.0,10.0
12-00601530,60646.0,45.0,16.0,10.0
12-00601532,60646.0,45.0,16.0,10.0
12-00600660,60646.0,39.0,17.0,12.0
12-00600685,60646.0,39.0,17.0,12.0
12-00594991,60646.0,41.0,16.0,10.0
12-00593862,60646.0,45.0,16.0,10.0
12-00588354,60646.0,39.0,17.0,12.0
12-00591190,60646.0,41.0,16.0,10.0
12-00589748,60646.0,45.0,16.0,10.0
12-00588269,60646.0,39.0,17.0,12.0
12-00581675,60646.0,45.0,16.0,10.0
12-00584938,60646.0,45.0,16.0,10.0
12-00574218,60646.0,45.0,16.0,10.0
12-00546761,60646.0,45.0,16.0,10.0
12-00547036,60646.0,45.0,16.0,12.0
12-00547988,60646.0,45.0,16.0,10.0
12-00548130,60646.0,45.0,16.0,10.0
12-00536691,60646.0,45.0,16.0,10.0
12-00337441,60646.0,45.0,16.0,10.0
12-00221874,60646.0,45.0,16.0,10.0
12-00219097,60646.0,45.0,16.0,10.0
12-00219079,60646.0,45.0,16.0,10.0
12-00212005,60646.0,45.0,16.0,10.0
12-00180864,60646.0,45.0,16.0,11.0
12-00179199,60646.0,45.0,16.0,11.0
12-00165725,60646.0,39.0,17.0,13.0
12-00162549,60646.0,39.0,17.0,12.0
12-00151535,60646.0,41.0,16.0,10.0
12-00155767,60646.0,45.0,16.0,12.0
12-00140622,60646.0,45.0,16.0,12.0
12-00120968,60646.0,45.0,16.0,12.0
12-00108573,60646.0,41.0,16.0,12.0
12-00098580,60646.0,45.0,16.0,12.0
12-00098607,60646.0,45.0,16.0,12.0
12-00093435,60646.0,39.0,17.0,13.0
12-00088088,60646.0,45.0,16.0,10.0
12-00088140,60646.0,41.0,16.0,12.0
12-00081080,60646.0,45.0,16.0,12.0
12-00076858,60646.0,45.0,16.0,12.0
12-00073102,60646.0,41.0,16.0,12.0
12-00069477,60646.0,45.0,16.0,12.0
12-00073592,60646.0,45.0,16.0,12.0
12-00063568,60646.0,45.0,16.0,12.0
12-00063899,60646.0,45.0,16.0,10.0
12-00055676,60646.0,39.0,17.0,12.0
12-00055699,60646.0,39.0,17.0,12.0
12-00026611,60646.0,41.0,16.0,10.0
12-00015344,60646.0,39.0,17.0,12.0
12-00015357,60646.0,39.0,17.0,12.0
12-00005592,60646.0,39.0,16.0,12.0
12-00005321,60646.0,39.0,16.0,12.0
12-00004237,60646.0,41.0,16.0,10.0
11-04306244,60646.0,39.0,17.0,13.0
11-04305109,60646.0,45.0,16.0,12.0
11-04297823,60646.0,45.0,16.0,10.0
11-04297752,60646.0,45.0,16.0,10.0
11-04296693,60646.0,41.0,16.0,10.0
11-04294653,60646.0,39.0,17.0,13.0
11-04289707,60646.0,39.0,17.0,13.0
11-04281703,60646.0,45.0,16.0,10.0
11-04227445,60646.0,45.0,16.0,10.0
11-04227521,60646.0,45.0,16.0,10.0
11-04227465,60646.0,45.0,16.0,10.0
11-04227543,60646.0,45.0,16.0,10.0
11-04227568,60646.0,45.0,16.0,10.0
11-04221595,60646.0,39.0,17.0,12.0
11-04218906,60646.0,39.0,17.0,13.0
11-04207782,60646.0,39.0,16.0,12.0
11-04209391,60646.0,45.0,16.0,10.0
11-04209386,60646.0,45.0,16.0,10.0
11-04209366,60646.0,45.0,16.0,10.0
11-04209382,60646.0,45.0,16.0,10.0
11-04209375,60646.0,45.0,16.0,10.0
11-04197506,60646.0,45.0,16.0,10.0
11-04189785,60646.0,45.0,16.0,10.0
11-04186239,60646.0,45.0,16.0,10.0
11-04186485,60646.0,45.0,16.0,10.0
11-04186718,60646.0,45.0,16.0,10.0
11-04187645,60646.0,45.0,16.0,10.0
11-04178728,60646.0,45.0,16.0,10.0
11-04179918,60646.0,45.0,16.0,10.0
11-04181385,60646.0,45.0,16.0,10.0
11-04184668,60646.0,45.0,16.0,10.0
11-04184563,60646.0,45.0,16.0,10.0
11-04183319,60646.0,45.0,16.0,10.0
11-04171004,60646.0,45.0,16.0,11.0
11-04167796,60646.0,45.0,16.0,10.0
11-04161506,60646.0,45.0,16.0,10.0
11-04159839,60646.0,39.0,17.0,13.0
11-04156810,60646.0,41.0,16.0,12.0
11-04152097,60646.0,39.0,17.0,13.0
11-04150465,60646.0,39.0,16.0,12.0
11-04138788,60646.0,39.0,17.0,12.0
11-04112899,60646.0,39.0,17.0,13.0
11-04106221,60646.0,39.0,17.0,13.0
11-04105559,60646.0,39.0,17.0,13.0
11-04105548,60646.0,39.0,17.0,13.0
11-04091970,60646.0,39.0,17.0,13.0
11-04086009,60646.0,41.0,16.0,10.0
11-04087059,60646.0,45.0,16.0,10.0
11-04084050,60646.0,45.0,16.0,10.0
11-04079681,60646.0,45.0,16.0,10.0
11-04069942,60646.0,45.0,16.0,11.0
11-04069140,60646.0,45.0,16.0,11.0
11-04072146,60646.0,45.0,16.0,11.0
11-04059639,60646.0,41.0,16.0,10.0
11-04056166,60646.0,41.0,16.0,10.0
11-04056168,60646.0,41.0,16.0,12.0
11-04056441,60646.0,45.0,16.0,10.0
11-04042524,60646.0,41.0,16.0,10.0
11-04042515,60646.0,41.0,16.0,10.0
11-04038943,60646.0,41.0,16.0,10.0
11-04035983,60646.0,41.0,16.0,12.0
11-04032744,60646.0,45.0,16.0,10.0
11-04032766,60646.0,45.0,16.0,10.0
11-04035554,60646.0,39.0,17.0,13.0
11-04029996,60646.0,45.0,16.0,10.0
11-04017326,60646.0,45.0,16.0,10.0
11-04017330,60646.0,45.0,16.0,10.0
11-04017323,60646.0,45.0,16.0,10.0
11-04010813,60646.0,45.0,16.0,11.0
11-04011848,60646.0,45.0,16.0,10.0
11-04012133,60646.0,45.0,16.0,10.0
11-04002386,60646.0,45.0,16.0,10.0
11-04005165,60646.0,45.0,16.0,11.0
11-04003249,60646.0,45.0,16.0,10.0
11-03995831,60646.0,45.0,16.0,11.0
11-03923487,60646.0,45.0,16.0,11.0
11-03909805,60646.0,45.0,16.0,10.0
11-03909784,60646.0,45.0,16.0,11.0
11-03909894,60646.0,45.0,16.0,10.0
11-03909824,60646.0,45.0,16.0,10.0
11-03913100,60646.0,45.0,16.0,10.0
11-03887778,60646.0,45.0,16.0,12.0
11-03865635,60646.0,45.0,16.0,11.0
11-03865978,60646.0,45.0,16.0,10.0
11-03857068,60646.0,45.0,16.0,11.0
11-03857075,60646.0,45.0,16.0,11.0
11-03847457,60646.0,39.0,17.0,12.0
11-03847423,60646.0,39.0,17.0,12.0
11-03837568,60646.0,45.0,16.0,12.0
11-03816052,60646.0,45.0,16.0,12.0
11-03798317,60646.0,45.0,16.0,12.0
11-03800058,60646.0,45.0,16.0,10.0
11-03761591,60646.0,41.0,16.0,10.0
11-03759239,60646.0,45.0,16.0,11.0
11-03746383,60646.0,45.0,16.0,12.0
11-03734687,60646.0,45.0,16.0,12.0
11-03744810,60646.0,41.0,16.0,12.0
11-03723332,60646.0,45.0,16.0,11.0
11-03729585,60646.0,45.0,16.0,11.0
11-03721912,60646.0,45.0,16.0,11.0
11-03712102,60646.0,45.0,16.0,11.0
11-03704800,60646.0,45.0,16.0,11.0
11-03704649,60646.0,45.0,16.0,11.0
11-03686252,60646.0,39.0,17.0,13.0
11-03681269,60646.0,39.0,17.0,13.0
11-03645083,60646.0,41.0,16.0,12.0
11-03643177,60646.0,45.0,16.0,11.0
11-03633766,60646.0,41.0,16.0,12.0
11-03634742,60646.0,45.0,16.0,12.0
11-03632537,60646.0,39.0,17.0,13.0
11-03628526,60646.0,39.0,17.0,12.0
11-03627327,60646.0,45.0,16.0,10.0
11-03590550,60646.0,45.0,16.0,10.0
11-03575910,60646.0,41.0,16.0,10.0
11-03535962,60646.0,45.0,16.0,10.0
11-03537056,60646.0,45.0,16.0,10.0
11-03530474,60646.0,39.0,17.0,12.0
11-03504437,60646.0,41.0,16.0,12.0
11-03470821,60646.0,45.0,16.0,12.0
11-03440841,60646.0,39.0,17.0,13.0
11-03426463,60646.0,45.0,16.0,11.0
11-03426448,60646.0,45.0,16.0,11.0
11-03415107,60646.0,39.0,17.0,12.0
11-03406004,60646.0,41.0,16.0,10.0
11-03410575,60646.0,39.0,17.0,12.0
11-03397781,60646.0,39.0,17.0,12.0
11-03386936,60646.0,45.0,16.0,11.0
11-03354457,60646.0,39.0,17.0,12.0
11-03346086,60646.0,39.0,17.0,12.0
11-03344111,60646.0,39.0,17.0,12.0
11-03336176,60646.0,39.0,17.0,12.0
11-03336170,60646.0,39.0,17.0,12.0
11-03333844,60646.0,39.0,17.0,12.0
11-03337127,60646.0,39.0,17.0,12.0
11-03255744,60646.0,41.0,16.0,10.0
11-03229753,60646.0,39.0,16.0,12.0
11-03217257,60646.0,45.0,16.0,11.0
11-03149063,60646.0,39.0,17.0,12.0
11-03149440,60646.0,39.0,17.0,12.0
11-03030537,60646.0,45.0,16.0,11.0
11-02957150,60646.0,45.0,16.0,12.0
11-02957176,60646.0,45.0,16.0,12.0
11-02948576,60646.0,39.0,17.0,13.0
11-02924117,60646.0,41.0,16.0,12.0
11-02871204,60646.0,45.0,16.0,10.0
11-02824094,60646.0,45.0,16.0,12.0
11-02794775,60646.0,45.0,16.0,11.0
11-02783939,60646.0,45.0,16.0,12.0
11-02702606,60646.0,41.0,16.0,12.0
11-02672928,60646.0,45.0,16.0,10.0
11-02566571,60646.0,39.0,17.0,13.0
11-02566782,60646.0,39.0,17.0,13.0
11-02567901,60646.0,39.0,17.0,13.0
11-02567912,60646.0,39.0,17.0,13.0
11-02550195,60646.0,45.0,16.0,10.0
11-02494591,60646.0,45.0,16.0,10.0
11-02499641,60646.0,45.0,16.0,11.0
11-02372768,60646.0,41.0,16.0,12.0
11-02342132,60646.0,45.0,16.0,10.0
11-02263884,60646.0,45.0,16.0,12.0
11-02231791,60646.0,45.0,16.0,10.0
11-02042088,60646.0,39.0,17.0,13.0
11-01807923,60646.0,45.0,16.0,12.0
11-01771663,60646.0,41.0,16.0,12.0
11-01700306,60646.0,45.0,16.0,10.0
11-01697014,60646.0,41.0,16.0,12.0
11-01654097,60646.0,39.0,17.0,13.0
11-01658720,60646.0,39.0,17.0,13.0
11-01661488,60646.0,39.0,17.0,12.0
11-01627987,60646.0,45.0,16.0,10.0
11-01622441,60646.0,45.0,16.0,10.0
11-01596566,60646.0,39.0,17.0,13.0
11-01602211,60646.0,45.0,16.0,10.0
11-01557808,60646.0,39.0,17.0,12.0
11-01564520,60646.0,39.0,17.0,12.0
11-01564456,60646.0,39.0,17.0,12.0
11-01564667,60646.0,39.0,17.0,12.0
11-01555451,60646.0,39.0,17.0,12.0
11-01488981,60646.0,39.0,17.0,12.0
11-01424659,60646.0,45.0,16.0,11.0
11-01438477,60646.0,39.0,17.0,12.0
11-01361368,60646.0,39.0,17.0,12.0
11-01363944,60646.0,39.0,17.0,12.0
11-01358472,60646.0,45.0,16.0,12.0
11-01338988,60646.0,39.0,17.0,13.0
11-01331525,60646.0,39.0,17.0,12.0
11-01330829,60646.0,39.0,17.0,12.0
11-01249431,60646.0,45.0,16.0,11.0
11-01227721,60646.0,39.0,17.0,13.0
11-01225667,60646.0,39.0,17.0,13.0
11-01178280,60646.0,39.0,17.0,13.0
11-01114487,60646.0,39.0,17.0,13.0
11-01116918,60646.0,39.0,17.0,13.0
11-01041787,60646.0,39.0,17.0,13.0
11-00876407,60646.0,39.0,17.0,13.0
11-00827414,60646.0,45.0,16.0,10.0
11-00778277,60646.0,39.0,17.0,12.0
11-00752900,60646.0,45.0,16.0,11.0
11-00715270,60646.0,45.0,16.0,10.0
11-00594606,60646.0,39.0,17.0,12.0
11-00594636,60646.0,39.0,17.0,12.0
11-00584617,60646.0,45.0,16.0,10.0
11-00546929,60646.0,39.0,17.0,13.0
11-00546933,60646.0,39.0,17.0,13.0
11-00510211,60646.0,39.0,17.0,12.0
11-00504689,60646.0,45.0,16.0,12.0
11-00504002,60646.0,41.0,16.0,12.0
11-00491783,60646.0,45.0,16.0,12.0
11-00488806,60646.0,41.0,16.0,12.0
11-00487380,60646.0,45.0,16.0,10.0
11-00488804,60646.0,41.0,16.0,12.0
11-00484142,60646.0,39.0,17.0,13.0
11-00453539,60646.0,45.0,16.0,10.0
11-00456049,60646.0,39.0,17.0,12.0
11-00442139,60646.0,45.0,16.0,10.0
11-00444992,60646.0,45.0,16.0,10.0
11-00435617,60646.0,45.0,16.0,10.0
11-00431164,60646.0,39.0,17.0,12.0
11-00431168,60646.0,39.0,17.0,12.0
11-00431173,60646.0,39.0,17.0,12.0
11-00412461,60646.0,45.0,16.0,12.0
11-00418186,60646.0,39.0,17.0,13.0
11-00403723,60646.0,41.0,16.0,12.0
11-00404279,60646.0,39.0,17.0,13.0
11-00401660,60646.0,41.0,16.0,12.0
11-00396639,60646.0,39.0,17.0,13.0
11-00396641,60646.0,45.0,16.0,10.0
11-00377405,60646.0,45.0,16.0,11.0
11-00378702,60646.0,39.0,17.0,12.0
11-00383100,60646.0,39.0,17.0,12.0
11-00373955,60646.0,39.0,17.0,12.0
11-00375735,60646.0,39.0,17.0,12.0
11-00375531,60646.0,39.0,17.0,13.0
11-00354013,60646.0,45.0,16.0,12.0
11-00329662,60646.0,45.0,16.0,12.0
11-00308638,60646.0,39.0,17.0,12.0
11-00308593,60646.0,39.0,17.0,13.0
11-00302502,60646.0,39.0,17.0,13.0
11-00302474,60646.0,39.0,17.0,12.0
11-00291942,60646.0,45.0,16.0,12.0
11-00277571,60646.0,39.0,17.0,12.0
11-00275464,60646.0,39.0,17.0,12.0
11-00264849,60646.0,45.0,16.0,10.0
11-00259961,60646.0,45.0,16.0,12.0
11-00247635,60646.0,39.0,17.0,12.0
11-00251968,60646.0,39.0,17.0,13.0
11-00128103,60646.0,39.0,17.0,12.0
11-00119977,60646.0,45.0,16.0,10.0
11-00107265,60646.0,39.0,17.0,12.0
11-00095658,60646.0,39.0,17.0,13.0
11-00095636,60646.0,39.0,17.0,13.0
11-00095589,60646.0,39.0,17.0,13.0
11-00082990,60646.0,41.0,16.0,12.0
11-00077223,60646.0,45.0,16.0,10.0
11-00065205,60646.0,45.0,16.0,11.0
11-00045531,60646.0,41.0,16.0,12.0
11-00019009,60646.0,39.0,17.0,13.0
11-00018199,60646.0,45.0,16.0,11.0
