15-04889839,60643.0,21.0,22.0,73.0
15-04728267,60643.0,19.0,22.0,75.0
15-04728247,60643.0,19.0,22.0,72.0
15-04728214,60643.0,19.0,22.0,72.0
15-04542640,60643.0,19.0,22.0,72.0
15-04542630,60643.0,19.0,22.0,72.0
15-04542636,60643.0,19.0,22.0,72.0
15-04542428,60643.0,19.0,22.0,72.0
15-04545869,60643.0,19.0,22.0,72.0
15-04542577,60643.0,19.0,22.0,72.0
15-04545574,60643.0,19.0,22.0,72.0
15-04545566,60643.0,19.0,22.0,72.0
15-04543621,60643.0,34.0,22.0,73.0
15-04542526,60643.0,19.0,22.0,72.0
15-04542479,60643.0,19.0,22.0,72.0
15-04542623,60643.0,19.0,22.0,72.0
15-04542615,60643.0,19.0,22.0,72.0
15-04542626,60643.0,19.0,22.0,72.0
15-04522289,60643.0,34.0,22.0,73.0
15-04517594,60643.0,19.0,22.0,72.0
15-04517593,60643.0,19.0,22.0,72.0
15-04507983,60643.0,34.0,22.0,73.0
15-04517597,60643.0,19.0,22.0,72.0
15-04498934,60643.0,34.0,22.0,73.0
15-04498898,60643.0,34.0,22.0,73.0
15-04482810,60643.0,34.0,22.0,73.0
15-04429665,60643.0,34.0,22.0,73.0
15-04434870,60643.0,34.0,22.0,73.0
15-04377589,60643.0,19.0,22.0,72.0
15-04377576,60643.0,19.0,22.0,72.0
15-04377584,60643.0,19.0,22.0,72.0
15-04211436,60643.0,19.0,22.0,72.0
15-04211434,60643.0,34.0,22.0,73.0
15-03979064,60643.0,19.0,22.0,72.0
15-03979088,60643.0,19.0,22.0,72.0
15-03979074,60643.0,19.0,22.0,72.0
15-03980722,60643.0,19.0,22.0,72.0
15-03979082,60643.0,19.0,22.0,72.0
15-03976252,60643.0,19.0,22.0,75.0
15-03863156,60643.0,19.0,22.0,72.0
15-03851776,60643.0,19.0,22.0,75.0
15-03807256,60643.0,19.0,22.0,72.0
15-03704089,60643.0,34.0,22.0,73.0
15-03565904,60643.0,19.0,22.0,72.0
15-03565946,60643.0,19.0,22.0,72.0
15-03565909,60643.0,19.0,22.0,72.0
15-03565922,60643.0,19.0,22.0,72.0
15-03565936,60643.0,19.0,22.0,72.0
15-03437878,60643.0,34.0,22.0,73.0
15-03420243,60643.0,19.0,22.0,72.0
15-03420262,60643.0,19.0,22.0,75.0
15-03410393,60643.0,19.0,22.0,75.0
15-03372704,60643.0,34.0,5.0,53.0
15-03295915,60643.0,19.0,22.0,72.0
15-03295857,60643.0,19.0,22.0,72.0
15-03269139,60643.0,19.0,22.0,72.0
15-03269122,60643.0,19.0,22.0,72.0
15-03256383,60643.0,19.0,22.0,72.0
15-02977814,60643.0,34.0,22.0,75.0
15-02945323,60643.0,34.0,22.0,75.0
15-02951091,60643.0,34.0,22.0,75.0
15-02917708,60643.0,34.0,22.0,75.0
15-02776570,60643.0,34.0,22.0,75.0
15-02729811,60643.0,34.0,22.0,75.0
15-02639245,60643.0,34.0,22.0,75.0
15-02609610,60643.0,19.0,22.0,72.0
15-02332032,60643.0,34.0,22.0,75.0
15-02311486,60643.0,34.0,22.0,75.0
15-02115016,60643.0,34.0,22.0,75.0
15-02004632,60643.0,19.0,22.0,72.0
15-02011769,60643.0,19.0,22.0,75.0
15-02004638,60643.0,19.0,22.0,72.0
15-01860211,60643.0,34.0,5.0,53.0
15-01860203,60643.0,19.0,22.0,72.0
15-01812208,60643.0,19.0,22.0,75.0
15-01817020,60643.0,19.0,22.0,72.0
15-01813072,60643.0,34.0,5.0,53.0
15-01674258,60643.0,19.0,22.0,72.0
15-01665015,60643.0,19.0,22.0,72.0
15-01674351,60643.0,19.0,22.0,72.0
15-01648831,60643.0,19.0,22.0,72.0
15-01649222,60643.0,19.0,22.0,72.0
15-01498394,60643.0,19.0,22.0,72.0
15-01499713,60643.0,34.0,22.0,75.0
15-01509373,60643.0,34.0,22.0,73.0
15-01500240,60643.0,19.0,22.0,72.0
15-01500152,60643.0,19.0,22.0,72.0
15-01500112,60643.0,19.0,22.0,72.0
15-01500176,60643.0,19.0,22.0,72.0
15-01500226,60643.0,19.0,22.0,72.0
15-01500199,60643.0,19.0,22.0,72.0
15-01500206,60643.0,19.0,22.0,72.0
15-01472726,60643.0,34.0,22.0,73.0
15-01452236,60643.0,19.0,22.0,72.0
15-01458947,60643.0,34.0,5.0,53.0
15-01369937,60643.0,19.0,22.0,72.0
15-01369942,60643.0,19.0,22.0,72.0
15-01319430,60643.0,19.0,22.0,72.0
15-01114549,60643.0,34.0,22.0,75.0
15-01044057,60643.0,34.0,22.0,75.0
15-00877381,60643.0,34.0,5.0,53.0
15-00877377,60643.0,34.0,5.0,53.0
15-00877376,60643.0,34.0,5.0,53.0
15-00789930,60643.0,34.0,5.0,53.0
15-00576585,60643.0,34.0,5.0,53.0
15-00529014,60643.0,19.0,22.0,72.0
15-00529017,60643.0,19.0,22.0,72.0
15-00525284,60643.0,19.0,22.0,72.0
15-00525368,60643.0,19.0,22.0,72.0
15-00276568,60643.0,19.0,22.0,72.0
15-00186969,60643.0,19.0,22.0,72.0
15-00148401,60643.0,34.0,22.0,75.0
15-00127639,60643.0,19.0,22.0,72.0
15-00127635,60643.0,19.0,22.0,72.0
15-00118377,60643.0,19.0,22.0,72.0
15-00117956,60643.0,19.0,22.0,72.0
15-00117981,60643.0,19.0,22.0,72.0
15-00117979,60643.0,19.0,22.0,72.0
15-00117990,60643.0,19.0,22.0,72.0
15-00118109,60643.0,19.0,22.0,72.0
15-00086166,60643.0,34.0,22.0,75.0
15-00080558,60643.0,34.0,22.0,75.0
15-00071760,60643.0,34.0,22.0,75.0
15-00042709,60643.0,34.0,22.0,75.0
15-00005406,60643.0,19.0,22.0,72.0
15-00005401,60643.0,19.0,22.0,72.0
15-00005391,60643.0,19.0,22.0,72.0
14-02211452,60643.0,19.0,22.0,72.0
14-02207681,60643.0,34.0,5.0,53.0
14-02199474,60643.0,19.0,22.0,75.0
14-02164216,60643.0,19.0,22.0,72.0
14-02151506,60643.0,19.0,22.0,72.0
14-02151483,60643.0,19.0,22.0,72.0
14-02151469,60643.0,19.0,22.0,72.0
14-02147968,60643.0,19.0,22.0,72.0
14-02147997,60643.0,19.0,22.0,72.0
14-02145323,60643.0,19.0,22.0,75.0
14-02139790,60643.0,19.0,22.0,72.0
14-02140842,60643.0,19.0,22.0,72.0
14-02136411,60643.0,19.0,22.0,72.0
14-02139866,60643.0,19.0,22.0,72.0
14-02123250,60643.0,19.0,22.0,75.0
14-02120605,60643.0,19.0,22.0,75.0
14-02118479,60643.0,34.0,22.0,75.0
14-02116595,60643.0,19.0,22.0,72.0
14-02105988,60643.0,19.0,22.0,72.0
14-02110553,60643.0,19.0,22.0,75.0
14-02110565,60643.0,19.0,22.0,72.0
14-02004662,60643.0,19.0,22.0,72.0
14-02004598,60643.0,19.0,22.0,72.0
14-02004591,60643.0,19.0,22.0,72.0
14-01993200,60643.0,34.0,5.0,53.0
14-01955737,60643.0,19.0,22.0,72.0
14-01946593,60643.0,19.0,22.0,72.0
14-01929041,60643.0,19.0,22.0,75.0
14-01929045,60643.0,19.0,22.0,72.0
14-01885404,60643.0,34.0,22.0,75.0
14-01837684,60643.0,34.0,22.0,75.0
14-01822817,60643.0,34.0,22.0,75.0
14-01815373,60643.0,19.0,22.0,72.0
14-01804360,60643.0,34.0,5.0,53.0
14-01803057,60643.0,34.0,22.0,75.0
14-01799735,60643.0,19.0,22.0,72.0
14-01755571,60643.0,19.0,22.0,72.0
14-01755581,60643.0,19.0,22.0,75.0
14-01745641,60643.0,21.0,22.0,73.0
14-01672239,60643.0,34.0,22.0,75.0
14-01622938,60643.0,34.0,22.0,73.0
14-01620561,60643.0,34.0,22.0,75.0
14-01616050,60643.0,34.0,5.0,53.0
14-01620635,60643.0,34.0,22.0,75.0
14-01622866,60643.0,34.0,22.0,73.0
14-01613464,60643.0,34.0,22.0,75.0
14-01606268,60643.0,34.0,5.0,53.0
14-01603758,60643.0,34.0,22.0,75.0
14-01603783,60643.0,34.0,22.0,75.0
14-01604508,60643.0,19.0,22.0,75.0
14-01604483,60643.0,19.0,22.0,75.0
14-01604501,60643.0,19.0,22.0,75.0
14-01603940,60643.0,34.0,22.0,75.0
14-01461906,60643.0,19.0,22.0,72.0
14-01465009,60643.0,34.0,22.0,73.0
14-01465004,60643.0,34.0,22.0,73.0
14-01465047,60643.0,34.0,22.0,73.0
14-01465043,60643.0,21.0,22.0,73.0
14-01465056,60643.0,34.0,22.0,75.0
14-01452965,60643.0,34.0,22.0,75.0
14-01437556,60643.0,19.0,22.0,72.0
14-01437531,60643.0,19.0,22.0,72.0
14-01378170,60643.0,19.0,22.0,72.0
14-01378089,60643.0,19.0,22.0,72.0
14-01356076,60643.0,34.0,5.0,53.0
14-01347409,60643.0,19.0,22.0,72.0
14-01313452,60643.0,21.0,22.0,73.0
14-01313462,60643.0,19.0,22.0,72.0
14-01313479,60643.0,19.0,22.0,72.0
14-01313474,60643.0,19.0,22.0,72.0
14-01313464,60643.0,19.0,22.0,72.0
14-01299895,60643.0,19.0,22.0,72.0
14-01281024,60643.0,19.0,22.0,75.0
14-01274133,60643.0,19.0,22.0,72.0
14-01264172,60643.0,19.0,22.0,72.0
14-01252398,60643.0,19.0,22.0,72.0
14-01209191,60643.0,19.0,22.0,72.0
14-01194537,60643.0,19.0,22.0,72.0
14-01198792,60643.0,19.0,22.0,72.0
14-01198879,60643.0,19.0,22.0,72.0
14-01198810,60643.0,19.0,22.0,72.0
14-01198862,60643.0,19.0,22.0,72.0
14-01198838,60643.0,19.0,22.0,72.0
14-01171597,60643.0,19.0,22.0,72.0
14-01171585,60643.0,19.0,22.0,72.0
14-01171432,60643.0,19.0,22.0,72.0
14-01171919,60643.0,19.0,22.0,72.0
14-01170592,60643.0,19.0,22.0,72.0
14-01169274,60643.0,34.0,22.0,75.0
14-01155521,60643.0,19.0,22.0,72.0
14-01141367,60643.0,19.0,22.0,72.0
14-01131023,60643.0,19.0,22.0,72.0
14-01082623,60643.0,34.0,5.0,53.0
14-01073284,60643.0,34.0,22.0,75.0
14-01072910,60643.0,19.0,22.0,72.0
14-01072895,60643.0,19.0,22.0,72.0
14-01072840,60643.0,19.0,22.0,72.0
14-01060448,60643.0,34.0,22.0,75.0
14-01051754,60643.0,19.0,22.0,75.0
14-01050542,60643.0,19.0,22.0,72.0
14-01046673,60643.0,19.0,22.0,72.0
14-01045641,60643.0,19.0,22.0,72.0
14-01028952,60643.0,19.0,22.0,72.0
14-01027760,60643.0,19.0,22.0,72.0
14-01016344,60643.0,19.0,22.0,72.0
14-01016338,60643.0,19.0,22.0,72.0
14-01016337,60643.0,19.0,22.0,72.0
14-00981846,60643.0,34.0,22.0,73.0
14-00981849,60643.0,34.0,22.0,73.0
14-00938304,60643.0,19.0,22.0,72.0
14-00940149,60643.0,19.0,22.0,72.0
14-00908787,60643.0,34.0,22.0,75.0
14-00902313,60643.0,34.0,22.0,75.0
14-00894734,60643.0,19.0,22.0,72.0
14-00888296,60643.0,21.0,22.0,73.0
14-00888261,60643.0,19.0,22.0,75.0
14-00876680,60643.0,19.0,22.0,72.0
14-00865565,60643.0,19.0,22.0,72.0
14-00784386,60643.0,21.0,22.0,73.0
14-00761119,60643.0,21.0,22.0,73.0
14-00737249,60643.0,34.0,5.0,53.0
14-00578026,60643.0,19.0,22.0,72.0
14-00550812,60643.0,19.0,22.0,75.0
14-00540294,60643.0,19.0,22.0,75.0
14-00501194,60643.0,19.0,22.0,75.0
14-00476121,60643.0,19.0,22.0,75.0
14-00473047,60643.0,19.0,22.0,72.0
14-00446538,60643.0,19.0,22.0,72.0
14-00399010,60643.0,19.0,22.0,72.0
14-00393025,60643.0,21.0,22.0,73.0
14-00374955,60643.0,19.0,22.0,75.0
14-00375215,60643.0,19.0,22.0,75.0
14-00374943,60643.0,19.0,22.0,75.0
14-00374898,60643.0,19.0,22.0,75.0
14-00374884,60643.0,19.0,22.0,75.0
14-00374908,60643.0,19.0,22.0,72.0
14-00374927,60643.0,19.0,22.0,72.0
14-00374962,60643.0,19.0,22.0,75.0
14-00374979,60643.0,19.0,22.0,72.0
14-00375028,60643.0,19.0,22.0,72.0
14-00230549,60643.0,34.0,22.0,75.0
14-00213507,60643.0,21.0,22.0,73.0
14-00213522,60643.0,19.0,22.0,72.0
14-00213515,60643.0,19.0,22.0,72.0
14-00203593,60643.0,19.0,22.0,72.0
14-00195928,60643.0,34.0,22.0,75.0
14-00191418,60643.0,21.0,22.0,73.0
14-00178253,60643.0,21.0,22.0,73.0
14-00125278,60643.0,34.0,22.0,75.0
14-00092937,60643.0,19.0,22.0,75.0
14-00022004,60643.0,19.0,22.0,72.0
13-01842720,60643.0,19.0,22.0,75.0
13-01832296,60643.0,34.0,22.0,75.0
13-01827162,60643.0,19.0,22.0,75.0
13-01812381,60643.0,19.0,22.0,72.0
13-01792217,60643.0,19.0,22.0,72.0
13-01737573,60643.0,19.0,22.0,72.0
13-01729857,60643.0,19.0,22.0,72.0
13-01717035,60643.0,19.0,22.0,75.0
13-01717021,60643.0,19.0,22.0,75.0
13-01714171,60643.0,19.0,22.0,75.0
13-01714228,60643.0,19.0,22.0,75.0
13-01711535,60643.0,19.0,22.0,72.0
13-01706557,60643.0,19.0,22.0,72.0
13-01706577,60643.0,19.0,22.0,72.0
13-01700774,60643.0,34.0,5.0,53.0
13-01645414,60643.0,19.0,22.0,72.0
13-01621726,60643.0,21.0,22.0,73.0
13-01608492,60643.0,21.0,22.0,73.0
13-01603804,60643.0,19.0,22.0,72.0
13-01595533,60643.0,34.0,22.0,73.0
13-01566069,60643.0,34.0,22.0,73.0
13-01563122,60643.0,19.0,22.0,72.0
13-01560130,60643.0,19.0,22.0,72.0
13-01560113,60643.0,19.0,22.0,72.0
13-01560104,60643.0,19.0,22.0,72.0
13-01560093,60643.0,19.0,22.0,72.0
13-01552478,60643.0,34.0,5.0,53.0
13-01552449,60643.0,34.0,5.0,53.0
13-01545986,60643.0,19.0,22.0,72.0
13-01534624,60643.0,19.0,22.0,72.0
13-01471275,60643.0,19.0,22.0,72.0
13-01421194,60643.0,19.0,22.0,72.0
13-01418618,60643.0,34.0,5.0,53.0
13-01406033,60643.0,34.0,22.0,75.0
13-01406094,60643.0,34.0,22.0,75.0
13-01396641,60643.0,19.0,22.0,72.0
13-01393150,60643.0,19.0,22.0,72.0
13-01389636,60643.0,19.0,22.0,72.0
13-01372824,60643.0,19.0,22.0,72.0
13-01354357,60643.0,34.0,22.0,75.0
13-01337575,60643.0,21.0,22.0,73.0
13-01337565,60643.0,21.0,22.0,73.0
13-01312277,60643.0,34.0,22.0,75.0
13-01282447,60643.0,19.0,22.0,72.0
13-01268269,60643.0,34.0,22.0,75.0
13-01262192,60643.0,34.0,5.0,53.0
13-01253091,60643.0,19.0,22.0,72.0
13-01253076,60643.0,19.0,22.0,72.0
13-01239297,60643.0,34.0,5.0,53.0
13-01239082,60643.0,34.0,5.0,53.0
13-01239266,60643.0,34.0,5.0,53.0
13-01235232,60643.0,34.0,5.0,53.0
13-01231215,60643.0,19.0,22.0,72.0
13-01221935,60643.0,19.0,22.0,72.0
13-01204432,60643.0,19.0,22.0,72.0
13-01206011,60643.0,34.0,22.0,75.0
13-01196602,60643.0,19.0,22.0,72.0
13-01190244,60643.0,34.0,5.0,53.0
13-01188717,60643.0,34.0,22.0,75.0
13-01183836,60643.0,21.0,22.0,73.0
13-01166548,60643.0,34.0,22.0,75.0
13-01168881,60643.0,21.0,22.0,73.0
13-01164131,60643.0,34.0,5.0,53.0
13-01148665,60643.0,34.0,5.0,53.0
13-01114081,60643.0,19.0,22.0,72.0
13-01102297,60643.0,19.0,22.0,72.0
13-01094717,60643.0,34.0,5.0,53.0
13-01050907,60643.0,19.0,22.0,72.0
13-01037951,60643.0,34.0,22.0,75.0
13-01027694,60643.0,19.0,22.0,72.0
13-01014033,60643.0,19.0,22.0,72.0
13-01014223,60643.0,34.0,22.0,75.0
13-01013591,60643.0,34.0,22.0,75.0
13-01013996,60643.0,19.0,22.0,72.0
13-01004457,60643.0,19.0,22.0,72.0
13-00985473,60643.0,34.0,22.0,73.0
13-00938605,60643.0,34.0,22.0,75.0
13-00861270,60643.0,34.0,22.0,75.0
13-00860121,60643.0,19.0,22.0,72.0
13-00859365,60643.0,19.0,22.0,72.0
13-00848279,60643.0,34.0,22.0,75.0
13-00847818,60643.0,19.0,22.0,72.0
13-00846473,60643.0,19.0,22.0,72.0
13-00846293,60643.0,19.0,22.0,72.0
13-00835471,60643.0,19.0,22.0,72.0
13-00837701,60643.0,19.0,22.0,72.0
13-00833957,60643.0,19.0,22.0,72.0
13-00828392,60643.0,34.0,5.0,53.0
13-00822636,60643.0,19.0,22.0,72.0
13-00807929,60643.0,19.0,22.0,72.0
13-00805004,60643.0,34.0,22.0,73.0
13-00790643,60643.0,19.0,22.0,72.0
13-00758373,60643.0,34.0,22.0,75.0
13-00681152,60643.0,34.0,22.0,75.0
13-00661305,60643.0,19.0,22.0,72.0
13-00660335,60643.0,34.0,5.0,53.0
13-00642152,60643.0,19.0,22.0,75.0
13-00641927,60643.0,19.0,22.0,75.0
13-00641938,60643.0,19.0,22.0,75.0
13-00641934,60643.0,19.0,22.0,75.0
13-00641946,60643.0,19.0,22.0,75.0
13-00642136,60643.0,19.0,22.0,75.0
13-00642109,60643.0,19.0,22.0,75.0
13-00582402,60643.0,19.0,22.0,72.0
13-00576902,60643.0,19.0,22.0,75.0
13-00561608,60643.0,19.0,22.0,72.0
13-00561729,60643.0,19.0,22.0,72.0
13-00561608,60643.0,19.0,22.0,72.0
13-00544453,60643.0,19.0,22.0,72.0
13-00544444,60643.0,19.0,22.0,72.0
13-00535617,60643.0,19.0,22.0,72.0
13-00531869,60643.0,34.0,22.0,75.0
13-00529190,60643.0,34.0,22.0,75.0
13-00529190,60643.0,34.0,22.0,75.0
13-00522457,60643.0,19.0,22.0,72.0
13-00522352,60643.0,19.0,22.0,72.0
13-00515749,60643.0,19.0,22.0,72.0
13-00515869,60643.0,19.0,22.0,72.0
13-00515873,60643.0,19.0,22.0,72.0
13-00514122,60643.0,19.0,22.0,72.0
13-00499460,60643.0,34.0,5.0,53.0
13-00499465,60643.0,34.0,5.0,53.0
13-00497927,60643.0,34.0,5.0,53.0
13-00497929,60643.0,34.0,5.0,53.0
13-00492025,60643.0,34.0,5.0,53.0
13-00495491,60643.0,34.0,5.0,53.0
13-00492022,60643.0,34.0,5.0,53.0
13-00480750,60643.0,34.0,5.0,53.0
13-00475171,60643.0,19.0,22.0,72.0
13-00461621,60643.0,19.0,22.0,72.0
13-00429821,60643.0,19.0,22.0,72.0
13-00431177,60643.0,34.0,5.0,53.0
13-00431137,60643.0,34.0,5.0,53.0
13-00420829,60643.0,19.0,22.0,72.0
13-00417532,60643.0,34.0,5.0,53.0
13-00417515,60643.0,34.0,5.0,53.0
13-00409364,60643.0,34.0,5.0,53.0
13-00380225,60643.0,19.0,22.0,75.0
13-00366280,60643.0,34.0,22.0,73.0
13-00350732,60643.0,19.0,22.0,75.0
13-00319164,60643.0,19.0,22.0,72.0
13-00306412,60643.0,19.0,22.0,72.0
13-00172118,60643.0,34.0,22.0,73.0
13-00126730,60643.0,21.0,22.0,73.0
13-00126734,60643.0,21.0,22.0,73.0
13-00121561,60643.0,19.0,22.0,72.0
13-00117840,60643.0,34.0,22.0,73.0
13-00092942,60643.0,34.0,22.0,75.0
13-00082690,60643.0,21.0,22.0,73.0
13-00048103,60643.0,21.0,22.0,73.0
13-00007690,60643.0,34.0,22.0,75.0
12-02045916,60643.0,34.0,22.0,75.0
12-02026026,60643.0,34.0,22.0,75.0
12-02026027,60643.0,34.0,22.0,75.0
12-02000921,60643.0,19.0,22.0,72.0
12-01939968,60643.0,19.0,22.0,72.0
12-01940457,60643.0,34.0,22.0,75.0
12-01929112,60643.0,19.0,22.0,72.0
12-01922787,60643.0,34.0,5.0,53.0
12-01919443,60643.0,19.0,22.0,75.0
12-01919435,60643.0,19.0,22.0,75.0
12-01919455,60643.0,19.0,22.0,75.0
12-01892954,60643.0,19.0,22.0,72.0
12-01876434,60643.0,21.0,22.0,73.0
12-01849269,60643.0,34.0,5.0,53.0
12-01849210,60643.0,34.0,5.0,53.0
12-01843640,60643.0,19.0,22.0,75.0
12-01844392,60643.0,21.0,22.0,73.0
12-01844390,60643.0,21.0,22.0,73.0
12-01816657,60643.0,19.0,22.0,72.0
12-01805202,60643.0,19.0,22.0,75.0
12-01764021,60643.0,19.0,22.0,72.0
12-01696654,60643.0,19.0,22.0,75.0
12-01698418,60643.0,34.0,5.0,53.0
12-01697411,60643.0,34.0,22.0,73.0
12-01699515,60643.0,34.0,5.0,53.0
12-01692509,60643.0,34.0,22.0,75.0
12-01692520,60643.0,34.0,22.0,75.0
12-01693740,60643.0,34.0,22.0,75.0
12-01693437,60643.0,34.0,22.0,73.0
12-01666858,60643.0,19.0,22.0,75.0
12-01670136,60643.0,34.0,5.0,53.0
12-01650326,60643.0,34.0,22.0,73.0
12-01587754,60643.0,34.0,5.0,53.0
12-01585282,60643.0,21.0,22.0,73.0
12-01584897,60643.0,21.0,22.0,73.0
12-01565611,60643.0,34.0,22.0,75.0
12-01564387,60643.0,34.0,22.0,75.0
12-01502211,60643.0,34.0,22.0,75.0
12-01503131,60643.0,34.0,22.0,75.0
12-01495649,60643.0,19.0,22.0,72.0
12-01495666,60643.0,19.0,22.0,72.0
12-01470741,60643.0,34.0,22.0,75.0
12-01470735,60643.0,34.0,22.0,75.0
12-01464872,60643.0,19.0,22.0,72.0
12-01433716,60643.0,19.0,22.0,72.0
12-01433283,60643.0,19.0,22.0,72.0
12-01429673,60643.0,19.0,22.0,72.0
12-01426182,60643.0,21.0,22.0,73.0
12-01401339,60643.0,19.0,22.0,72.0
12-01401331,60643.0,19.0,22.0,72.0
12-01401328,60643.0,19.0,22.0,72.0
12-01401321,60643.0,19.0,22.0,72.0
12-01400723,60643.0,34.0,22.0,75.0
12-01399998,60643.0,34.0,22.0,75.0
12-01399790,60643.0,34.0,22.0,75.0
12-01383451,60643.0,21.0,22.0,73.0
12-01385735,60643.0,34.0,22.0,75.0
12-01362222,60643.0,34.0,22.0,75.0
12-01340382,60643.0,19.0,22.0,72.0
12-01340370,60643.0,19.0,22.0,72.0
12-01293783,60643.0,21.0,22.0,73.0
12-01293910,60643.0,19.0,22.0,75.0
12-01258991,60643.0,34.0,22.0,75.0
12-01248190,60643.0,34.0,5.0,53.0
12-01245653,60643.0,34.0,22.0,75.0
12-01223809,60643.0,34.0,22.0,75.0
12-01210625,60643.0,19.0,22.0,72.0
12-01203585,60643.0,19.0,22.0,72.0
12-01203632,60643.0,19.0,22.0,72.0
12-01191195,60643.0,19.0,22.0,72.0
12-01170283,60643.0,19.0,22.0,72.0
12-01168829,60643.0,19.0,22.0,72.0
12-01168798,60643.0,19.0,22.0,72.0
12-01154211,60643.0,19.0,22.0,72.0
12-01154203,60643.0,19.0,22.0,72.0
12-01158242,60643.0,19.0,22.0,72.0
12-01141665,60643.0,19.0,22.0,72.0
12-01138142,60643.0,19.0,22.0,72.0
12-01139721,60643.0,19.0,22.0,72.0
12-01144311,60643.0,19.0,22.0,72.0
12-01125934,60643.0,19.0,22.0,72.0
12-01118005,60643.0,34.0,22.0,75.0
12-01096710,60643.0,34.0,22.0,75.0
12-01088082,60643.0,19.0,22.0,72.0
12-01079479,60643.0,19.0,22.0,75.0
12-01076741,60643.0,19.0,22.0,75.0
12-01074971,60643.0,34.0,22.0,75.0
12-01076546,60643.0,34.0,22.0,73.0
12-01061132,60643.0,19.0,22.0,72.0
12-01041013,60643.0,19.0,22.0,72.0
12-01041760,60643.0,34.0,5.0,53.0
12-01029993,60643.0,21.0,22.0,73.0
12-01010632,60643.0,19.0,22.0,72.0
12-00965061,60643.0,21.0,22.0,73.0
12-00953272,60643.0,34.0,22.0,73.0
12-00954552,60643.0,19.0,22.0,72.0
12-00954628,60643.0,34.0,5.0,53.0
12-00912273,60643.0,34.0,5.0,53.0
12-00895606,60643.0,34.0,5.0,53.0
12-00886616,60643.0,34.0,22.0,73.0
12-00887275,60643.0,34.0,5.0,53.0
12-00874732,60643.0,34.0,5.0,53.0
12-00837783,60643.0,19.0,22.0,72.0
12-00788770,60643.0,34.0,22.0,73.0
12-00759237,60643.0,34.0,22.0,73.0
12-00757349,60643.0,34.0,5.0,53.0
12-00745288,60643.0,19.0,22.0,72.0
12-00730824,60643.0,34.0,5.0,53.0
12-00716182,60643.0,19.0,22.0,72.0
12-00713168,60643.0,21.0,22.0,73.0
12-00648046,60643.0,19.0,22.0,72.0
12-00598059,60643.0,19.0,22.0,72.0
12-00584062,60643.0,19.0,22.0,72.0
12-00548102,60643.0,34.0,22.0,75.0
12-00319163,60643.0,19.0,22.0,72.0
12-00216764,60643.0,19.0,22.0,72.0
12-00222116,60643.0,34.0,22.0,73.0
12-00209491,60643.0,34.0,22.0,75.0
12-00192424,60643.0,19.0,22.0,72.0
12-00179106,60643.0,21.0,22.0,73.0
12-00178199,60643.0,21.0,22.0,73.0
12-00179097,60643.0,21.0,22.0,73.0
12-00172792,60643.0,34.0,5.0,53.0
12-00167946,60643.0,19.0,22.0,72.0
12-00168031,60643.0,19.0,22.0,72.0
12-00168032,60643.0,19.0,22.0,72.0
12-00168066,60643.0,19.0,22.0,72.0
12-00168312,60643.0,19.0,22.0,72.0
12-00134531,60643.0,34.0,22.0,75.0
12-00130260,60643.0,34.0,22.0,73.0
12-00125046,60643.0,19.0,22.0,72.0
12-00109785,60643.0,19.0,22.0,72.0
12-00060157,60643.0,34.0,5.0,53.0
12-00035402,60643.0,34.0,22.0,75.0
12-00034206,60643.0,19.0,22.0,72.0
12-00034278,60643.0,19.0,22.0,72.0
12-00034482,60643.0,21.0,22.0,73.0
12-00034501,60643.0,19.0,22.0,72.0
12-00038025,60643.0,19.0,22.0,72.0
11-04315981,60643.0,19.0,22.0,72.0
11-04315700,60643.0,19.0,22.0,72.0
11-04306361,60643.0,21.0,22.0,73.0
11-04299705,60643.0,34.0,22.0,75.0
11-04296984,60643.0,21.0,22.0,73.0
11-04265753,60643.0,21.0,22.0,73.0
11-04263165,60643.0,34.0,22.0,75.0
11-04205719,60643.0,19.0,22.0,75.0
11-04205215,60643.0,34.0,22.0,73.0
11-04199712,60643.0,34.0,5.0,53.0
11-04180785,60643.0,19.0,22.0,72.0
11-04125872,60643.0,21.0,22.0,73.0
11-04094837,60643.0,21.0,22.0,73.0
11-04087542,60643.0,19.0,22.0,72.0
11-04088929,60643.0,34.0,22.0,73.0
11-04081872,60643.0,19.0,22.0,72.0
11-04058131,60643.0,19.0,22.0,72.0
11-04049161,60643.0,19.0,22.0,72.0
11-04049168,60643.0,19.0,22.0,72.0
11-04049398,60643.0,19.0,22.0,72.0
11-04051233,60643.0,34.0,22.0,75.0
11-04043306,60643.0,34.0,5.0,53.0
11-04038766,60643.0,19.0,22.0,72.0
11-04038803,60643.0,19.0,22.0,72.0
11-04022139,60643.0,19.0,22.0,72.0
11-04010965,60643.0,19.0,22.0,72.0
11-04010953,60643.0,19.0,22.0,72.0
11-04010937,60643.0,19.0,22.0,72.0
11-04010948,60643.0,19.0,22.0,72.0
11-03997090,60643.0,19.0,22.0,72.0
11-03997080,60643.0,19.0,22.0,72.0
11-03997211,60643.0,19.0,22.0,72.0
11-03997209,60643.0,19.0,22.0,72.0
11-03992096,60643.0,19.0,22.0,72.0
11-03985494,60643.0,21.0,22.0,73.0
11-03979784,60643.0,19.0,22.0,72.0
11-03961359,60643.0,19.0,22.0,72.0
11-03939103,60643.0,19.0,22.0,75.0
11-03927983,60643.0,19.0,22.0,75.0
11-03927971,60643.0,19.0,22.0,72.0
11-03927967,60643.0,19.0,22.0,72.0
11-03927965,60643.0,19.0,22.0,72.0
11-03927978,60643.0,19.0,22.0,72.0
11-03927975,60643.0,19.0,22.0,75.0
11-03927973,60643.0,19.0,22.0,72.0
11-03925574,60643.0,34.0,22.0,75.0
11-03911008,60643.0,19.0,22.0,75.0
11-03910999,60643.0,19.0,22.0,75.0
11-03910993,60643.0,19.0,22.0,75.0
11-03911050,60643.0,19.0,22.0,75.0
11-03911022,60643.0,19.0,22.0,75.0
11-03910391,60643.0,21.0,22.0,73.0
11-03891767,60643.0,19.0,22.0,75.0
11-03890490,60643.0,34.0,22.0,75.0
11-03890642,60643.0,19.0,22.0,75.0
11-03831554,60643.0,34.0,22.0,73.0
11-03770786,60643.0,19.0,22.0,72.0
11-03769037,60643.0,34.0,22.0,73.0
11-03743471,60643.0,19.0,22.0,72.0
11-03718674,60643.0,19.0,22.0,72.0
11-03710031,60643.0,19.0,22.0,72.0
11-03670781,60643.0,19.0,22.0,75.0
11-03670768,60643.0,19.0,22.0,75.0
11-03670759,60643.0,19.0,22.0,75.0
11-03663716,60643.0,19.0,22.0,75.0
11-03663611,60643.0,19.0,22.0,75.0
11-03656444,60643.0,19.0,22.0,75.0
11-03646817,60643.0,19.0,22.0,75.0
11-03642410,60643.0,19.0,22.0,72.0
11-03636698,60643.0,21.0,22.0,72.0
11-03594670,60643.0,19.0,22.0,72.0
11-03593978,60643.0,19.0,22.0,72.0
11-03574856,60643.0,34.0,5.0,53.0
11-03574525,60643.0,19.0,22.0,72.0
11-03564858,60643.0,34.0,5.0,53.0
11-03557238,60643.0,19.0,22.0,75.0
11-03561949,60643.0,19.0,22.0,75.0
11-03554713,60643.0,19.0,22.0,75.0
11-03552475,60643.0,19.0,22.0,72.0
11-03550034,60643.0,19.0,22.0,75.0
11-03551336,60643.0,19.0,22.0,72.0
11-03554524,60643.0,19.0,22.0,72.0
11-03460893,60643.0,34.0,5.0,53.0
11-03451950,60643.0,34.0,22.0,73.0
11-03434398,60643.0,19.0,22.0,75.0
11-03417428,60643.0,19.0,22.0,72.0
11-03409889,60643.0,34.0,22.0,73.0
11-03383637,60643.0,19.0,22.0,72.0
11-03383386,60643.0,19.0,22.0,72.0
11-03383700,60643.0,19.0,22.0,72.0
11-03383651,60643.0,19.0,22.0,72.0
11-03383689,60643.0,19.0,22.0,72.0
11-03383711,60643.0,19.0,22.0,72.0
11-03394321,60643.0,19.0,22.0,72.0
11-03394311,60643.0,21.0,22.0,72.0
11-03375695,60643.0,19.0,22.0,75.0
11-03369597,60643.0,19.0,22.0,72.0
11-03336404,60643.0,21.0,22.0,73.0
11-03319640,60643.0,19.0,22.0,72.0
11-03263665,60643.0,19.0,22.0,75.0
11-03216808,60643.0,19.0,22.0,72.0
11-03216811,60643.0,19.0,22.0,72.0
11-02713680,60643.0,19.0,22.0,72.0
11-02652397,60643.0,19.0,22.0,75.0
11-02652393,60643.0,19.0,22.0,75.0
11-02652371,60643.0,19.0,22.0,75.0
11-02576251,60643.0,19.0,22.0,75.0
11-02454560,60643.0,19.0,22.0,75.0
11-02081732,60643.0,34.0,22.0,75.0
11-01567647,60643.0,21.0,22.0,73.0
11-01465104,60643.0,21.0,22.0,73.0
11-01433304,60643.0,21.0,22.0,73.0
11-01357481,60643.0,19.0,22.0,72.0
11-01357333,60643.0,19.0,22.0,72.0
11-01357297,60643.0,19.0,22.0,72.0
11-01356953,60643.0,19.0,22.0,72.0
11-01356947,60643.0,21.0,22.0,73.0
11-01356948,60643.0,19.0,22.0,72.0
11-01357261,60643.0,19.0,22.0,72.0
11-01241870,60643.0,34.0,22.0,75.0
11-01213348,60643.0,19.0,22.0,72.0
11-01162236,60643.0,21.0,22.0,73.0
11-01149147,60643.0,21.0,22.0,73.0
11-01149435,60643.0,21.0,22.0,73.0
11-01156281,60643.0,19.0,22.0,72.0
11-01156270,60643.0,19.0,22.0,72.0
11-01156349,60643.0,19.0,22.0,75.0
11-01116899,60643.0,19.0,22.0,75.0
11-01036094,60643.0,21.0,22.0,73.0
11-00831542,60643.0,34.0,22.0,75.0
11-00832017,60643.0,19.0,22.0,72.0
11-00698315,60643.0,21.0,22.0,73.0
11-00676471,60643.0,21.0,22.0,73.0
11-00557639,60643.0,19.0,22.0,72.0
11-00557641,60643.0,19.0,22.0,72.0
11-00540725,60643.0,19.0,22.0,72.0
11-00540696,60643.0,19.0,22.0,72.0
11-00451101,60643.0,19.0,22.0,72.0
11-00438144,60643.0,19.0,22.0,72.0
11-00422494,60643.0,19.0,22.0,72.0
11-00424090,60643.0,19.0,22.0,72.0
11-00411791,60643.0,19.0,22.0,75.0
11-00376895,60643.0,34.0,22.0,75.0
11-00349594,60643.0,34.0,22.0,75.0
11-00341224,60643.0,19.0,22.0,72.0
11-00340280,60643.0,19.0,22.0,72.0
11-00324092,60643.0,19.0,22.0,72.0
11-00299711,60643.0,21.0,22.0,73.0
11-00250056,60643.0,19.0,22.0,75.0
11-00190869,60643.0,34.0,22.0,75.0
11-00140502,60643.0,34.0,22.0,75.0
11-00038521,60643.0,19.0,22.0,75.0
11-00032122,60643.0,19.0,22.0,72.0
11-00030452,60643.0,34.0,22.0,75.0
11-00031445,60643.0,34.0,5.0,53.0
14-00928745,60643.0,19.0,22.0,72.0
14-00928745,60643.0,19.0,22.0,72.0
