15-04852041,60644.0,29.0,15.0,25.0
15-04852076,60644.0,29.0,15.0,25.0
15-04852053,60644.0,29.0,15.0,25.0
15-04854570,60644.0,37.0,15.0,25.0
15-04825329,60644.0,28.0,15.0,25.0
15-04825392,60644.0,29.0,15.0,25.0
15-04825372,60644.0,29.0,15.0,25.0
15-04826814,60644.0,28.0,11.0,25.0
15-04825418,60644.0,29.0,15.0,25.0
15-04809535,60644.0,28.0,11.0,25.0
15-04804856,60644.0,29.0,15.0,25.0
15-04733203,60644.0,29.0,15.0,25.0
15-04711660,60644.0,29.0,15.0,25.0
15-04522441,60644.0,37.0,15.0,25.0
15-04522001,60644.0,37.0,15.0,25.0
15-04499519,60644.0,24.0,11.0,25.0
15-04499343,60644.0,29.0,15.0,25.0
15-04499343,60644.0,29.0,15.0,25.0
15-04499542,60644.0,29.0,15.0,25.0
15-04474063,60644.0,37.0,15.0,25.0
15-04356602,60644.0,28.0,11.0,25.0
15-04356606,60644.0,28.0,11.0,25.0
15-04362777,60644.0,24.0,11.0,25.0
15-04362769,60644.0,24.0,11.0,25.0
15-04324102,60644.0,29.0,15.0,25.0
15-04268800,60644.0,29.0,15.0,25.0
15-04260886,60644.0,29.0,15.0,25.0
15-04268803,60644.0,29.0,15.0,25.0
15-04244047,60644.0,28.0,11.0,25.0
15-04222216,60644.0,29.0,15.0,25.0
15-04222361,60644.0,37.0,15.0,25.0
15-04222083,60644.0,29.0,15.0,25.0
15-04221918,60644.0,29.0,15.0,25.0
15-04221956,60644.0,29.0,15.0,25.0
15-04221926,60644.0,29.0,15.0,25.0
15-04222036,60644.0,29.0,15.0,25.0
15-04192251,60644.0,37.0,15.0,25.0
15-04197533,60644.0,28.0,15.0,25.0
15-04104781,60644.0,37.0,15.0,25.0
15-04086656,60644.0,29.0,15.0,25.0
15-04086784,60644.0,29.0,15.0,25.0
15-04039526,60644.0,29.0,15.0,25.0
15-04005376,60644.0,29.0,15.0,25.0
15-03882458,60644.0,29.0,15.0,25.0
15-03863194,60644.0,28.0,15.0,25.0
15-03844949,60644.0,29.0,15.0,25.0
15-03810460,60644.0,28.0,15.0,25.0
15-03690694,60644.0,28.0,11.0,25.0
15-03612427,60644.0,29.0,15.0,25.0
15-03612806,60644.0,29.0,15.0,25.0
15-03613028,60644.0,29.0,15.0,25.0
15-03612707,60644.0,29.0,15.0,25.0
15-03571927,60644.0,29.0,15.0,25.0
15-03517874,60644.0,28.0,15.0,25.0
15-03524817,60644.0,28.0,15.0,25.0
15-03463584,60644.0,28.0,15.0,25.0
15-03446379,60644.0,37.0,15.0,25.0
15-03421041,60644.0,29.0,15.0,25.0
15-03392768,60644.0,29.0,15.0,25.0
15-03392780,60644.0,29.0,15.0,25.0
15-03392774,60644.0,29.0,15.0,25.0
15-03392802,60644.0,24.0,11.0,25.0
15-03392794,60644.0,29.0,15.0,25.0
15-03392787,60644.0,29.0,15.0,25.0
15-03392815,60644.0,24.0,11.0,25.0
15-03391270,60644.0,28.0,15.0,25.0
15-03399219,60644.0,28.0,15.0,25.0
15-03359810,60644.0,29.0,15.0,25.0
15-03320538,60644.0,29.0,15.0,25.0
15-03308705,60644.0,28.0,11.0,25.0
15-03270854,60644.0,29.0,15.0,25.0
15-03270647,60644.0,37.0,15.0,25.0
15-03270867,60644.0,24.0,11.0,25.0
15-03270858,60644.0,24.0,11.0,25.0
15-03253430,60644.0,29.0,15.0,25.0
15-03247673,60644.0,29.0,15.0,25.0
15-03245594,60644.0,37.0,15.0,25.0
15-03236927,60644.0,37.0,15.0,25.0
15-03224475,60644.0,28.0,11.0,25.0
15-03182430,60644.0,29.0,15.0,25.0
15-03182414,60644.0,29.0,15.0,25.0
15-03182425,60644.0,29.0,15.0,25.0
15-03182415,60644.0,29.0,15.0,25.0
15-03121976,60644.0,37.0,15.0,25.0
15-03123269,60644.0,29.0,15.0,25.0
15-03083972,60644.0,29.0,15.0,25.0
15-02969744,60644.0,28.0,15.0,25.0
15-02942536,60644.0,37.0,15.0,25.0
15-02800390,60644.0,28.0,15.0,25.0
15-02767510,60644.0,37.0,15.0,25.0
15-02746207,60644.0,29.0,15.0,25.0
15-02746182,60644.0,28.0,11.0,25.0
15-02746201,60644.0,29.0,15.0,25.0
15-02746213,60644.0,29.0,15.0,25.0
15-02746217,60644.0,28.0,15.0,25.0
15-02746235,60644.0,28.0,15.0,25.0
15-02704101,60644.0,28.0,11.0,25.0
15-02584847,60644.0,28.0,11.0,25.0
15-02568998,60644.0,37.0,15.0,25.0
15-02517103,60644.0,37.0,15.0,25.0
15-02489855,60644.0,28.0,11.0,25.0
15-02489851,60644.0,28.0,11.0,25.0
15-02489847,60644.0,28.0,11.0,25.0
15-02489863,60644.0,28.0,11.0,25.0
15-02414057,60644.0,28.0,15.0,25.0
15-02395702,60644.0,29.0,15.0,25.0
15-02395717,60644.0,29.0,15.0,25.0
15-02387985,60644.0,28.0,15.0,25.0
15-02387980,60644.0,28.0,15.0,25.0
15-02387993,60644.0,28.0,15.0,25.0
15-02387340,60644.0,24.0,11.0,25.0
15-02324879,60644.0,28.0,15.0,25.0
15-02313317,60644.0,28.0,11.0,25.0
15-02286125,60644.0,24.0,11.0,25.0
15-02285965,60644.0,28.0,11.0,25.0
15-02276387,60644.0,29.0,15.0,25.0
15-02277428,60644.0,28.0,11.0,25.0
15-02277383,60644.0,28.0,11.0,25.0
15-02252549,60644.0,28.0,15.0,25.0
15-02252594,60644.0,28.0,11.0,25.0
15-02252572,60644.0,28.0,11.0,25.0
15-02252557,60644.0,29.0,15.0,25.0
15-02252567,60644.0,29.0,15.0,25.0
15-02252562,60644.0,29.0,15.0,25.0
15-02250888,60644.0,28.0,15.0,25.0
15-02250884,60644.0,28.0,15.0,25.0
15-02250882,60644.0,28.0,15.0,25.0
15-02250890,60644.0,28.0,15.0,25.0
15-02181944,60644.0,29.0,15.0,25.0
15-02181817,60644.0,28.0,15.0,25.0
15-02181836,60644.0,28.0,15.0,25.0
15-02176697,60644.0,28.0,15.0,25.0
15-02156304,60644.0,29.0,15.0,25.0
15-02148355,60644.0,29.0,15.0,25.0
15-02159682,60644.0,28.0,15.0,25.0
15-02159697,60644.0,28.0,15.0,25.0
15-02148502,60644.0,24.0,11.0,25.0
15-02148431,60644.0,24.0,11.0,25.0
15-02148390,60644.0,29.0,15.0,25.0
15-02130706,60644.0,28.0,15.0,25.0
15-02130306,60644.0,28.0,15.0,25.0
15-02130218,60644.0,37.0,15.0,25.0
15-02130084,60644.0,28.0,15.0,25.0
15-02130358,60644.0,28.0,15.0,25.0
15-02130725,60644.0,28.0,15.0,25.0
15-02130686,60644.0,28.0,15.0,25.0
15-02130663,60644.0,28.0,15.0,25.0
15-02102000,60644.0,28.0,11.0,25.0
15-02102216,60644.0,28.0,15.0,25.0
15-02076293,60644.0,29.0,15.0,25.0
15-02076270,60644.0,29.0,15.0,25.0
15-02076258,60644.0,24.0,11.0,25.0
15-02003072,60644.0,29.0,15.0,25.0
15-02016059,60644.0,28.0,11.0,25.0
15-02016037,60644.0,28.0,11.0,25.0
15-01982087,60644.0,28.0,15.0,25.0
15-01974638,60644.0,24.0,11.0,25.0
15-01982047,60644.0,28.0,15.0,25.0
15-01982087,60644.0,28.0,15.0,25.0
15-01983195,60644.0,28.0,15.0,25.0
15-01983719,60644.0,28.0,15.0,25.0
15-01975550,60644.0,28.0,15.0,25.0
15-01975553,60644.0,28.0,15.0,25.0
15-01975558,60644.0,28.0,15.0,25.0
15-01924558,60644.0,28.0,15.0,25.0
15-01924635,60644.0,28.0,15.0,25.0
15-01924563,60644.0,28.0,15.0,25.0
15-01924586,60644.0,28.0,15.0,25.0
15-01924572,60644.0,28.0,15.0,25.0
15-01902097,60644.0,28.0,15.0,25.0
15-01900740,60644.0,29.0,15.0,25.0
15-01884916,60644.0,28.0,11.0,25.0
15-01879834,60644.0,29.0,15.0,25.0
15-01879847,60644.0,29.0,15.0,25.0
15-01861808,60644.0,28.0,15.0,25.0
15-01861801,60644.0,28.0,15.0,25.0
15-01811205,60644.0,28.0,15.0,25.0
15-01819349,60644.0,29.0,15.0,25.0
15-01819340,60644.0,29.0,15.0,25.0
15-01789922,60644.0,29.0,15.0,25.0
15-01793472,60644.0,29.0,15.0,25.0
15-01718386,60644.0,28.0,11.0,25.0
15-01718537,60644.0,28.0,15.0,25.0
15-01718529,60644.0,28.0,15.0,25.0
15-01718570,60644.0,28.0,15.0,25.0
15-01718533,60644.0,28.0,15.0,25.0
15-01718563,60644.0,28.0,15.0,25.0
15-01718557,60644.0,28.0,15.0,25.0
15-01718551,60644.0,28.0,15.0,25.0
15-01718543,60644.0,28.0,15.0,25.0
15-01718583,60644.0,28.0,11.0,25.0
15-01718577,60644.0,28.0,15.0,25.0
15-01727451,60644.0,29.0,15.0,25.0
15-01727944,60644.0,29.0,15.0,25.0
15-01727902,60644.0,29.0,15.0,25.0
15-01727821,60644.0,29.0,15.0,25.0
15-01727856,60644.0,29.0,15.0,25.0
15-01694751,60644.0,29.0,15.0,25.0
15-01663552,60644.0,28.0,15.0,25.0
15-01663629,60644.0,28.0,15.0,25.0
15-01663586,60644.0,28.0,15.0,25.0
15-01670192,60644.0,28.0,15.0,25.0
15-01641674,60644.0,29.0,15.0,25.0
15-01641677,60644.0,29.0,15.0,25.0
15-01639758,60644.0,37.0,15.0,25.0
15-01639876,60644.0,28.0,15.0,25.0
15-01615866,60644.0,37.0,15.0,25.0
15-01611288,60644.0,37.0,15.0,25.0
15-01611578,60644.0,37.0,15.0,25.0
15-01611779,60644.0,28.0,15.0,25.0
15-01611722,60644.0,28.0,15.0,25.0
15-01611662,60644.0,37.0,15.0,25.0
15-01612240,60644.0,37.0,15.0,25.0
15-01612288,60644.0,28.0,15.0,25.0
15-01615866,60644.0,37.0,15.0,25.0
15-01615860,60644.0,28.0,15.0,25.0
15-01616892,60644.0,28.0,15.0,25.0
15-01593921,60644.0,29.0,15.0,25.0
15-01533683,60644.0,29.0,15.0,25.0
15-01535836,60644.0,29.0,15.0,25.0
15-01499649,60644.0,29.0,15.0,25.0
15-01499830,60644.0,29.0,15.0,25.0
15-01499788,60644.0,29.0,15.0,25.0
15-01498538,60644.0,24.0,11.0,25.0
15-01510151,60644.0,29.0,15.0,25.0
15-01499579,60644.0,28.0,15.0,25.0
15-01499596,60644.0,29.0,15.0,25.0
15-01499623,60644.0,29.0,15.0,25.0
15-01498586,60644.0,24.0,11.0,25.0
15-01498699,60644.0,24.0,11.0,25.0
15-01484598,60644.0,29.0,15.0,25.0
15-01484695,60644.0,29.0,15.0,25.0
15-01473572,60644.0,28.0,15.0,25.0
15-01484614,60644.0,29.0,15.0,25.0
15-01448872,60644.0,28.0,15.0,25.0
15-01447178,60644.0,29.0,15.0,25.0
15-01469036,60644.0,29.0,15.0,25.0
15-01458316,60644.0,29.0,15.0,25.0
15-01395812,60644.0,29.0,15.0,25.0
15-01395710,60644.0,28.0,15.0,25.0
15-01362492,60644.0,29.0,15.0,25.0
15-01369997,60644.0,28.0,11.0,25.0
15-01371092,60644.0,28.0,15.0,25.0
15-01336042,60644.0,28.0,15.0,25.0
15-01334619,60644.0,28.0,15.0,25.0
15-01334614,60644.0,28.0,15.0,25.0
15-01301018,60644.0,28.0,15.0,25.0
15-01114186,60644.0,28.0,15.0,25.0
15-01114177,60644.0,28.0,15.0,25.0
15-01074197,60644.0,28.0,15.0,25.0
15-01043784,60644.0,28.0,15.0,25.0
15-01044031,60644.0,28.0,15.0,25.0
15-01009536,60644.0,28.0,15.0,25.0
15-00966710,60644.0,29.0,15.0,25.0
15-00966780,60644.0,28.0,15.0,25.0
15-00963373,60644.0,29.0,15.0,25.0
15-00940016,60644.0,28.0,11.0,25.0
15-00944303,60644.0,29.0,15.0,25.0
15-00945730,60644.0,28.0,15.0,25.0
15-00910422,60644.0,29.0,15.0,25.0
15-00882104,60644.0,29.0,15.0,25.0
15-00882119,60644.0,24.0,11.0,25.0
15-00878669,60644.0,29.0,15.0,25.0
15-00882112,60644.0,29.0,15.0,25.0
15-00839419,60644.0,29.0,15.0,25.0
15-00829900,60644.0,29.0,15.0,25.0
15-00804898,60644.0,24.0,15.0,25.0
15-00765381,60644.0,29.0,15.0,25.0
15-00766276,60644.0,29.0,15.0,25.0
15-00766308,60644.0,29.0,15.0,25.0
15-00743726,60644.0,29.0,15.0,25.0
15-00708084,60644.0,28.0,11.0,25.0
15-00706982,60644.0,28.0,15.0,25.0
15-00706977,60644.0,28.0,15.0,25.0
15-00708075,60644.0,28.0,15.0,25.0
15-00691784,60644.0,29.0,15.0,25.0
15-00691663,60644.0,29.0,15.0,25.0
15-00691782,60644.0,29.0,15.0,25.0
15-00641336,60644.0,29.0,15.0,25.0
15-00643874,60644.0,28.0,11.0,25.0
15-00643581,60644.0,29.0,15.0,25.0
15-00617347,60644.0,28.0,15.0,25.0
15-00616787,60644.0,28.0,11.0,25.0
15-00618605,60644.0,28.0,11.0,25.0
15-00618698,60644.0,28.0,15.0,25.0
15-00620425,60644.0,29.0,15.0,25.0
15-00621695,60644.0,28.0,15.0,25.0
15-00539381,60644.0,29.0,15.0,25.0
15-00539376,60644.0,29.0,15.0,25.0
15-00529963,60644.0,28.0,11.0,25.0
15-00529934,60644.0,28.0,11.0,25.0
15-00490022,60644.0,29.0,15.0,25.0
15-00463774,60644.0,29.0,15.0,25.0
15-00463751,60644.0,29.0,15.0,25.0
15-00384602,60644.0,29.0,15.0,25.0
15-00384593,60644.0,29.0,15.0,25.0
15-00384585,60644.0,29.0,15.0,25.0
15-00384580,60644.0,29.0,15.0,25.0
15-00384570,60644.0,29.0,15.0,25.0
15-00382784,60644.0,28.0,15.0,25.0
15-00391970,60644.0,28.0,11.0,25.0
15-00332350,60644.0,28.0,15.0,25.0
15-00332352,60644.0,28.0,15.0,25.0
15-00326863,60644.0,28.0,15.0,25.0
15-00326859,60644.0,28.0,15.0,25.0
15-00326839,60644.0,28.0,15.0,25.0
15-00326837,60644.0,28.0,15.0,25.0
15-00326830,60644.0,28.0,15.0,25.0
15-00326828,60644.0,28.0,15.0,25.0
15-00326826,60644.0,28.0,15.0,25.0
15-00326806,60644.0,37.0,15.0,25.0
15-00326848,60644.0,28.0,15.0,25.0
15-00326845,60644.0,28.0,15.0,25.0
15-00326865,60644.0,28.0,15.0,25.0
15-00326902,60644.0,28.0,15.0,25.0
15-00326897,60644.0,28.0,15.0,25.0
15-00326917,60644.0,28.0,15.0,25.0
15-00318828,60644.0,28.0,15.0,25.0
15-00318858,60644.0,37.0,15.0,25.0
15-00313774,60644.0,28.0,15.0,25.0
15-00313729,60644.0,28.0,15.0,25.0
15-00296162,60644.0,29.0,15.0,25.0
15-00264264,60644.0,28.0,15.0,25.0
15-00264845,60644.0,28.0,15.0,25.0
15-00241613,60644.0,28.0,15.0,25.0
15-00241608,60644.0,28.0,15.0,25.0
15-00240673,60644.0,28.0,11.0,25.0
15-00240693,60644.0,28.0,11.0,25.0
15-00240688,60644.0,28.0,11.0,25.0
15-00240681,60644.0,28.0,11.0,25.0
15-00240712,60644.0,28.0,11.0,25.0
15-00240725,60644.0,28.0,11.0,25.0
15-00237478,60644.0,29.0,15.0,25.0
15-00232016,60644.0,29.0,15.0,25.0
15-00225539,60644.0,29.0,15.0,25.0
15-00216335,60644.0,28.0,11.0,25.0
15-00216333,60644.0,28.0,11.0,25.0
15-00156908,60644.0,24.0,11.0,25.0
15-00144457,60644.0,28.0,11.0,25.0
15-00142596,60644.0,29.0,15.0,25.0
15-00118199,60644.0,29.0,15.0,25.0
15-00120587,60644.0,37.0,15.0,25.0
15-00120666,60644.0,28.0,15.0,25.0
15-00120736,60644.0,28.0,15.0,25.0
15-00085323,60644.0,29.0,15.0,25.0
15-00085326,60644.0,29.0,15.0,25.0
15-00086368,60644.0,29.0,15.0,25.0
15-00079034,60644.0,29.0,15.0,25.0
15-00064597,60644.0,28.0,15.0,25.0
15-00064582,60644.0,28.0,15.0,25.0
15-00064457,60644.0,28.0,11.0,25.0
15-00064569,60644.0,28.0,15.0,25.0
15-00064561,60644.0,28.0,15.0,25.0
15-00064565,60644.0,28.0,15.0,25.0
15-00064476,60644.0,29.0,15.0,25.0
15-00064468,60644.0,29.0,15.0,25.0
15-00064483,60644.0,29.0,15.0,25.0
15-00064601,60644.0,28.0,15.0,25.0
15-00064608,60644.0,28.0,15.0,25.0
15-00048370,60644.0,29.0,15.0,25.0
15-00033449,60644.0,28.0,15.0,25.0
15-00033897,60644.0,28.0,15.0,25.0
15-00033894,60644.0,28.0,15.0,25.0
15-00033915,60644.0,28.0,15.0,25.0
15-00033902,60644.0,28.0,15.0,25.0
15-00033912,60644.0,28.0,15.0,25.0
15-00033908,60644.0,28.0,15.0,25.0
15-00028988,60644.0,29.0,15.0,25.0
15-00028979,60644.0,29.0,15.0,25.0
15-00029015,60644.0,28.0,15.0,25.0
15-00023652,60644.0,28.0,15.0,25.0
15-00000708,60644.0,29.0,15.0,25.0
14-02214862,60644.0,29.0,15.0,25.0
14-02213263,60644.0,28.0,15.0,25.0
14-02213252,60644.0,28.0,15.0,25.0
14-02206188,60644.0,24.0,11.0,25.0
14-02206183,60644.0,24.0,11.0,25.0
14-02205928,60644.0,29.0,15.0,25.0
14-02206001,60644.0,29.0,15.0,25.0
14-02163376,60644.0,37.0,15.0,25.0
14-02157097,60644.0,37.0,15.0,25.0
14-02126412,60644.0,28.0,11.0,25.0
14-02126423,60644.0,28.0,11.0,25.0
14-02114375,60644.0,28.0,11.0,25.0
14-02109069,60644.0,28.0,15.0,25.0
14-02096982,60644.0,28.0,11.0,25.0
14-02101500,60644.0,29.0,15.0,25.0
14-02092867,60644.0,28.0,15.0,25.0
14-02092876,60644.0,28.0,11.0,25.0
14-02085718,60644.0,28.0,11.0,25.0
14-02083776,60644.0,29.0,15.0,25.0
14-02076530,60644.0,28.0,11.0,25.0
14-02069740,60644.0,28.0,11.0,25.0
14-02065048,60644.0,28.0,15.0,25.0
14-02069702,60644.0,29.0,15.0,25.0
14-02066245,60644.0,28.0,11.0,25.0
14-02056744,60644.0,29.0,15.0,25.0
14-02061798,60644.0,28.0,11.0,25.0
14-02051373,60644.0,28.0,15.0,25.0
14-02042510,60644.0,28.0,11.0,25.0
14-02035615,60644.0,28.0,11.0,25.0
14-02023631,60644.0,29.0,15.0,25.0
14-02028251,60644.0,28.0,11.0,25.0
14-02028242,60644.0,29.0,15.0,25.0
14-02020667,60644.0,29.0,15.0,25.0
14-02015382,60644.0,28.0,11.0,25.0
14-02015577,60644.0,24.0,11.0,25.0
14-02015569,60644.0,24.0,11.0,25.0
14-02015581,60644.0,24.0,11.0,25.0
14-02008614,60644.0,28.0,11.0,25.0
14-01995382,60644.0,24.0,11.0,25.0
14-01995380,60644.0,24.0,11.0,25.0
14-01995384,60644.0,24.0,11.0,25.0
14-01995392,60644.0,28.0,15.0,25.0
14-01995888,60644.0,28.0,15.0,25.0
14-02000847,60644.0,28.0,11.0,25.0
14-01985050,60644.0,24.0,15.0,25.0
14-01984978,60644.0,28.0,11.0,25.0
14-01985055,60644.0,24.0,15.0,25.0
14-01974749,60644.0,28.0,11.0,25.0
14-01975753,60644.0,28.0,15.0,25.0
14-01970868,60644.0,28.0,11.0,25.0
14-01969069,60644.0,28.0,15.0,25.0
14-01968496,60644.0,28.0,11.0,25.0
14-01959145,60644.0,28.0,11.0,25.0
14-01939322,60644.0,29.0,15.0,25.0
14-01942217,60644.0,24.0,15.0,25.0
14-01943144,60644.0,28.0,11.0,25.0
14-01934458,60644.0,28.0,11.0,25.0
14-01923868,60644.0,28.0,11.0,25.0
14-01923859,60644.0,28.0,15.0,25.0
14-01923849,60644.0,28.0,15.0,25.0
14-01916821,60644.0,29.0,15.0,25.0
14-01916830,60644.0,29.0,15.0,25.0
14-01900959,60644.0,28.0,15.0,25.0
14-01900947,60644.0,28.0,15.0,25.0
14-01900938,60644.0,28.0,15.0,25.0
14-01900927,60644.0,28.0,15.0,25.0
14-01900923,60644.0,28.0,15.0,25.0
14-01898109,60644.0,29.0,15.0,25.0
14-01871344,60644.0,28.0,11.0,25.0
14-01871283,60644.0,28.0,11.0,25.0
14-01871320,60644.0,28.0,11.0,25.0
14-01875225,60644.0,24.0,11.0,25.0
14-01833797,60644.0,28.0,11.0,25.0
14-01806613,60644.0,29.0,15.0,25.0
14-01789370,60644.0,29.0,15.0,25.0
14-01765804,60644.0,29.0,15.0,25.0
14-01763252,60644.0,29.0,15.0,25.0
14-01763259,60644.0,29.0,15.0,25.0
14-01742590,60644.0,24.0,15.0,25.0
14-01739706,60644.0,29.0,15.0,25.0
14-01739744,60644.0,29.0,15.0,25.0
14-01733595,60644.0,24.0,15.0,25.0
14-01722517,60644.0,29.0,15.0,25.0
14-01722533,60644.0,29.0,15.0,25.0
14-01716011,60644.0,28.0,11.0,25.0
14-01716028,60644.0,28.0,11.0,25.0
14-01713026,60644.0,29.0,15.0,25.0
14-01712997,60644.0,29.0,15.0,25.0
14-01713049,60644.0,29.0,15.0,25.0
14-01714118,60644.0,29.0,15.0,25.0
14-01714952,60644.0,29.0,15.0,25.0
14-01697007,60644.0,29.0,15.0,25.0
14-01697005,60644.0,29.0,15.0,25.0
14-01697004,60644.0,29.0,15.0,25.0
14-01697003,60644.0,29.0,15.0,25.0
14-01686024,60644.0,24.0,11.0,25.0
14-01683216,60644.0,29.0,15.0,25.0
14-01683214,60644.0,29.0,15.0,25.0
14-01676613,60644.0,29.0,15.0,25.0
14-01660567,60644.0,29.0,15.0,25.0
14-01660500,60644.0,29.0,15.0,25.0
14-01660886,60644.0,24.0,11.0,25.0
14-01649052,60644.0,29.0,15.0,25.0
14-01649029,60644.0,29.0,15.0,25.0
14-01637076,60644.0,29.0,15.0,25.0
14-01628450,60644.0,29.0,15.0,25.0
14-01623450,60644.0,29.0,15.0,25.0
14-01623448,60644.0,29.0,15.0,25.0
14-01623569,60644.0,29.0,15.0,25.0
14-01605709,60644.0,28.0,11.0,25.0
14-01603991,60644.0,28.0,11.0,25.0
14-01558626,60644.0,29.0,15.0,25.0
14-01558625,60644.0,29.0,15.0,25.0
14-01558603,60644.0,24.0,11.0,25.0
14-01558605,60644.0,24.0,11.0,25.0
14-01538046,60644.0,29.0,15.0,25.0
14-01521433,60644.0,28.0,15.0,25.0
14-01511263,60644.0,29.0,15.0,25.0
14-01516069,60644.0,29.0,15.0,25.0
14-01494379,60644.0,29.0,15.0,25.0
14-01483063,60644.0,28.0,15.0,25.0
14-01483226,60644.0,28.0,15.0,25.0
14-01483203,60644.0,28.0,15.0,25.0
14-01460762,60644.0,29.0,15.0,25.0
14-01436787,60644.0,24.0,15.0,25.0
14-01436779,60644.0,24.0,15.0,25.0
14-01422775,60644.0,29.0,15.0,25.0
14-01384361,60644.0,28.0,11.0,25.0
14-01384199,60644.0,28.0,11.0,25.0
14-01384188,60644.0,28.0,11.0,25.0
14-01384170,60644.0,28.0,15.0,25.0
14-01384156,60644.0,28.0,15.0,25.0
14-01375021,60644.0,28.0,11.0,25.0
14-01367975,60644.0,28.0,11.0,25.0
14-01364781,60644.0,29.0,15.0,25.0
14-01364773,60644.0,29.0,15.0,25.0
14-01364766,60644.0,29.0,15.0,25.0
14-01359993,60644.0,29.0,15.0,25.0
14-01357021,60644.0,29.0,15.0,25.0
14-01347921,60644.0,24.0,15.0,25.0
14-01347320,60644.0,28.0,15.0,25.0
14-01350412,60644.0,29.0,15.0,25.0
14-01346648,60644.0,29.0,15.0,25.0
14-01346640,60644.0,29.0,15.0,25.0
14-01342537,60644.0,29.0,15.0,25.0
14-01340558,60644.0,29.0,15.0,25.0
14-01337556,60644.0,29.0,15.0,25.0
14-01340539,60644.0,29.0,15.0,25.0
14-01340503,60644.0,29.0,15.0,25.0
14-01332700,60644.0,28.0,11.0,25.0
14-01324372,60644.0,29.0,15.0,25.0
14-01324793,60644.0,28.0,15.0,25.0
14-01324829,60644.0,29.0,15.0,25.0
14-01316201,60644.0,28.0,15.0,25.0
14-01309040,60644.0,24.0,11.0,25.0
14-01309980,60644.0,29.0,15.0,25.0
14-01293475,60644.0,28.0,15.0,25.0
14-01297357,60644.0,29.0,15.0,25.0
14-01282045,60644.0,29.0,15.0,25.0
14-01288116,60644.0,28.0,15.0,25.0
14-01264216,60644.0,28.0,11.0,25.0
14-01261003,60644.0,29.0,15.0,25.0
14-01243959,60644.0,28.0,15.0,25.0
14-01243916,60644.0,28.0,15.0,25.0
14-01223804,60644.0,29.0,15.0,25.0
14-01198755,60644.0,29.0,15.0,25.0
14-01198776,60644.0,29.0,15.0,25.0
14-01198726,60644.0,29.0,15.0,25.0
14-01198687,60644.0,29.0,15.0,25.0
14-01195199,60644.0,28.0,15.0,25.0
14-01196071,60644.0,29.0,15.0,25.0
14-01181443,60644.0,28.0,15.0,25.0
14-01181336,60644.0,28.0,15.0,25.0
14-01170875,60644.0,28.0,15.0,25.0
14-01170871,60644.0,28.0,15.0,25.0
14-01158997,60644.0,29.0,15.0,25.0
14-01165728,60644.0,28.0,15.0,25.0
14-01141413,60644.0,28.0,15.0,25.0
14-01127102,60644.0,28.0,15.0,25.0
14-01109692,60644.0,28.0,11.0,25.0
14-01102481,60644.0,29.0,15.0,25.0
14-01101209,60644.0,29.0,15.0,25.0
14-01102466,60644.0,29.0,15.0,25.0
14-01083579,60644.0,29.0,15.0,25.0
14-01086194,60644.0,29.0,15.0,25.0
14-01074813,60644.0,29.0,15.0,25.0
14-01066003,60644.0,37.0,15.0,25.0
14-01066001,60644.0,29.0,15.0,25.0
14-01065998,60644.0,28.0,15.0,25.0
14-01065950,60644.0,29.0,15.0,25.0
14-01062582,60644.0,28.0,11.0,25.0
14-01054267,60644.0,29.0,15.0,25.0
14-01054257,60644.0,29.0,15.0,25.0
14-01050161,60644.0,28.0,15.0,25.0
14-01012517,60644.0,29.0,15.0,25.0
14-00987801,60644.0,24.0,15.0,25.0
14-00974796,60644.0,29.0,15.0,25.0
14-00963026,60644.0,24.0,15.0,25.0
14-00964593,60644.0,29.0,15.0,25.0
14-00954197,60644.0,28.0,15.0,25.0
14-00947891,60644.0,29.0,15.0,25.0
14-00947868,60644.0,29.0,15.0,25.0
14-00947852,60644.0,29.0,15.0,25.0
14-00947839,60644.0,29.0,15.0,25.0
14-00940978,60644.0,29.0,15.0,25.0
14-00939702,60644.0,28.0,15.0,25.0
14-00912301,60644.0,37.0,15.0,25.0
14-00903081,60644.0,29.0,15.0,25.0
14-00891565,60644.0,28.0,11.0,25.0
14-00891557,60644.0,28.0,11.0,25.0
14-00881884,60644.0,28.0,15.0,25.0
14-00881889,60644.0,28.0,15.0,25.0
14-00883611,60644.0,29.0,15.0,25.0
14-00889945,60644.0,24.0,15.0,25.0
14-00883567,60644.0,29.0,15.0,25.0
14-00875351,60644.0,28.0,15.0,25.0
14-00875361,60644.0,28.0,15.0,25.0
14-00880655,60644.0,24.0,15.0,25.0
14-00875026,60644.0,24.0,15.0,25.0
14-00866125,60644.0,28.0,15.0,25.0
14-00823865,60644.0,37.0,15.0,25.0
14-00827946,60644.0,28.0,15.0,25.0
14-00819417,60644.0,29.0,15.0,25.0
14-00808626,60644.0,29.0,15.0,25.0
14-00812316,60644.0,28.0,15.0,25.0
14-00812327,60644.0,28.0,15.0,25.0
14-00813594,60644.0,28.0,15.0,25.0
14-00813582,60644.0,28.0,15.0,25.0
14-00813458,60644.0,29.0,15.0,25.0
14-00813449,60644.0,29.0,15.0,25.0
14-00796034,60644.0,28.0,15.0,25.0
14-00789501,60644.0,29.0,15.0,25.0
14-00769365,60644.0,24.0,11.0,25.0
14-00771756,60644.0,29.0,15.0,25.0
14-00761034,60644.0,28.0,15.0,25.0
14-00752376,60644.0,28.0,15.0,25.0
14-00752303,60644.0,28.0,15.0,25.0
14-00752285,60644.0,28.0,15.0,25.0
14-00752428,60644.0,28.0,15.0,25.0
14-00752421,60644.0,28.0,15.0,25.0
14-00752438,60644.0,28.0,15.0,25.0
14-00752929,60644.0,28.0,15.0,25.0
14-00752456,60644.0,28.0,15.0,25.0
14-00752497,60644.0,28.0,15.0,25.0
14-00747849,60644.0,29.0,15.0,25.0
14-00743224,60644.0,28.0,15.0,25.0
14-00739754,60644.0,28.0,15.0,25.0
14-00739723,60644.0,28.0,15.0,25.0
14-00726940,60644.0,28.0,15.0,25.0
14-00719346,60644.0,29.0,15.0,25.0
14-00718990,60644.0,28.0,15.0,25.0
14-00707402,60644.0,29.0,15.0,25.0
14-00707834,60644.0,24.0,15.0,25.0
14-00708192,60644.0,24.0,15.0,25.0
14-00705157,60644.0,29.0,15.0,25.0
14-00694582,60644.0,29.0,15.0,25.0
14-00687430,60644.0,24.0,15.0,25.0
14-00687431,60644.0,24.0,15.0,25.0
14-00686323,60644.0,24.0,15.0,25.0
14-00678798,60644.0,29.0,15.0,25.0
14-00674552,60644.0,28.0,15.0,25.0
14-00664802,60644.0,28.0,15.0,25.0
14-00664916,60644.0,28.0,15.0,25.0
14-00652832,60644.0,28.0,15.0,25.0
14-00647772,60644.0,29.0,15.0,25.0
14-00638624,60644.0,24.0,15.0,25.0
14-00642204,60644.0,24.0,15.0,25.0
14-00638858,60644.0,28.0,11.0,25.0
14-00626741,60644.0,28.0,15.0,25.0
14-00622015,60644.0,29.0,15.0,25.0
14-00621812,60644.0,29.0,15.0,25.0
14-00609789,60644.0,28.0,15.0,25.0
14-00598394,60644.0,24.0,11.0,25.0
14-00600767,60644.0,28.0,11.0,25.0
14-00598365,60644.0,24.0,11.0,25.0
14-00598427,60644.0,24.0,11.0,25.0
14-00598454,60644.0,24.0,15.0,25.0
14-00562526,60644.0,29.0,15.0,25.0
14-00562504,60644.0,29.0,15.0,25.0
14-00562518,60644.0,29.0,15.0,25.0
14-00562281,60644.0,29.0,15.0,25.0
14-00556717,60644.0,29.0,15.0,25.0
14-00556656,60644.0,29.0,15.0,25.0
14-00558013,60644.0,28.0,11.0,25.0
14-00552428,60644.0,29.0,15.0,25.0
14-00544287,60644.0,28.0,15.0,25.0
14-00544269,60644.0,28.0,15.0,25.0
14-00542392,60644.0,28.0,11.0,26.0
14-00542384,60644.0,28.0,11.0,25.0
14-00546211,60644.0,29.0,15.0,25.0
14-00546283,60644.0,28.0,11.0,25.0
14-00539045,60644.0,29.0,15.0,25.0
14-00526190,60644.0,29.0,15.0,25.0
14-00526184,60644.0,29.0,15.0,25.0
14-00526254,60644.0,29.0,15.0,25.0
14-00518755,60644.0,28.0,15.0,25.0
14-00502405,60644.0,29.0,15.0,25.0
14-00503157,60644.0,28.0,15.0,25.0
14-00502102,60644.0,29.0,15.0,25.0
14-00500349,60644.0,24.0,15.0,25.0
14-00502541,60644.0,29.0,15.0,25.0
14-00502464,60644.0,29.0,15.0,25.0
14-00502363,60644.0,29.0,15.0,25.0
14-00502445,60644.0,29.0,15.0,25.0
14-00497501,60644.0,29.0,15.0,25.0
14-00486694,60644.0,29.0,15.0,25.0
14-00481169,60644.0,28.0,15.0,25.0
14-00476265,60644.0,28.0,15.0,25.0
14-00476192,60644.0,28.0,15.0,25.0
14-00475820,60644.0,28.0,11.0,25.0
14-00456621,60644.0,28.0,11.0,25.0
14-00452527,60644.0,24.0,15.0,25.0
14-00448934,60644.0,29.0,15.0,25.0
14-00448937,60644.0,28.0,11.0,25.0
14-00444131,60644.0,28.0,15.0,25.0
14-00440817,60644.0,29.0,15.0,25.0
14-00441065,60644.0,29.0,15.0,25.0
14-00440861,60644.0,29.0,15.0,25.0
14-00440865,60644.0,29.0,15.0,25.0
14-00433178,60644.0,29.0,15.0,25.0
14-00424693,60644.0,29.0,15.0,25.0
14-00424679,60644.0,29.0,15.0,25.0
14-00424754,60644.0,28.0,15.0,25.0
14-00424726,60644.0,28.0,15.0,25.0
14-00424705,60644.0,28.0,15.0,25.0
14-00424828,60644.0,29.0,15.0,25.0
14-00424349,60644.0,29.0,15.0,25.0
14-00423879,60644.0,28.0,15.0,25.0
14-00424777,60644.0,29.0,15.0,25.0
14-00424813,60644.0,29.0,15.0,25.0
14-00417262,60644.0,29.0,15.0,25.0
14-00417851,60644.0,28.0,15.0,25.0
14-00396484,60644.0,28.0,15.0,25.0
14-00398588,60644.0,28.0,15.0,25.0
14-00373142,60644.0,28.0,15.0,25.0
14-00357481,60644.0,24.0,11.0,25.0
14-00361186,60644.0,28.0,15.0,25.0
14-00352426,60644.0,28.0,15.0,25.0
14-00346076,60644.0,29.0,15.0,25.0
14-00345966,60644.0,29.0,15.0,25.0
14-00346022,60644.0,29.0,15.0,25.0
14-00346110,60644.0,24.0,15.0,25.0
14-00345950,60644.0,29.0,15.0,25.0
14-00345914,60644.0,29.0,15.0,25.0
14-00345983,60644.0,29.0,15.0,25.0
14-00339470,60644.0,29.0,15.0,25.0
14-00321679,60644.0,29.0,15.0,25.0
14-00324913,60644.0,28.0,15.0,25.0
14-00321681,60644.0,29.0,15.0,25.0
14-00311203,60644.0,29.0,15.0,25.0
14-00310063,60644.0,28.0,11.0,25.0
14-00310107,60644.0,28.0,11.0,25.0
14-00310177,60644.0,28.0,11.0,25.0
14-00303008,60644.0,29.0,15.0,25.0
14-00299533,60644.0,29.0,15.0,25.0
14-00281742,60644.0,29.0,15.0,25.0
14-00281756,60644.0,28.0,11.0,25.0
14-00236898,60644.0,29.0,15.0,25.0
14-00231302,60644.0,29.0,15.0,25.0
14-00205335,60644.0,24.0,15.0,25.0
14-00205324,60644.0,24.0,15.0,25.0
14-00184908,60644.0,29.0,15.0,25.0
14-00184916,60644.0,29.0,15.0,25.0
14-00163780,60644.0,28.0,15.0,25.0
14-00150771,60644.0,29.0,15.0,25.0
14-00146122,60644.0,24.0,15.0,25.0
14-00141303,60644.0,37.0,15.0,25.0
14-00141308,60644.0,37.0,15.0,25.0
14-00141416,60644.0,29.0,15.0,25.0
14-00127365,60644.0,29.0,15.0,25.0
14-00127366,60644.0,29.0,15.0,25.0
14-00127360,60644.0,28.0,15.0,25.0
14-00101853,60644.0,24.0,11.0,25.0
14-00083907,60644.0,29.0,15.0,25.0
14-00075636,60644.0,28.0,15.0,25.0
14-00072491,60644.0,29.0,15.0,25.0
14-00072457,60644.0,29.0,15.0,25.0
14-00072553,60644.0,29.0,15.0,25.0
14-00072514,60644.0,29.0,15.0,25.0
14-00072438,60644.0,29.0,15.0,25.0
14-00062136,60644.0,29.0,15.0,25.0
14-00062049,60644.0,29.0,15.0,25.0
14-00061946,60644.0,29.0,15.0,25.0
14-00063069,60644.0,29.0,15.0,25.0
14-00063137,60644.0,29.0,15.0,25.0
14-00052845,60644.0,29.0,15.0,25.0
14-00052849,60644.0,29.0,15.0,25.0
14-00036038,60644.0,29.0,15.0,25.0
14-00035957,60644.0,29.0,15.0,25.0
14-00036075,60644.0,29.0,15.0,25.0
14-00036055,60644.0,29.0,15.0,25.0
14-00036022,60644.0,29.0,15.0,25.0
14-00029280,60644.0,29.0,15.0,25.0
14-00008897,60644.0,29.0,15.0,25.0
14-00009440,60644.0,29.0,15.0,25.0
14-00008865,60644.0,29.0,15.0,25.0
13-01908236,60644.0,29.0,15.0,25.0
13-01908433,60644.0,28.0,11.0,25.0
13-01902650,60644.0,28.0,15.0,25.0
13-01902643,60644.0,28.0,15.0,25.0
13-01902637,60644.0,28.0,15.0,25.0
13-01858650,60644.0,28.0,15.0,25.0
13-01854755,60644.0,29.0,15.0,25.0
13-01854764,60644.0,29.0,15.0,25.0
13-01858652,60644.0,29.0,15.0,25.0
13-01851600,60644.0,28.0,15.0,25.0
13-01843186,60644.0,28.0,15.0,25.0
13-01840992,60644.0,29.0,15.0,25.0
13-01837156,60644.0,29.0,15.0,25.0
13-01837150,60644.0,29.0,15.0,25.0
13-01837078,60644.0,29.0,15.0,25.0
13-01837040,60644.0,29.0,15.0,25.0
13-01837159,60644.0,29.0,15.0,25.0
13-01834750,60644.0,29.0,15.0,25.0
13-01836249,60644.0,28.0,15.0,25.0
13-01830345,60644.0,24.0,11.0,25.0
13-01830438,60644.0,24.0,11.0,25.0
13-01830442,60644.0,24.0,11.0,25.0
13-01830433,60644.0,24.0,11.0,25.0
13-01830449,60644.0,24.0,11.0,25.0
13-01820572,60644.0,29.0,15.0,25.0
13-01816506,60644.0,24.0,11.0,25.0
13-01816252,60644.0,29.0,15.0,25.0
13-01810915,60644.0,29.0,15.0,25.0
13-01810894,60644.0,29.0,15.0,25.0
13-01810828,60644.0,29.0,15.0,25.0
13-01810892,60644.0,29.0,15.0,25.0
13-01810932,60644.0,29.0,15.0,25.0
13-01808119,60644.0,29.0,15.0,25.0
13-01808090,60644.0,29.0,15.0,25.0
13-01808146,60644.0,29.0,15.0,25.0
13-01797471,60644.0,24.0,11.0,25.0
13-01797419,60644.0,24.0,11.0,25.0
13-01771520,60644.0,29.0,15.0,25.0
13-01764434,60644.0,29.0,15.0,25.0
13-01764433,60644.0,29.0,15.0,25.0
13-01764426,60644.0,29.0,15.0,25.0
13-01764418,60644.0,29.0,15.0,25.0
13-01764412,60644.0,29.0,15.0,25.0
13-01750108,60644.0,28.0,15.0,25.0
13-01747384,60644.0,29.0,15.0,25.0
13-01740891,60644.0,29.0,15.0,25.0
13-01740847,60644.0,29.0,15.0,25.0
13-01740760,60644.0,29.0,15.0,25.0
13-01741209,60644.0,29.0,15.0,25.0
13-01741298,60644.0,29.0,15.0,25.0
13-01743532,60644.0,28.0,15.0,25.0
13-01741209,60644.0,29.0,15.0,25.0
13-01741329,60644.0,29.0,15.0,25.0
13-01735700,60644.0,28.0,15.0,25.0
13-01734040,60644.0,28.0,15.0,25.0
13-01725728,60644.0,28.0,15.0,25.0
13-01712930,60644.0,24.0,11.0,25.0
13-01706483,60644.0,29.0,15.0,25.0
13-01710167,60644.0,28.0,15.0,25.0
13-01712096,60644.0,29.0,15.0,25.0
13-01703464,60644.0,29.0,15.0,25.0
13-01693685,60644.0,28.0,15.0,25.0
13-01676742,60644.0,28.0,15.0,25.0
13-01676739,60644.0,28.0,15.0,25.0
13-01677791,60644.0,24.0,11.0,25.0
13-01676745,60644.0,28.0,15.0,25.0
13-01657464,60644.0,29.0,15.0,25.0
13-01657439,60644.0,29.0,15.0,25.0
13-01657401,60644.0,29.0,15.0,25.0
13-01652113,60644.0,28.0,15.0,25.0
13-01652104,60644.0,29.0,15.0,25.0
13-01652097,60644.0,29.0,15.0,25.0
13-01650151,60644.0,28.0,11.0,25.0
13-01650145,60644.0,28.0,11.0,25.0
13-01650153,60644.0,28.0,11.0,25.0
13-01650701,60644.0,29.0,15.0,25.0
13-01650780,60644.0,24.0,15.0,25.0
13-01650620,60644.0,29.0,15.0,25.0
13-01639719,60644.0,29.0,15.0,25.0
13-01636959,60644.0,29.0,15.0,25.0
13-01637778,60644.0,24.0,15.0,25.0
13-01638647,60644.0,29.0,15.0,25.0
13-01637597,60644.0,24.0,15.0,25.0
13-01635358,60644.0,29.0,15.0,25.0
13-01638657,60644.0,29.0,15.0,25.0
13-01638652,60644.0,29.0,15.0,25.0
13-01634125,60644.0,24.0,11.0,25.0
13-01638649,60644.0,29.0,15.0,25.0
13-01638643,60644.0,29.0,15.0,25.0
13-01633062,60644.0,24.0,11.0,25.0
13-01636943,60644.0,28.0,15.0,25.0
13-01633027,60644.0,24.0,15.0,25.0
13-01629383,60644.0,29.0,15.0,25.0
13-01627057,60644.0,24.0,15.0,25.0
13-01625043,60644.0,24.0,15.0,25.0
13-01618317,60644.0,29.0,15.0,25.0
13-01601170,60644.0,24.0,15.0,25.0
13-01603744,60644.0,28.0,11.0,25.0
13-01599289,60644.0,29.0,15.0,25.0
13-01599312,60644.0,29.0,15.0,25.0
13-01599297,60644.0,29.0,15.0,25.0
13-01587269,60644.0,29.0,15.0,25.0
13-01589496,60644.0,24.0,15.0,25.0
13-01589501,60644.0,24.0,15.0,25.0
13-01582491,60644.0,28.0,15.0,25.0
13-01563566,60644.0,29.0,15.0,25.0
13-01555235,60644.0,29.0,15.0,25.0
13-01527260,60644.0,28.0,15.0,25.0
13-01525434,60644.0,29.0,15.0,25.0
13-01518063,60644.0,24.0,15.0,25.0
13-01515634,60644.0,37.0,15.0,25.0
13-01503060,60644.0,29.0,15.0,25.0
13-01503032,60644.0,29.0,15.0,25.0
13-01485001,60644.0,28.0,11.0,25.0
13-01481956,60644.0,28.0,11.0,25.0
13-01454801,60644.0,28.0,15.0,25.0
13-01454800,60644.0,24.0,15.0,25.0
13-01445788,60644.0,29.0,15.0,25.0
13-01445786,60644.0,29.0,15.0,25.0
13-01452774,60644.0,24.0,15.0,25.0
13-01428199,60644.0,29.0,15.0,25.0
13-01426791,60644.0,29.0,15.0,25.0
13-01417442,60644.0,28.0,15.0,25.0
13-01417447,60644.0,28.0,15.0,25.0
13-01407633,60644.0,29.0,15.0,25.0
13-01406915,60644.0,29.0,15.0,25.0
13-01406913,60644.0,29.0,15.0,25.0
13-01394217,60644.0,24.0,11.0,25.0
13-01387907,60644.0,28.0,11.0,25.0
13-01387840,60644.0,28.0,11.0,25.0
13-01390879,60644.0,29.0,15.0,25.0
13-01375944,60644.0,28.0,15.0,25.0
13-01376007,60644.0,28.0,15.0,25.0
13-01376016,60644.0,28.0,15.0,25.0
13-01376407,60644.0,28.0,15.0,25.0
13-01376204,60644.0,28.0,15.0,25.0
13-01376520,60644.0,28.0,15.0,25.0
13-01375754,60644.0,28.0,15.0,25.0
13-01375739,60644.0,28.0,15.0,25.0
13-01375912,60644.0,28.0,15.0,25.0
13-01375868,60644.0,28.0,11.0,25.0
13-01375861,60644.0,28.0,15.0,25.0
13-01375837,60644.0,28.0,11.0,25.0
13-01375862,60644.0,28.0,11.0,25.0
13-01375855,60644.0,28.0,11.0,25.0
13-01375854,60644.0,28.0,11.0,25.0
13-01379512,60644.0,28.0,15.0,25.0
13-01352526,60644.0,28.0,15.0,25.0
13-01328349,60644.0,28.0,15.0,25.0
13-01328241,60644.0,28.0,15.0,25.0
13-01310184,60644.0,28.0,15.0,25.0
13-01307512,60644.0,28.0,15.0,25.0
13-01299123,60644.0,28.0,15.0,25.0
13-01298996,60644.0,28.0,15.0,25.0
13-01321699,60644.0,28.0,15.0,25.0
13-01290949,60644.0,29.0,15.0,25.0
13-01285152,60644.0,37.0,15.0,25.0
13-01291812,60644.0,28.0,15.0,25.0
13-01277605,60644.0,29.0,15.0,25.0
13-01277686,60644.0,29.0,15.0,25.0
13-01277591,60644.0,29.0,15.0,25.0
13-01277638,60644.0,29.0,15.0,25.0
13-01277670,60644.0,29.0,15.0,25.0
13-01216124,60644.0,28.0,15.0,25.0
13-01216124,60644.0,28.0,15.0,25.0
13-01201113,60644.0,24.0,15.0,25.0
13-01199007,60644.0,28.0,11.0,25.0
13-01185611,60644.0,29.0,15.0,25.0
13-01187556,60644.0,28.0,15.0,25.0
13-01176147,60644.0,28.0,15.0,25.0
13-01179179,60644.0,29.0,15.0,25.0
13-01179209,60644.0,29.0,15.0,25.0
13-01180628,60644.0,24.0,15.0,25.0
13-01179490,60644.0,29.0,15.0,25.0
13-01166177,60644.0,28.0,15.0,25.0
13-01166155,60644.0,28.0,15.0,25.0
13-01166162,60644.0,28.0,15.0,25.0
13-01166168,60644.0,28.0,15.0,25.0
13-01166165,60644.0,28.0,15.0,25.0
13-01166188,60644.0,28.0,15.0,25.0
13-01163375,60644.0,28.0,15.0,25.0
13-01163386,60644.0,28.0,15.0,25.0
13-01163388,60644.0,28.0,15.0,25.0
13-01158188,60644.0,28.0,11.0,25.0
13-01158196,60644.0,28.0,11.0,25.0
13-01163362,60644.0,28.0,15.0,25.0
13-01152854,60644.0,29.0,15.0,25.0
13-01139498,60644.0,28.0,15.0,25.0
13-01133728,60644.0,28.0,11.0,25.0
13-01133501,60644.0,28.0,11.0,25.0
13-01127659,60644.0,28.0,15.0,25.0
13-01118272,60644.0,28.0,15.0,25.0
13-01117712,60644.0,28.0,15.0,25.0
13-01098965,60644.0,24.0,15.0,25.0
13-01099060,60644.0,24.0,15.0,25.0
13-01096520,60644.0,29.0,15.0,25.0
13-01098929,60644.0,28.0,15.0,25.0
13-01088871,60644.0,24.0,15.0,25.0
13-01091578,60644.0,37.0,15.0,25.0
13-01080644,60644.0,24.0,15.0,25.0
13-01075990,60644.0,29.0,15.0,25.0
13-01076134,60644.0,29.0,15.0,25.0
13-01075908,60644.0,28.0,15.0,25.0
13-01075998,60644.0,28.0,15.0,25.0
13-01075925,60644.0,28.0,15.0,25.0
13-01075984,60644.0,28.0,15.0,25.0
13-01075944,60644.0,28.0,15.0,25.0
13-01076019,60644.0,28.0,15.0,25.0
13-01076011,60644.0,28.0,15.0,25.0
13-01076055,60644.0,28.0,15.0,25.0
13-01076026,60644.0,28.0,15.0,25.0
13-01076147,60644.0,29.0,15.0,25.0
13-01076155,60644.0,29.0,15.0,25.0
13-01076955,60644.0,29.0,15.0,25.0
13-01058047,60644.0,28.0,15.0,25.0
13-01058043,60644.0,28.0,15.0,25.0
13-01040565,60644.0,29.0,15.0,25.0
13-01040797,60644.0,29.0,15.0,25.0
13-01043989,60644.0,29.0,15.0,25.0
13-01032064,60644.0,24.0,15.0,25.0
13-01028015,60644.0,28.0,15.0,25.0
13-01019632,60644.0,29.0,15.0,25.0
13-01019631,60644.0,29.0,15.0,25.0
13-01018830,60644.0,29.0,15.0,25.0
13-01019621,60644.0,29.0,15.0,25.0
13-01014501,60644.0,28.0,15.0,25.0
13-01009788,60644.0,29.0,15.0,25.0
13-00993723,60644.0,29.0,15.0,25.0
13-00982275,60644.0,24.0,15.0,25.0
13-00978063,60644.0,24.0,15.0,25.0
13-00978010,60644.0,24.0,15.0,25.0
13-00973875,60644.0,28.0,11.0,25.0
13-00973882,60644.0,28.0,11.0,25.0
13-00966776,60644.0,28.0,15.0,25.0
13-00947307,60644.0,28.0,15.0,25.0
13-00947292,60644.0,28.0,15.0,25.0
13-00958560,60644.0,24.0,15.0,25.0
13-00927885,60644.0,24.0,15.0,25.0
13-00927822,60644.0,24.0,15.0,25.0
13-00878674,60644.0,28.0,15.0,25.0
13-00865779,60644.0,24.0,15.0,25.0
13-00866005,60644.0,28.0,15.0,25.0
13-00866003,60644.0,28.0,15.0,25.0
13-00865998,60644.0,28.0,15.0,25.0
13-00865955,60644.0,29.0,15.0,25.0
13-00865945,60644.0,29.0,15.0,25.0
13-00865941,60644.0,29.0,15.0,25.0
13-00865949,60644.0,29.0,15.0,25.0
13-00865991,60644.0,28.0,15.0,25.0
13-00865962,60644.0,28.0,15.0,25.0
13-00865990,60644.0,28.0,15.0,25.0
13-00865972,60644.0,28.0,15.0,25.0
13-00865975,60644.0,28.0,15.0,25.0
13-00866020,60644.0,28.0,11.0,25.0
13-00866014,60644.0,28.0,11.0,25.0
13-00866011,60644.0,28.0,11.0,25.0
13-00866034,60644.0,28.0,11.0,25.0
13-00866028,60644.0,28.0,11.0,25.0
13-00826562,60644.0,29.0,15.0,25.0
13-00826546,60644.0,29.0,15.0,25.0
13-00806817,60644.0,28.0,11.0,25.0
13-00812027,60644.0,24.0,15.0,25.0
13-00797963,60644.0,28.0,15.0,25.0
13-00802927,60644.0,29.0,15.0,25.0
13-00783509,60644.0,28.0,15.0,25.0
13-00779066,60644.0,24.0,15.0,25.0
13-00776504,60644.0,28.0,15.0,25.0
13-00776663,60644.0,28.0,15.0,25.0
13-00776396,60644.0,28.0,15.0,25.0
13-00776596,60644.0,28.0,15.0,25.0
13-00776209,60644.0,28.0,15.0,25.0
13-00779080,60644.0,24.0,15.0,25.0
13-00776795,60644.0,28.0,15.0,25.0
13-00776041,60644.0,29.0,15.0,25.0
13-00776005,60644.0,29.0,15.0,25.0
13-00771188,60644.0,24.0,15.0,25.0
13-00758302,60644.0,28.0,15.0,25.0
13-00755666,60644.0,28.0,11.0,25.0
13-00758290,60644.0,28.0,15.0,25.0
13-00758260,60644.0,28.0,15.0,25.0
13-00758247,60644.0,28.0,15.0,25.0
13-00758327,60644.0,28.0,15.0,25.0
13-00758308,60644.0,28.0,15.0,25.0
13-00758197,60644.0,29.0,15.0,25.0
13-00753743,60644.0,28.0,15.0,25.0
13-00753550,60644.0,24.0,15.0,25.0
13-00753538,60644.0,28.0,15.0,25.0
13-00753542,60644.0,24.0,15.0,25.0
13-00746423,60644.0,28.0,15.0,25.0
13-00744481,60644.0,24.0,11.0,25.0
13-00746438,60644.0,28.0,15.0,25.0
13-00746442,60644.0,28.0,15.0,25.0
13-00746522,60644.0,28.0,15.0,25.0
13-00746430,60644.0,28.0,15.0,25.0
13-00723811,60644.0,24.0,15.0,25.0
13-00728994,60644.0,29.0,15.0,25.0
13-00688054,60644.0,28.0,15.0,25.0
13-00688051,60644.0,28.0,15.0,25.0
13-00666156,60644.0,29.0,15.0,25.0
13-00650739,60644.0,29.0,15.0,25.0
13-00649425,60644.0,29.0,15.0,25.0
13-00641827,60644.0,28.0,15.0,25.0
13-00634059,60644.0,29.0,15.0,25.0
13-00634081,60644.0,29.0,15.0,25.0
13-00634191,60644.0,28.0,15.0,25.0
13-00634212,60644.0,28.0,15.0,25.0
13-00634224,60644.0,28.0,15.0,25.0
13-00634220,60644.0,29.0,15.0,25.0
13-00634256,60644.0,29.0,15.0,25.0
13-00634236,60644.0,29.0,15.0,25.0
13-00634238,60644.0,29.0,15.0,25.0
13-00627450,60644.0,29.0,15.0,25.0
13-00611689,60644.0,29.0,15.0,25.0
13-00616144,60644.0,29.0,15.0,25.0
13-00609447,60644.0,28.0,11.0,25.0
13-00609482,60644.0,28.0,11.0,25.0
13-00609455,60644.0,28.0,11.0,25.0
13-00609471,60644.0,28.0,11.0,26.0
13-00609465,60644.0,28.0,11.0,25.0
13-00609421,60644.0,28.0,11.0,25.0
13-00609415,60644.0,28.0,11.0,25.0
13-00609406,60644.0,28.0,11.0,26.0
13-00609432,60644.0,28.0,11.0,25.0
13-00609436,60644.0,28.0,11.0,25.0
13-00598847,60644.0,24.0,15.0,25.0
13-00593935,60644.0,29.0,15.0,25.0
13-00596867,60644.0,29.0,15.0,25.0
13-00595723,60644.0,29.0,15.0,25.0
13-00577845,60644.0,28.0,11.0,25.0
13-00556980,60644.0,29.0,15.0,25.0
13-00555325,60644.0,24.0,11.0,25.0
13-00543601,60644.0,28.0,15.0,25.0
13-00525331,60644.0,24.0,15.0,25.0
13-00514336,60644.0,28.0,15.0,25.0
13-00514333,60644.0,28.0,15.0,25.0
13-00509554,60644.0,28.0,15.0,25.0
13-00513998,60644.0,29.0,15.0,25.0
13-00513997,60644.0,29.0,15.0,25.0
13-00501117,60644.0,28.0,15.0,25.0
13-00503754,60644.0,29.0,15.0,25.0
13-00503670,60644.0,29.0,15.0,25.0
13-00502617,60644.0,28.0,15.0,25.0
13-00491502,60644.0,29.0,15.0,25.0
13-00480617,60644.0,24.0,15.0,25.0
13-00427714,60644.0,28.0,15.0,25.0
13-00403509,60644.0,24.0,15.0,25.0
13-00403517,60644.0,24.0,15.0,25.0
13-00403521,60644.0,24.0,15.0,25.0
13-00379090,60644.0,29.0,15.0,25.0
13-00372396,60644.0,28.0,15.0,25.0
13-00374630,60644.0,28.0,15.0,25.0
13-00374646,60644.0,28.0,15.0,25.0
13-00364076,60644.0,29.0,15.0,25.0
13-00349498,60644.0,28.0,15.0,25.0
13-00349405,60644.0,28.0,15.0,25.0
13-00349583,60644.0,28.0,15.0,25.0
13-00349613,60644.0,28.0,15.0,25.0
13-00350552,60644.0,28.0,15.0,25.0
13-00350550,60644.0,28.0,15.0,25.0
13-00350547,60644.0,28.0,11.0,25.0
13-00350557,60644.0,28.0,15.0,25.0
13-00350940,60644.0,28.0,15.0,25.0
13-00350922,60644.0,28.0,15.0,25.0
13-00350991,60644.0,28.0,15.0,25.0
13-00350979,60644.0,28.0,15.0,25.0
13-00351021,60644.0,28.0,15.0,25.0
13-00350998,60644.0,28.0,15.0,25.0
13-00351015,60644.0,28.0,15.0,25.0
13-00351003,60644.0,28.0,15.0,25.0
13-00328865,60644.0,28.0,15.0,25.0
13-00313426,60644.0,29.0,15.0,25.0
13-00313421,60644.0,29.0,15.0,25.0
13-00313428,60644.0,29.0,15.0,25.0
13-00297991,60644.0,29.0,15.0,25.0
13-00296586,60644.0,24.0,11.0,25.0
13-00275353,60644.0,28.0,15.0,25.0
13-00275923,60644.0,24.0,15.0,25.0
13-00275903,60644.0,24.0,15.0,25.0
13-00250545,60644.0,24.0,15.0,25.0
13-00250220,60644.0,28.0,15.0,25.0
13-00248208,60644.0,28.0,15.0,25.0
13-00248206,60644.0,28.0,15.0,25.0
13-00248205,60644.0,28.0,15.0,25.0
13-00248242,60644.0,37.0,15.0,25.0
13-00250206,60644.0,28.0,15.0,25.0
13-00242554,60644.0,28.0,15.0,25.0
13-00232387,60644.0,28.0,15.0,25.0
13-00192179,60644.0,28.0,15.0,25.0
13-00159365,60644.0,37.0,15.0,25.0
13-00133652,60644.0,28.0,15.0,25.0
13-00135489,60644.0,28.0,15.0,25.0
13-00112727,60644.0,28.0,15.0,25.0
13-00105242,60644.0,29.0,15.0,25.0
13-00106729,60644.0,28.0,15.0,25.0
13-00061040,60644.0,28.0,11.0,25.0
13-00056623,60644.0,29.0,15.0,25.0
13-00006640,60644.0,29.0,15.0,25.0
12-02055036,60644.0,28.0,11.0,25.0
12-02048077,60644.0,28.0,15.0,25.0
12-02039507,60644.0,29.0,15.0,25.0
12-02041113,60644.0,28.0,15.0,25.0
12-02041123,60644.0,28.0,15.0,25.0
12-02039980,60644.0,28.0,15.0,25.0
12-02041131,60644.0,28.0,15.0,25.0
12-02027479,60644.0,24.0,15.0,25.0
12-02019578,60644.0,29.0,15.0,25.0
12-02012809,60644.0,24.0,11.0,25.0
12-02012794,60644.0,28.0,11.0,25.0
12-02012930,60644.0,28.0,11.0,25.0
12-02012916,60644.0,24.0,11.0,25.0
12-02008231,60644.0,28.0,15.0,25.0
12-02004530,60644.0,29.0,15.0,25.0
12-01986379,60644.0,29.0,15.0,25.0
12-01986384,60644.0,29.0,15.0,25.0
12-01986943,60644.0,29.0,15.0,25.0
12-01986940,60644.0,29.0,15.0,25.0
12-01986887,60644.0,29.0,15.0,25.0
12-01987063,60644.0,29.0,15.0,25.0
12-01986984,60644.0,29.0,15.0,25.0
12-01986953,60644.0,29.0,15.0,25.0
12-01986957,60644.0,29.0,15.0,25.0
12-01986963,60644.0,29.0,15.0,25.0
12-01986996,60644.0,29.0,15.0,25.0
12-01987009,60644.0,29.0,15.0,25.0
12-01987074,60644.0,29.0,15.0,25.0
12-01987262,60644.0,29.0,15.0,25.0
12-01987356,60644.0,29.0,15.0,25.0
12-01987350,60644.0,29.0,15.0,25.0
12-01987344,60644.0,29.0,15.0,25.0
12-01987335,60644.0,29.0,15.0,25.0
12-01987374,60644.0,29.0,15.0,25.0
12-01987366,60644.0,29.0,15.0,25.0
12-01987380,60644.0,29.0,15.0,25.0
12-01987883,60644.0,29.0,15.0,25.0
12-01987911,60644.0,29.0,15.0,25.0
12-01987596,60644.0,29.0,15.0,25.0
12-01987577,60644.0,29.0,15.0,25.0
12-01987519,60644.0,29.0,15.0,25.0
12-01987510,60644.0,29.0,15.0,25.0
12-01957683,60644.0,29.0,15.0,25.0
12-01948913,60644.0,28.0,15.0,25.0
12-01949703,60644.0,29.0,15.0,25.0
12-01942383,60644.0,28.0,15.0,25.0
12-01919955,60644.0,29.0,15.0,25.0
12-01914387,60644.0,28.0,15.0,25.0
12-01896270,60644.0,29.0,15.0,25.0
12-01886038,60644.0,24.0,15.0,25.0
12-01886030,60644.0,24.0,11.0,25.0
12-01886028,60644.0,24.0,11.0,25.0
12-01886042,60644.0,24.0,15.0,25.0
12-01864804,60644.0,29.0,15.0,25.0
12-01864829,60644.0,29.0,15.0,25.0
12-01864818,60644.0,29.0,15.0,25.0
12-01855000,60644.0,24.0,15.0,25.0
12-01840082,60644.0,28.0,15.0,25.0
12-01836772,60644.0,29.0,15.0,25.0
12-01836832,60644.0,29.0,15.0,25.0
12-01830536,60644.0,29.0,15.0,25.0
12-01830826,60644.0,29.0,15.0,25.0
12-01830823,60644.0,29.0,15.0,25.0
12-01833849,60644.0,29.0,15.0,25.0
12-01825529,60644.0,29.0,15.0,25.0
12-01820007,60644.0,29.0,15.0,25.0
12-01819984,60644.0,29.0,15.0,25.0
12-01805330,60644.0,24.0,15.0,25.0
12-01800043,60644.0,24.0,15.0,25.0
12-01800024,60644.0,24.0,15.0,25.0
12-01795852,60644.0,29.0,15.0,25.0
12-01792905,60644.0,29.0,15.0,25.0
12-01796583,60644.0,29.0,15.0,25.0
12-01790635,60644.0,29.0,15.0,25.0
12-01790625,60644.0,29.0,15.0,25.0
12-01791173,60644.0,29.0,15.0,25.0
12-01785336,60644.0,28.0,15.0,25.0
12-01761373,60644.0,28.0,15.0,25.0
12-01761375,60644.0,28.0,15.0,25.0
12-01761378,60644.0,28.0,15.0,25.0
12-01765189,60644.0,28.0,15.0,25.0
12-01760526,60644.0,28.0,15.0,25.0
12-01760508,60644.0,24.0,15.0,25.0
12-01760511,60644.0,24.0,15.0,25.0
12-01760514,60644.0,24.0,15.0,25.0
12-01760517,60644.0,24.0,15.0,25.0
12-01752169,60644.0,29.0,15.0,25.0
12-01753355,60644.0,29.0,15.0,25.0
12-01752295,60644.0,29.0,15.0,25.0
12-01747406,60644.0,24.0,15.0,25.0
12-01746520,60644.0,28.0,11.0,25.0
12-01746339,60644.0,24.0,11.0,25.0
12-01746192,60644.0,29.0,15.0,25.0
12-01746188,60644.0,28.0,15.0,25.0
12-01746190,60644.0,29.0,15.0,25.0
12-01741281,60644.0,28.0,15.0,25.0
12-01745562,60644.0,28.0,11.0,25.0
12-01737090,60644.0,24.0,15.0,25.0
12-01737252,60644.0,24.0,11.0,25.0
12-01734298,60644.0,24.0,15.0,25.0
12-01733630,60644.0,24.0,11.0,25.0
12-01731694,60644.0,24.0,11.0,25.0
12-01729233,60644.0,24.0,11.0,25.0
12-01725911,60644.0,28.0,15.0,25.0
12-01725913,60644.0,28.0,15.0,25.0
12-01725924,60644.0,28.0,15.0,25.0
12-01725922,60644.0,28.0,15.0,25.0
12-01725938,60644.0,28.0,15.0,25.0
12-01721186,60644.0,28.0,15.0,25.0
12-01721061,60644.0,28.0,11.0,25.0
12-01714586,60644.0,37.0,15.0,25.0
12-01714880,60644.0,37.0,15.0,25.0
12-01712559,60644.0,29.0,15.0,25.0
12-01697723,60644.0,29.0,15.0,25.0
12-01689120,60644.0,28.0,15.0,25.0
12-01688803,60644.0,28.0,15.0,25.0
12-01688458,60644.0,29.0,15.0,25.0
12-01678279,60644.0,29.0,15.0,25.0
12-01678595,60644.0,29.0,15.0,25.0
12-01677657,60644.0,28.0,15.0,25.0
12-01677646,60644.0,28.0,15.0,25.0
12-01677640,60644.0,28.0,15.0,25.0
12-01677767,60644.0,29.0,15.0,25.0
12-01677684,60644.0,28.0,15.0,25.0
12-01677696,60644.0,28.0,15.0,25.0
12-01677718,60644.0,28.0,11.0,25.0
12-01672944,60644.0,29.0,15.0,25.0
12-01672852,60644.0,29.0,15.0,25.0
12-01673430,60644.0,28.0,15.0,25.0
12-01673413,60644.0,28.0,15.0,25.0
12-01673407,60644.0,28.0,15.0,25.0
12-01673397,60644.0,28.0,15.0,25.0
12-01673252,60644.0,29.0,15.0,25.0
12-01673440,60644.0,29.0,15.0,25.0
12-01670976,60644.0,29.0,15.0,25.0
12-01666964,60644.0,29.0,15.0,25.0
12-01656049,60644.0,29.0,15.0,25.0
12-01640926,60644.0,24.0,11.0,25.0
12-01634723,60644.0,29.0,15.0,25.0
12-01634537,60644.0,29.0,15.0,25.0
12-01629842,60644.0,29.0,15.0,25.0
12-01629879,60644.0,29.0,15.0,25.0
12-01622732,60644.0,29.0,15.0,25.0
12-01613173,60644.0,29.0,15.0,25.0
12-01607345,60644.0,29.0,15.0,25.0
12-01588293,60644.0,24.0,11.0,25.0
12-01586910,60644.0,29.0,15.0,25.0
12-01565481,60644.0,28.0,15.0,25.0
12-01560550,60644.0,29.0,15.0,25.0
12-01554523,60644.0,29.0,15.0,25.0
12-01546784,60644.0,29.0,15.0,25.0
12-01540089,60644.0,28.0,15.0,25.0
12-01524558,60644.0,24.0,11.0,25.0
12-01524694,60644.0,29.0,15.0,25.0
12-01528590,60644.0,29.0,15.0,25.0
12-01520124,60644.0,28.0,15.0,25.0
12-01523841,60644.0,29.0,15.0,25.0
12-01516784,60644.0,28.0,15.0,25.0
12-01516786,60644.0,28.0,15.0,25.0
12-01518964,60644.0,29.0,15.0,25.0
12-01523858,60644.0,29.0,15.0,25.0
12-01516783,60644.0,28.0,15.0,25.0
12-01517456,60644.0,29.0,15.0,25.0
12-01515081,60644.0,29.0,15.0,25.0
12-01514236,60644.0,28.0,15.0,25.0
12-01514235,60644.0,28.0,15.0,25.0
12-01494034,60644.0,29.0,15.0,25.0
12-01494015,60644.0,29.0,15.0,25.0
12-01488358,60644.0,29.0,15.0,25.0
12-01481271,60644.0,24.0,15.0,25.0
12-01450892,60644.0,28.0,15.0,25.0
12-01418065,60644.0,29.0,15.0,25.0
12-01412744,60644.0,37.0,15.0,25.0
12-01391403,60644.0,24.0,15.0,25.0
12-01379456,60644.0,29.0,15.0,25.0
12-01366232,60644.0,29.0,15.0,25.0
12-01366231,60644.0,29.0,15.0,25.0
12-01360448,60644.0,29.0,15.0,25.0
12-01360416,60644.0,29.0,15.0,25.0
12-01360380,60644.0,29.0,15.0,25.0
12-01350945,60644.0,29.0,15.0,25.0
12-01351194,60644.0,28.0,15.0,25.0
12-01341327,60644.0,29.0,15.0,25.0
12-01331960,60644.0,24.0,11.0,25.0
12-01331946,60644.0,24.0,11.0,25.0
12-01326864,60644.0,24.0,11.0,25.0
12-01323211,60644.0,29.0,15.0,25.0
12-01305364,60644.0,28.0,15.0,25.0
12-01296150,60644.0,28.0,15.0,25.0
12-01289107,60644.0,29.0,15.0,25.0
12-01278660,60644.0,28.0,15.0,25.0
12-01262580,60644.0,29.0,15.0,25.0
12-01265228,60644.0,28.0,15.0,25.0
12-01251527,60644.0,28.0,15.0,25.0
12-01251528,60644.0,28.0,15.0,25.0
12-01246328,60644.0,29.0,15.0,25.0
12-01231546,60644.0,28.0,15.0,25.0
12-01227437,60644.0,24.0,11.0,25.0
12-01206038,60644.0,24.0,15.0,25.0
12-01192318,60644.0,37.0,15.0,25.0
12-01192347,60644.0,37.0,15.0,25.0
12-01140460,60644.0,28.0,15.0,25.0
12-01136133,60644.0,28.0,15.0,25.0
12-01128992,60644.0,29.0,15.0,25.0
12-01121756,60644.0,28.0,11.0,25.0
12-01120773,60644.0,29.0,15.0,25.0
12-01113425,60644.0,24.0,11.0,25.0
12-01095751,60644.0,28.0,15.0,25.0
12-01096698,60644.0,28.0,15.0,25.0
12-01094388,60644.0,28.0,15.0,25.0
12-01084260,60644.0,29.0,15.0,25.0
12-01078748,60644.0,28.0,15.0,25.0
12-01078466,60644.0,29.0,15.0,25.0
12-01078074,60644.0,24.0,11.0,25.0
12-01078051,60644.0,24.0,11.0,25.0
12-01076205,60644.0,24.0,11.0,25.0
12-01069856,60644.0,29.0,15.0,25.0
12-01032927,60644.0,29.0,15.0,25.0
12-01019868,60644.0,29.0,15.0,25.0
12-01024884,60644.0,24.0,11.0,25.0
12-01012280,60644.0,28.0,15.0,25.0
12-01012301,60644.0,24.0,15.0,25.0
12-00998732,60644.0,28.0,15.0,25.0
12-00998717,60644.0,28.0,15.0,25.0
12-00998787,60644.0,28.0,15.0,25.0
12-01001314,60644.0,28.0,15.0,25.0
12-00998806,60644.0,28.0,15.0,25.0
12-01001331,60644.0,28.0,15.0,25.0
12-00978070,60644.0,29.0,15.0,25.0
12-00972207,60644.0,29.0,15.0,25.0
12-00971348,60644.0,29.0,15.0,25.0
12-00964764,60644.0,24.0,11.0,25.0
12-00958978,60644.0,28.0,15.0,25.0
12-00934184,60644.0,29.0,15.0,25.0
12-00933839,60644.0,29.0,15.0,25.0
12-00934151,60644.0,29.0,15.0,25.0
12-00933863,60644.0,29.0,15.0,25.0
12-00928729,60644.0,28.0,15.0,25.0
12-00921116,60644.0,29.0,15.0,25.0
12-00923229,60644.0,29.0,15.0,25.0
12-00923245,60644.0,29.0,15.0,25.0
12-00923256,60644.0,29.0,15.0,25.0
12-00919341,60644.0,28.0,15.0,25.0
12-00923240,60644.0,29.0,15.0,25.0
12-00912471,60644.0,29.0,15.0,25.0
12-00909860,60644.0,29.0,15.0,25.0
12-00899040,60644.0,29.0,15.0,25.0
12-00899025,60644.0,29.0,15.0,25.0
12-00899048,60644.0,29.0,15.0,25.0
12-00892541,60644.0,24.0,11.0,25.0
12-00895044,60644.0,29.0,15.0,25.0
12-00895307,60644.0,29.0,15.0,25.0
12-00883589,60644.0,29.0,15.0,25.0
12-00874853,60644.0,29.0,15.0,25.0
12-00874866,60644.0,28.0,15.0,25.0
12-00874860,60644.0,29.0,15.0,25.0
12-00876260,60644.0,28.0,15.0,25.0
12-00875651,60644.0,28.0,11.0,25.0
12-00860403,60644.0,29.0,15.0,25.0
12-00860485,60644.0,29.0,15.0,25.0
12-00843096,60644.0,29.0,15.0,25.0
12-00834501,60644.0,29.0,15.0,25.0
12-00834495,60644.0,29.0,15.0,25.0
12-00834851,60644.0,29.0,15.0,25.0
12-00831352,60644.0,28.0,15.0,25.0
12-00822078,60644.0,29.0,15.0,25.0
12-00816695,60644.0,29.0,15.0,25.0
12-00808907,60644.0,29.0,15.0,25.0
12-00808718,60644.0,29.0,15.0,25.0
12-00812876,60644.0,29.0,15.0,25.0
12-00809271,60644.0,28.0,11.0,25.0
12-00807706,60644.0,29.0,15.0,25.0
12-00808267,60644.0,29.0,15.0,25.0
12-00801335,60644.0,29.0,15.0,25.0
12-00807106,60644.0,29.0,15.0,25.0
12-00807155,60644.0,28.0,15.0,25.0
12-00807186,60644.0,28.0,15.0,25.0
12-00806317,60644.0,29.0,15.0,25.0
12-00807078,60644.0,28.0,15.0,25.0
12-00801450,60644.0,29.0,15.0,25.0
12-00807126,60644.0,28.0,15.0,25.0
12-00801340,60644.0,29.0,15.0,25.0
12-00800559,60644.0,29.0,15.0,25.0
12-00799963,60644.0,29.0,15.0,25.0
12-00799363,60644.0,29.0,15.0,25.0
12-00792995,60644.0,29.0,15.0,25.0
12-00789356,60644.0,28.0,15.0,25.0
12-00790096,60644.0,28.0,15.0,25.0
12-00789340,60644.0,28.0,15.0,25.0
12-00783586,60644.0,28.0,11.0,25.0
12-00778107,60644.0,29.0,15.0,25.0
12-00767841,60644.0,28.0,15.0,25.0
12-00767944,60644.0,28.0,15.0,25.0
12-00767892,60644.0,28.0,15.0,25.0
12-00771021,60644.0,29.0,15.0,25.0
12-00761433,60644.0,28.0,11.0,25.0
12-00747507,60644.0,28.0,15.0,25.0
12-00748160,60644.0,28.0,11.0,25.0
12-00735385,60644.0,29.0,15.0,25.0
12-00703533,60644.0,29.0,15.0,25.0
12-00703523,60644.0,29.0,15.0,25.0
12-00703604,60644.0,28.0,15.0,25.0
12-00703546,60644.0,29.0,15.0,25.0
12-00703598,60644.0,28.0,15.0,25.0
12-00703587,60644.0,28.0,15.0,25.0
12-00703593,60644.0,29.0,15.0,25.0
12-00703611,60644.0,28.0,15.0,25.0
12-00703670,60644.0,28.0,15.0,25.0
12-00703926,60644.0,29.0,15.0,25.0
12-00700286,60644.0,29.0,15.0,25.0
12-00700306,60644.0,24.0,15.0,25.0
12-00698092,60644.0,28.0,15.0,25.0
12-00691574,60644.0,28.0,15.0,25.0
12-00684895,60644.0,24.0,15.0,25.0
12-00682107,60644.0,28.0,15.0,25.0
12-00682064,60644.0,24.0,15.0,25.0
12-00682070,60644.0,24.0,11.0,25.0
12-00682111,60644.0,28.0,15.0,25.0
12-00685217,60644.0,28.0,15.0,25.0
12-00685281,60644.0,37.0,15.0,25.0
12-00685006,60644.0,24.0,15.0,25.0
12-00675743,60644.0,29.0,15.0,25.0
12-00676659,60644.0,24.0,15.0,25.0
12-00668397,60644.0,28.0,15.0,25.0
12-00668390,60644.0,28.0,11.0,25.0
12-00668836,60644.0,28.0,11.0,25.0
12-00658692,60644.0,29.0,15.0,25.0
12-00660325,60644.0,29.0,15.0,25.0
12-00663545,60644.0,28.0,15.0,25.0
12-00650685,60644.0,28.0,15.0,25.0
12-00645719,60644.0,29.0,15.0,25.0
12-00632285,60644.0,29.0,15.0,25.0
12-00616871,60644.0,29.0,15.0,25.0
12-00616855,60644.0,28.0,11.0,25.0
12-00611763,60644.0,37.0,15.0,25.0
12-00607787,60644.0,29.0,15.0,25.0
12-00594773,60644.0,29.0,15.0,25.0
12-00590470,60644.0,29.0,15.0,25.0
12-00588509,60644.0,29.0,15.0,25.0
12-00586613,60644.0,28.0,15.0,25.0
12-00573186,60644.0,29.0,15.0,25.0
12-00555157,60644.0,29.0,15.0,25.0
12-00539401,60644.0,29.0,15.0,25.0
12-00542040,60644.0,29.0,15.0,25.0
12-00540403,60644.0,28.0,15.0,25.0
12-00394802,60644.0,24.0,11.0,25.0
12-00394799,60644.0,24.0,11.0,25.0
12-00282718,60644.0,24.0,11.0,25.0
12-00208337,60644.0,29.0,15.0,25.0
12-00208361,60644.0,29.0,15.0,25.0
12-00192498,60644.0,29.0,15.0,25.0
12-00192502,60644.0,29.0,15.0,25.0
12-00196673,60644.0,29.0,15.0,25.0
12-00184732,60644.0,29.0,15.0,25.0
12-00179450,60644.0,28.0,15.0,25.0
12-00179414,60644.0,28.0,15.0,25.0
12-00179419,60644.0,28.0,15.0,25.0
12-00179426,60644.0,28.0,15.0,25.0
12-00179433,60644.0,28.0,15.0,25.0
12-00179464,60644.0,28.0,15.0,25.0
12-00172751,60644.0,29.0,15.0,25.0
12-00176594,60644.0,28.0,15.0,25.0
12-00165446,60644.0,29.0,15.0,25.0
12-00164229,60644.0,24.0,11.0,25.0
12-00160610,60644.0,29.0,15.0,25.0
12-00161920,60644.0,29.0,15.0,25.0
12-00154387,60644.0,29.0,15.0,25.0
12-00154421,60644.0,29.0,15.0,25.0
12-00154953,60644.0,29.0,15.0,25.0
12-00154970,60644.0,29.0,15.0,25.0
12-00155960,60644.0,29.0,15.0,25.0
12-00151765,60644.0,28.0,15.0,25.0
12-00154369,60644.0,28.0,15.0,25.0
12-00153571,60644.0,29.0,15.0,25.0
12-00154606,60644.0,29.0,15.0,25.0
12-00154988,60644.0,29.0,15.0,25.0
12-00154355,60644.0,28.0,15.0,25.0
12-00147475,60644.0,29.0,15.0,25.0
12-00139368,60644.0,29.0,15.0,25.0
12-00137732,60644.0,29.0,15.0,25.0
12-00135602,60644.0,29.0,15.0,25.0
12-00135611,60644.0,29.0,15.0,25.0
12-00128945,60644.0,29.0,15.0,25.0
12-00131515,60644.0,28.0,15.0,25.0
12-00118439,60644.0,24.0,11.0,25.0
12-00118997,60644.0,28.0,11.0,25.0
12-00119002,60644.0,28.0,11.0,25.0
12-00119012,60644.0,28.0,11.0,25.0
12-00118431,60644.0,24.0,15.0,25.0
12-00116096,60644.0,28.0,11.0,26.0
12-00107083,60644.0,29.0,15.0,25.0
12-00086926,60644.0,28.0,15.0,25.0
12-00086930,60644.0,28.0,15.0,25.0
12-00079412,60644.0,28.0,15.0,25.0
12-00079533,60644.0,29.0,15.0,25.0
12-00074351,60644.0,29.0,15.0,25.0
12-00070629,60644.0,28.0,15.0,25.0
12-00065733,60644.0,24.0,11.0,25.0
12-00027583,60644.0,29.0,15.0,25.0
12-00020313,60644.0,29.0,15.0,25.0
12-00026926,60644.0,28.0,11.0,25.0
12-00017487,60644.0,28.0,11.0,25.0
12-00005961,60644.0,28.0,15.0,25.0
12-00005960,60644.0,28.0,15.0,25.0
12-00007135,60644.0,29.0,15.0,25.0
12-00007147,60644.0,29.0,15.0,25.0
12-00007159,60644.0,29.0,15.0,25.0
12-00007191,60644.0,29.0,15.0,25.0
12-00007213,60644.0,29.0,15.0,25.0
12-00007224,60644.0,28.0,15.0,25.0
12-00007247,60644.0,28.0,15.0,25.0
12-00007258,60644.0,28.0,15.0,25.0
12-00007265,60644.0,28.0,15.0,25.0
12-00007372,60644.0,28.0,11.0,25.0
12-00007382,60644.0,28.0,11.0,26.0
12-00007392,60644.0,28.0,11.0,26.0
12-00007400,60644.0,28.0,11.0,26.0
12-00007419,60644.0,28.0,11.0,25.0
11-04316083,60644.0,28.0,11.0,25.0
11-04305312,60644.0,29.0,15.0,25.0
11-04305316,60644.0,29.0,15.0,25.0
11-04305332,60644.0,29.0,15.0,25.0
11-04305429,60644.0,29.0,15.0,25.0
11-04305499,60644.0,29.0,15.0,25.0
11-04305484,60644.0,29.0,15.0,25.0
11-04305533,60644.0,29.0,15.0,25.0
11-04305788,60644.0,28.0,15.0,25.0
11-04293046,60644.0,29.0,15.0,25.0
11-04293007,60644.0,28.0,15.0,25.0
11-04292991,60644.0,29.0,15.0,25.0
11-04292996,60644.0,28.0,15.0,25.0
11-04293015,60644.0,28.0,15.0,25.0
11-04293530,60644.0,29.0,15.0,25.0
11-04293534,60644.0,29.0,15.0,25.0
11-04293543,60644.0,29.0,15.0,25.0
11-04288742,60644.0,28.0,15.0,25.0
11-04288735,60644.0,28.0,15.0,25.0
11-04288382,60644.0,29.0,15.0,25.0
11-04288338,60644.0,29.0,15.0,25.0
11-04288373,60644.0,29.0,15.0,25.0
11-04288343,60644.0,29.0,15.0,25.0
11-04288367,60644.0,29.0,15.0,25.0
11-04288362,60644.0,29.0,15.0,25.0
11-04288349,60644.0,29.0,15.0,25.0
11-04278898,60644.0,28.0,15.0,25.0
11-04278908,60644.0,28.0,15.0,25.0
11-04278924,60644.0,29.0,15.0,25.0
11-04278934,60644.0,28.0,15.0,25.0
11-04263950,60644.0,29.0,15.0,25.0
11-04264320,60644.0,37.0,15.0,25.0
11-04273099,60644.0,29.0,15.0,25.0
11-04258307,60644.0,28.0,15.0,25.0
11-04258299,60644.0,29.0,15.0,25.0
11-04258257,60644.0,29.0,15.0,25.0
11-04258271,60644.0,29.0,15.0,25.0
11-04258280,60644.0,29.0,15.0,25.0
11-04258288,60644.0,29.0,15.0,25.0
11-04258336,60644.0,28.0,15.0,25.0
11-04258321,60644.0,28.0,15.0,25.0
11-04258343,60644.0,28.0,15.0,25.0
11-04258352,60644.0,28.0,15.0,25.0
11-04244952,60644.0,28.0,15.0,25.0
11-04241410,60644.0,37.0,15.0,25.0
11-04232799,60644.0,28.0,15.0,25.0
11-04232772,60644.0,28.0,15.0,25.0
11-04228064,60644.0,28.0,15.0,25.0
11-04228025,60644.0,24.0,15.0,25.0
11-04228881,60644.0,28.0,15.0,25.0
11-04228052,60644.0,28.0,15.0,25.0
11-04228042,60644.0,28.0,15.0,25.0
11-04228072,60644.0,28.0,15.0,25.0
11-04228890,60644.0,29.0,15.0,25.0
11-04228009,60644.0,29.0,15.0,25.0
11-04228958,60644.0,37.0,15.0,25.0
11-04217784,60644.0,37.0,15.0,25.0
11-04215955,60644.0,29.0,15.0,25.0
11-04215948,60644.0,29.0,15.0,25.0
11-04216484,60644.0,28.0,15.0,25.0
11-04219391,60644.0,29.0,15.0,25.0
11-04216493,60644.0,28.0,15.0,25.0
11-04216468,60644.0,28.0,15.0,25.0
11-04216429,60644.0,28.0,15.0,25.0
11-04216416,60644.0,37.0,15.0,25.0
11-04180122,60644.0,29.0,15.0,25.0
11-04180102,60644.0,29.0,15.0,25.0
11-04180088,60644.0,29.0,15.0,25.0
11-04172841,60644.0,28.0,11.0,25.0
11-04176303,60644.0,29.0,15.0,25.0
11-04164715,60644.0,29.0,15.0,25.0
11-04161733,60644.0,29.0,15.0,25.0
11-04161728,60644.0,29.0,15.0,25.0
11-04161722,60644.0,29.0,15.0,25.0
11-04161747,60644.0,28.0,15.0,25.0
11-04161746,60644.0,28.0,15.0,25.0
11-04161735,60644.0,29.0,15.0,25.0
11-04161742,60644.0,29.0,15.0,25.0
11-04161760,60644.0,28.0,15.0,25.0
11-04161754,60644.0,28.0,15.0,25.0
11-04162344,60644.0,28.0,15.0,25.0
11-04162387,60644.0,29.0,15.0,25.0
11-04150608,60644.0,28.0,11.0,25.0
11-04150611,60644.0,28.0,15.0,25.0
11-04150733,60644.0,29.0,15.0,25.0
11-04150753,60644.0,29.0,15.0,25.0
11-04150765,60644.0,28.0,15.0,25.0
11-04150772,60644.0,28.0,15.0,25.0
11-04151940,60644.0,29.0,15.0,25.0
11-04141198,60644.0,28.0,11.0,25.0
11-04129403,60644.0,28.0,11.0,26.0
11-04105965,60644.0,29.0,15.0,25.0
11-04105952,60644.0,29.0,15.0,25.0
11-04105948,60644.0,29.0,15.0,25.0
11-04105976,60644.0,29.0,15.0,25.0
11-04105973,60644.0,29.0,15.0,25.0
11-04105970,60644.0,29.0,15.0,25.0
11-04105968,60644.0,29.0,15.0,25.0
11-04104959,60644.0,29.0,15.0,25.0
11-04104983,60644.0,29.0,15.0,25.0
11-04105137,60644.0,29.0,15.0,25.0
11-04105143,60644.0,29.0,15.0,25.0
11-04105271,60644.0,29.0,15.0,25.0
11-04105285,60644.0,29.0,15.0,25.0
11-04105716,60644.0,28.0,11.0,25.0
11-04093258,60644.0,29.0,15.0,25.0
11-04093126,60644.0,28.0,15.0,25.0
11-04093138,60644.0,28.0,15.0,25.0
11-04094347,60644.0,29.0,15.0,25.0
11-04093402,60644.0,29.0,15.0,25.0
11-04094370,60644.0,28.0,15.0,25.0
11-04094362,60644.0,28.0,15.0,25.0
11-04094359,60644.0,28.0,15.0,25.0
11-04094354,60644.0,29.0,15.0,25.0
11-04094351,60644.0,29.0,15.0,25.0
11-04080222,60644.0,28.0,15.0,25.0
11-04069717,60644.0,29.0,15.0,25.0
11-04069763,60644.0,28.0,15.0,25.0
11-04069583,60644.0,28.0,15.0,25.0
11-04069943,60644.0,29.0,15.0,25.0
11-04069890,60644.0,29.0,15.0,25.0
11-04069910,60644.0,29.0,15.0,25.0
11-04069900,60644.0,29.0,15.0,25.0
11-04070675,60644.0,29.0,15.0,25.0
11-04070698,60644.0,29.0,15.0,25.0
11-04070704,60644.0,28.0,15.0,25.0
11-04070694,60644.0,29.0,15.0,25.0
11-04070683,60644.0,29.0,15.0,25.0
11-04070713,60644.0,28.0,15.0,25.0
11-04070725,60644.0,28.0,15.0,25.0
11-04070719,60644.0,28.0,15.0,25.0
11-04047331,60644.0,28.0,11.0,25.0
11-04049461,60644.0,29.0,15.0,25.0
11-04041690,60644.0,28.0,11.0,25.0
11-04041664,60644.0,28.0,15.0,25.0
11-04041670,60644.0,28.0,15.0,25.0
11-04041415,60644.0,28.0,15.0,25.0
11-04042043,60644.0,28.0,15.0,25.0
11-04041715,60644.0,29.0,15.0,25.0
11-04041675,60644.0,28.0,11.0,25.0
11-04041672,60644.0,28.0,11.0,25.0
11-04041405,60644.0,28.0,15.0,25.0
11-04041395,60644.0,28.0,15.0,25.0
11-04041654,60644.0,28.0,15.0,25.0
11-04033033,60644.0,28.0,15.0,25.0
11-04025620,60644.0,28.0,11.0,25.0
11-04025581,60644.0,28.0,11.0,25.0
11-04025691,60644.0,28.0,11.0,25.0
11-04025662,60644.0,28.0,11.0,25.0
11-04025728,60644.0,28.0,11.0,25.0
11-04027489,60644.0,28.0,15.0,25.0
11-04027532,60644.0,28.0,15.0,25.0
11-04027510,60644.0,37.0,15.0,25.0
11-04027523,60644.0,28.0,15.0,25.0
11-04019487,60644.0,37.0,15.0,25.0
11-04005393,60644.0,28.0,15.0,25.0
11-04005487,60644.0,37.0,15.0,25.0
11-04005442,60644.0,28.0,15.0,25.0
11-04005467,60644.0,28.0,15.0,25.0
11-03992871,60644.0,29.0,15.0,25.0
11-03992747,60644.0,29.0,15.0,25.0
11-03992815,60644.0,29.0,15.0,25.0
11-03992806,60644.0,29.0,15.0,25.0
11-03992874,60644.0,29.0,15.0,25.0
11-03992906,60644.0,29.0,15.0,25.0
11-03992897,60644.0,29.0,15.0,25.0
11-03992924,60644.0,29.0,15.0,25.0
11-03992908,60644.0,29.0,15.0,25.0
11-03985361,60644.0,28.0,15.0,25.0
11-03985305,60644.0,29.0,15.0,25.0
11-03985296,60644.0,29.0,15.0,25.0
11-03985275,60644.0,29.0,15.0,25.0
11-03985286,60644.0,29.0,15.0,25.0
11-03985324,60644.0,28.0,15.0,25.0
11-03985309,60644.0,29.0,15.0,25.0
11-03985317,60644.0,28.0,15.0,25.0
11-03985333,60644.0,28.0,15.0,25.0
11-03985354,60644.0,28.0,15.0,25.0
11-03986768,60644.0,24.0,15.0,25.0
11-03991736,60644.0,29.0,15.0,25.0
11-03991671,60644.0,29.0,15.0,25.0
11-03991607,60644.0,29.0,15.0,25.0
11-03991801,60644.0,29.0,15.0,25.0
11-03991788,60644.0,29.0,15.0,25.0
11-03991781,60644.0,29.0,15.0,25.0
11-03991806,60644.0,29.0,15.0,25.0
11-03989560,60644.0,28.0,15.0,25.0
11-03986846,60644.0,28.0,15.0,25.0
11-03986777,60644.0,29.0,15.0,25.0
11-03982154,60644.0,28.0,11.0,25.0
11-03982231,60644.0,28.0,11.0,25.0
11-03977832,60644.0,29.0,15.0,25.0
11-03977819,60644.0,29.0,15.0,25.0
11-03964030,60644.0,29.0,15.0,25.0
11-03964019,60644.0,29.0,15.0,25.0
11-03964055,60644.0,29.0,15.0,25.0
11-03964129,60644.0,29.0,15.0,25.0
11-03964114,60644.0,29.0,15.0,25.0
11-03964091,60644.0,29.0,15.0,25.0
11-03964069,60644.0,29.0,15.0,25.0
11-03964079,60644.0,29.0,15.0,25.0
11-03964135,60644.0,29.0,15.0,25.0
11-03952122,60644.0,28.0,15.0,25.0
11-03952297,60644.0,28.0,15.0,25.0
11-03952654,60644.0,28.0,15.0,25.0
11-03952776,60644.0,28.0,15.0,25.0
11-03955419,60644.0,28.0,15.0,25.0
11-03950907,60644.0,28.0,15.0,25.0
11-03952264,60644.0,28.0,15.0,25.0
11-03951575,60644.0,28.0,15.0,25.0
11-03951593,60644.0,29.0,15.0,25.0
11-03951567,60644.0,28.0,15.0,25.0
11-03951561,60644.0,29.0,15.0,25.0
11-03951558,60644.0,29.0,15.0,25.0
11-03951544,60644.0,29.0,15.0,25.0
11-03951549,60644.0,29.0,15.0,25.0
11-03951534,60644.0,29.0,15.0,25.0
11-03951584,60644.0,28.0,15.0,25.0
11-03948808,60644.0,28.0,15.0,25.0
11-03948821,60644.0,28.0,15.0,25.0
11-03948814,60644.0,28.0,15.0,25.0
11-03945342,60644.0,29.0,15.0,25.0
11-03945325,60644.0,29.0,15.0,25.0
11-03942200,60644.0,28.0,15.0,25.0
11-03939371,60644.0,29.0,15.0,25.0
11-03938290,60644.0,37.0,15.0,25.0
11-03938311,60644.0,37.0,15.0,25.0
11-03938300,60644.0,37.0,15.0,25.0
11-03939451,60644.0,28.0,15.0,25.0
11-03939469,60644.0,28.0,15.0,25.0
11-03940286,60644.0,28.0,15.0,25.0
11-03933545,60644.0,29.0,15.0,25.0
11-03928050,60644.0,37.0,15.0,25.0
11-03920496,60644.0,37.0,15.0,25.0
11-03901913,60644.0,29.0,15.0,25.0
11-03896770,60644.0,29.0,15.0,25.0
11-03896742,60644.0,29.0,15.0,25.0
11-03896790,60644.0,29.0,15.0,25.0
11-03896802,60644.0,29.0,15.0,25.0
11-03896844,60644.0,29.0,15.0,25.0
11-03896910,60644.0,29.0,15.0,25.0
11-03896880,60644.0,29.0,15.0,25.0
11-03895722,60644.0,29.0,15.0,25.0
11-03896490,60644.0,29.0,15.0,25.0
11-03895086,60644.0,29.0,15.0,25.0
11-03895163,60644.0,29.0,15.0,25.0
11-03895153,60644.0,29.0,15.0,25.0
11-03895142,60644.0,29.0,15.0,25.0
11-03895121,60644.0,29.0,15.0,25.0
11-03895133,60644.0,29.0,15.0,25.0
11-03895185,60644.0,29.0,15.0,25.0
11-03895259,60644.0,29.0,15.0,25.0
11-03895236,60644.0,29.0,15.0,25.0
11-03895356,60644.0,28.0,15.0,25.0
11-03895330,60644.0,28.0,15.0,25.0
11-03895415,60644.0,28.0,15.0,25.0
11-03895408,60644.0,28.0,15.0,25.0
11-03890440,60644.0,29.0,15.0,25.0
11-03890073,60644.0,28.0,15.0,25.0
11-03887501,60644.0,29.0,15.0,25.0
11-03887507,60644.0,29.0,15.0,25.0
11-03887502,60644.0,29.0,15.0,25.0
11-03889992,60644.0,28.0,15.0,25.0
11-03889957,60644.0,28.0,15.0,25.0
11-03889944,60644.0,28.0,15.0,25.0
11-03890105,60644.0,28.0,15.0,25.0
11-03890056,60644.0,28.0,15.0,25.0
11-03890093,60644.0,28.0,15.0,25.0
11-03884889,60644.0,37.0,15.0,25.0
11-03883808,60644.0,28.0,15.0,25.0
11-03883679,60644.0,29.0,15.0,25.0
11-03878426,60644.0,29.0,15.0,25.0
11-03878447,60644.0,29.0,15.0,25.0
11-03878479,60644.0,29.0,15.0,25.0
11-03878465,60644.0,29.0,15.0,25.0
11-03878507,60644.0,28.0,15.0,25.0
11-03878499,60644.0,29.0,15.0,25.0
11-03878492,60644.0,29.0,15.0,25.0
11-03878532,60644.0,28.0,15.0,25.0
11-03878516,60644.0,28.0,15.0,25.0
11-03878520,60644.0,28.0,15.0,25.0
11-03878556,60644.0,28.0,15.0,25.0
11-03878548,60644.0,28.0,15.0,25.0
11-03882756,60644.0,29.0,15.0,25.0
11-03879407,60644.0,29.0,15.0,25.0
11-03879386,60644.0,29.0,15.0,25.0
11-03879373,60644.0,29.0,15.0,25.0
11-03882235,60644.0,29.0,15.0,25.0
11-03882239,60644.0,29.0,15.0,25.0
11-03882238,60644.0,29.0,15.0,25.0
11-03882236,60644.0,29.0,15.0,25.0
11-03882109,60644.0,29.0,15.0,25.0
11-03882849,60644.0,29.0,15.0,25.0
11-03862301,60644.0,28.0,15.0,25.0
11-03862297,60644.0,28.0,15.0,25.0
11-03862132,60644.0,28.0,15.0,25.0
11-03862126,60644.0,28.0,15.0,25.0
11-03862102,60644.0,28.0,15.0,25.0
11-03862290,60644.0,28.0,15.0,25.0
11-03862261,60644.0,29.0,15.0,25.0
11-03862249,60644.0,29.0,15.0,25.0
11-03862268,60644.0,29.0,15.0,25.0
11-03862274,60644.0,29.0,15.0,25.0
11-03862282,60644.0,29.0,15.0,25.0
11-03832350,60644.0,29.0,15.0,25.0
11-03828516,60644.0,29.0,15.0,25.0
11-03825001,60644.0,29.0,15.0,25.0
11-03814583,60644.0,28.0,15.0,25.0
11-03815754,60644.0,29.0,15.0,25.0
11-03815834,60644.0,29.0,15.0,25.0
11-03815807,60644.0,29.0,15.0,25.0
11-03815878,60644.0,28.0,15.0,25.0
11-03815862,60644.0,29.0,15.0,25.0
11-03815919,60644.0,28.0,15.0,25.0
11-03816107,60644.0,28.0,15.0,25.0
11-03816036,60644.0,28.0,15.0,25.0
11-03816034,60644.0,29.0,15.0,25.0
11-03797366,60644.0,37.0,15.0,25.0
11-03797346,60644.0,37.0,15.0,25.0
11-03797313,60644.0,29.0,15.0,25.0
11-03797920,60644.0,29.0,15.0,25.0
11-03797217,60644.0,28.0,15.0,25.0
11-03789689,60644.0,29.0,15.0,25.0
11-03789699,60644.0,29.0,15.0,25.0
11-03794553,60644.0,29.0,15.0,25.0
11-03789826,60644.0,29.0,15.0,25.0
11-03789730,60644.0,29.0,15.0,25.0
11-03789723,60644.0,29.0,15.0,25.0
11-03789704,60644.0,29.0,15.0,25.0
11-03789745,60644.0,29.0,15.0,25.0
11-03789816,60644.0,29.0,15.0,25.0
11-03789801,60644.0,29.0,15.0,25.0
11-03791698,60644.0,28.0,15.0,25.0
11-03786410,60644.0,29.0,15.0,25.0
11-03783293,60644.0,28.0,15.0,25.0
11-03783280,60644.0,28.0,15.0,25.0
11-03783311,60644.0,28.0,15.0,25.0
11-03790514,60644.0,29.0,15.0,25.0
11-03778171,60644.0,29.0,15.0,25.0
11-03774253,60644.0,29.0,15.0,25.0
11-03770798,60644.0,29.0,15.0,25.0
11-03767250,60644.0,28.0,15.0,25.0
11-03768412,60644.0,28.0,15.0,25.0
11-03767709,60644.0,29.0,15.0,25.0
11-03758271,60644.0,37.0,15.0,25.0
11-03750222,60644.0,29.0,15.0,25.0
11-03751164,60644.0,29.0,15.0,25.0
11-03734495,60644.0,29.0,15.0,25.0
11-03740964,60644.0,28.0,15.0,25.0
11-03743274,60644.0,37.0,15.0,25.0
11-03732707,60644.0,24.0,15.0,25.0
11-03729521,60644.0,29.0,15.0,25.0
11-03733302,60644.0,29.0,15.0,25.0
11-03733367,60644.0,29.0,15.0,25.0
11-03732777,60644.0,24.0,15.0,25.0
11-03732755,60644.0,24.0,15.0,25.0
11-03718354,60644.0,29.0,15.0,25.0
11-03713540,60644.0,37.0,15.0,25.0
11-03713554,60644.0,37.0,15.0,25.0
11-03713637,60644.0,37.0,15.0,25.0
11-03713646,60644.0,37.0,15.0,25.0
11-03707893,60644.0,29.0,15.0,25.0
11-03698670,60644.0,29.0,15.0,25.0
11-03698716,60644.0,29.0,15.0,25.0
11-03708677,60644.0,37.0,15.0,25.0
11-03708262,60644.0,37.0,15.0,25.0
11-03682656,60644.0,29.0,15.0,25.0
11-03680611,60644.0,29.0,15.0,25.0
11-03682292,60644.0,29.0,15.0,25.0
11-03679144,60644.0,29.0,15.0,25.0
11-03677245,60644.0,37.0,15.0,25.0
11-03677382,60644.0,29.0,15.0,25.0
11-03677381,60644.0,29.0,15.0,25.0
11-03671648,60644.0,28.0,11.0,25.0
11-03676294,60644.0,29.0,15.0,25.0
11-03670682,60644.0,29.0,15.0,25.0
11-03670791,60644.0,28.0,15.0,25.0
11-03656385,60644.0,28.0,15.0,25.0
11-03656734,60644.0,28.0,15.0,25.0
11-03656425,60644.0,28.0,15.0,25.0
11-03656452,60644.0,29.0,15.0,25.0
11-03656728,60644.0,28.0,15.0,25.0
11-03656708,60644.0,29.0,15.0,25.0
11-03656685,60644.0,29.0,15.0,25.0
11-03656720,60644.0,29.0,15.0,25.0
11-03656702,60644.0,29.0,15.0,25.0
11-03656692,60644.0,29.0,15.0,25.0
11-03656740,60644.0,28.0,15.0,25.0
11-03649247,60644.0,29.0,15.0,25.0
11-03649280,60644.0,29.0,15.0,25.0
11-03650909,60644.0,29.0,15.0,25.0
11-03649407,60644.0,29.0,15.0,25.0
11-03649353,60644.0,29.0,15.0,25.0
11-03649576,60644.0,29.0,15.0,25.0
11-03642096,60644.0,29.0,15.0,25.0
11-03641233,60644.0,37.0,15.0,25.0
11-03634811,60644.0,37.0,15.0,25.0
11-03630818,60644.0,28.0,15.0,25.0
11-03625171,60644.0,28.0,15.0,25.0
11-03620671,60644.0,29.0,15.0,25.0
11-03620761,60644.0,29.0,15.0,25.0
11-03611804,60644.0,29.0,15.0,25.0
11-03611958,60644.0,29.0,15.0,25.0
11-03592847,60644.0,29.0,15.0,25.0
11-03578260,60644.0,29.0,15.0,25.0
11-03568837,60644.0,29.0,15.0,25.0
11-03559152,60644.0,37.0,15.0,25.0
11-03559220,60644.0,37.0,15.0,25.0
11-03559205,60644.0,37.0,15.0,25.0
11-03559182,60644.0,37.0,15.0,25.0
11-03565158,60644.0,28.0,15.0,25.0
11-03565144,60644.0,28.0,15.0,25.0
11-03561143,60644.0,37.0,15.0,25.0
11-03545885,60644.0,37.0,15.0,25.0
11-03539747,60644.0,29.0,15.0,25.0
11-03539734,60644.0,29.0,15.0,25.0
11-03539728,60644.0,29.0,15.0,25.0
11-03539783,60644.0,29.0,15.0,25.0
11-03539776,60644.0,29.0,15.0,25.0
11-03539772,60644.0,29.0,15.0,25.0
11-03539755,60644.0,29.0,15.0,25.0
11-03539758,60644.0,29.0,15.0,25.0
11-03539795,60644.0,29.0,15.0,25.0
11-03538365,60644.0,29.0,15.0,25.0
11-03530019,60644.0,29.0,15.0,25.0
11-03529991,60644.0,28.0,15.0,25.0
11-03530028,60644.0,29.0,15.0,25.0
11-03519106,60644.0,29.0,15.0,25.0
11-03513814,60644.0,29.0,15.0,25.0
11-03514243,60644.0,28.0,15.0,25.0
11-03514427,60644.0,28.0,15.0,25.0
11-03522319,60644.0,28.0,15.0,25.0
11-03522300,60644.0,28.0,15.0,25.0
11-03522262,60644.0,28.0,15.0,25.0
11-03522177,60644.0,28.0,15.0,25.0
11-03522161,60644.0,29.0,15.0,25.0
11-03522348,60644.0,28.0,15.0,25.0
11-03522339,60644.0,28.0,15.0,25.0
11-03522330,60644.0,28.0,15.0,25.0
11-03516348,60644.0,29.0,15.0,25.0
11-03504402,60644.0,29.0,15.0,25.0
11-03504385,60644.0,29.0,15.0,25.0
11-03500196,60644.0,29.0,15.0,25.0
11-03507767,60644.0,28.0,15.0,25.0
11-03501459,60644.0,29.0,15.0,25.0
11-03498700,60644.0,28.0,15.0,25.0
11-03497547,60644.0,28.0,15.0,25.0
11-03495550,60644.0,37.0,15.0,25.0
11-03487837,60644.0,37.0,15.0,25.0
11-03493769,60644.0,28.0,15.0,25.0
11-03493731,60644.0,28.0,15.0,25.0
11-03493694,60644.0,28.0,15.0,25.0
11-03493705,60644.0,28.0,15.0,25.0
11-03493681,60644.0,28.0,15.0,25.0
11-03481399,60644.0,37.0,15.0,25.0
11-03480440,60644.0,28.0,11.0,25.0
11-03489611,60644.0,28.0,15.0,25.0
11-03489354,60644.0,28.0,15.0,25.0
11-03489347,60644.0,29.0,15.0,25.0
11-03489603,60644.0,28.0,15.0,25.0
11-03488965,60644.0,28.0,15.0,25.0
11-03488976,60644.0,28.0,15.0,25.0
11-03489338,60644.0,29.0,15.0,25.0
11-03489325,60644.0,29.0,15.0,25.0
11-03489142,60644.0,29.0,15.0,25.0
11-03489128,60644.0,29.0,15.0,25.0
11-03463818,60644.0,28.0,15.0,25.0
11-03463805,60644.0,28.0,15.0,25.0
11-03463796,60644.0,28.0,15.0,25.0
11-03463786,60644.0,28.0,15.0,25.0
11-03463778,60644.0,28.0,15.0,25.0
11-03457712,60644.0,28.0,11.0,25.0
11-03447512,60644.0,28.0,15.0,25.0
11-03447578,60644.0,28.0,15.0,25.0
11-03447013,60644.0,28.0,15.0,25.0
11-03447886,60644.0,28.0,15.0,25.0
11-03447334,60644.0,28.0,15.0,25.0
11-03451350,60644.0,29.0,15.0,25.0
11-03434377,60644.0,37.0,15.0,25.0
11-03451087,60644.0,29.0,15.0,25.0
11-03451310,60644.0,29.0,15.0,25.0
11-03451316,60644.0,29.0,15.0,25.0
11-03451629,60644.0,28.0,15.0,25.0
11-03451611,60644.0,28.0,15.0,25.0
11-03451423,60644.0,29.0,15.0,25.0
11-03451640,60644.0,28.0,15.0,25.0
11-03452201,60644.0,28.0,15.0,25.0
11-03452192,60644.0,28.0,15.0,25.0
11-03452211,60644.0,28.0,15.0,25.0
11-03423227,60644.0,37.0,15.0,25.0
11-03416773,60644.0,24.0,15.0,25.0
11-03412768,60644.0,28.0,11.0,25.0
11-03412763,60644.0,28.0,11.0,25.0
11-03406813,60644.0,29.0,15.0,25.0
11-03405352,60644.0,37.0,15.0,25.0
11-03396533,60644.0,29.0,15.0,25.0
11-03397527,60644.0,28.0,15.0,25.0
11-03397518,60644.0,29.0,15.0,25.0
11-03397606,60644.0,28.0,15.0,25.0
11-03397569,60644.0,28.0,15.0,25.0
11-03397580,60644.0,28.0,15.0,25.0
11-03403468,60644.0,29.0,15.0,25.0
11-03380115,60644.0,29.0,15.0,25.0
11-03380089,60644.0,29.0,15.0,25.0
11-03380080,60644.0,29.0,15.0,25.0
11-03380069,60644.0,29.0,15.0,25.0
11-03380134,60644.0,29.0,15.0,25.0
11-03380207,60644.0,29.0,15.0,25.0
11-03380192,60644.0,29.0,15.0,25.0
11-03382386,60644.0,29.0,15.0,25.0
11-03382359,60644.0,29.0,15.0,25.0
11-03381532,60644.0,29.0,15.0,25.0
11-03382366,60644.0,29.0,15.0,25.0
11-03382331,60644.0,29.0,15.0,25.0
11-03382038,60644.0,29.0,15.0,25.0
11-03381517,60644.0,29.0,15.0,25.0
11-03367140,60644.0,24.0,11.0,25.0
11-03367122,60644.0,29.0,15.0,25.0
11-03352256,60644.0,28.0,15.0,25.0
11-03352281,60644.0,28.0,15.0,25.0
11-03352274,60644.0,28.0,15.0,25.0
11-03353682,60644.0,29.0,15.0,25.0
11-03353669,60644.0,29.0,15.0,25.0
11-03353233,60644.0,29.0,15.0,25.0
11-03353222,60644.0,29.0,15.0,25.0
11-03353732,60644.0,28.0,15.0,25.0
11-03353711,60644.0,28.0,15.0,25.0
11-03353691,60644.0,29.0,15.0,25.0
11-03353743,60644.0,28.0,15.0,25.0
11-03348897,60644.0,37.0,15.0,25.0
11-03334231,60644.0,29.0,15.0,25.0
11-03334230,60644.0,29.0,15.0,25.0
11-03334233,60644.0,29.0,15.0,25.0
11-03334235,60644.0,29.0,15.0,25.0
11-03334236,60644.0,29.0,15.0,25.0
11-03325599,60644.0,29.0,15.0,25.0
11-03319129,60644.0,29.0,15.0,25.0
11-03319152,60644.0,29.0,15.0,25.0
11-03319203,60644.0,29.0,15.0,25.0
11-03321179,60644.0,29.0,15.0,25.0
11-03312372,60644.0,29.0,15.0,25.0
11-03312369,60644.0,29.0,15.0,25.0
11-03312361,60644.0,29.0,15.0,25.0
11-03312330,60644.0,29.0,15.0,25.0
11-03312351,60644.0,29.0,15.0,25.0
11-03312401,60644.0,29.0,15.0,25.0
11-03312392,60644.0,29.0,15.0,25.0
11-03312381,60644.0,29.0,15.0,25.0
11-03277001,60644.0,28.0,15.0,25.0
11-03278066,60644.0,24.0,15.0,25.0
11-03266389,60644.0,24.0,15.0,25.0
11-03265160,60644.0,24.0,15.0,25.0
11-03259980,60644.0,37.0,15.0,25.0
11-03260032,60644.0,37.0,15.0,25.0
11-03263684,60644.0,29.0,15.0,25.0
11-03260053,60644.0,28.0,15.0,25.0
11-03255543,60644.0,28.0,15.0,25.0
11-03248390,60644.0,29.0,15.0,25.0
11-03248386,60644.0,29.0,15.0,25.0
11-03249691,60644.0,29.0,15.0,25.0
11-03249682,60644.0,29.0,15.0,25.0
11-03249660,60644.0,29.0,15.0,25.0
11-03249670,60644.0,29.0,15.0,25.0
11-03249704,60644.0,29.0,15.0,25.0
11-03233226,60644.0,28.0,15.0,25.0
11-03224631,60644.0,28.0,11.0,26.0
11-03228148,60644.0,29.0,15.0,25.0
11-03228084,60644.0,29.0,15.0,25.0
11-03228137,60644.0,29.0,15.0,25.0
11-03228110,60644.0,29.0,15.0,25.0
11-03228115,60644.0,29.0,15.0,25.0
11-03228166,60644.0,29.0,15.0,25.0
11-03196388,60644.0,29.0,15.0,25.0
11-03207135,60644.0,28.0,15.0,25.0
11-03195248,60644.0,28.0,15.0,25.0
11-03142821,60644.0,28.0,11.0,26.0
11-03149040,60644.0,28.0,15.0,25.0
11-03149034,60644.0,28.0,15.0,25.0
11-03147098,60644.0,29.0,15.0,25.0
11-03046256,60644.0,28.0,15.0,25.0
11-03142759,60644.0,29.0,15.0,25.0
11-03142726,60644.0,29.0,15.0,25.0
11-03142870,60644.0,29.0,15.0,25.0
11-03142862,60644.0,29.0,15.0,25.0
11-03142850,60644.0,29.0,15.0,25.0
11-03142958,60644.0,29.0,15.0,25.0
11-03142921,60644.0,29.0,15.0,25.0
11-03142886,60644.0,29.0,15.0,25.0
11-03142986,60644.0,29.0,15.0,25.0
11-03143045,60644.0,29.0,15.0,25.0
11-03143013,60644.0,29.0,15.0,25.0
11-03002909,60644.0,28.0,11.0,25.0
11-02992429,60644.0,28.0,11.0,25.0
11-02991408,60644.0,28.0,15.0,25.0
11-02989149,60644.0,29.0,15.0,25.0
11-02989135,60644.0,29.0,15.0,25.0
11-02989419,60644.0,29.0,15.0,25.0
11-02989388,60644.0,29.0,15.0,25.0
11-02989654,60644.0,29.0,15.0,25.0
11-02990091,60644.0,28.0,15.0,25.0
11-02990056,60644.0,28.0,15.0,25.0
11-02990025,60644.0,28.0,15.0,25.0
11-02990120,60644.0,28.0,15.0,25.0
11-02991379,60644.0,28.0,15.0,25.0
11-02956713,60644.0,24.0,15.0,25.0
11-02962497,60644.0,28.0,15.0,25.0
11-02917239,60644.0,24.0,15.0,25.0
11-02920680,60644.0,37.0,15.0,25.0
11-02917170,60644.0,28.0,15.0,25.0
11-02868697,60644.0,28.0,15.0,25.0
11-02756974,60644.0,29.0,15.0,25.0
11-02752902,60644.0,28.0,15.0,25.0
11-02754633,60644.0,29.0,15.0,25.0
11-02745200,60644.0,29.0,15.0,25.0
11-02745083,60644.0,29.0,15.0,25.0
11-02745181,60644.0,29.0,15.0,25.0
11-02745139,60644.0,29.0,15.0,25.0
11-02745111,60644.0,29.0,15.0,25.0
11-02746052,60644.0,28.0,15.0,25.0
11-02745231,60644.0,28.0,15.0,25.0
11-02746025,60644.0,28.0,15.0,25.0
11-02745273,60644.0,28.0,15.0,25.0
11-02745345,60644.0,28.0,15.0,25.0
11-02745293,60644.0,28.0,15.0,25.0
11-02724324,60644.0,29.0,15.0,25.0
11-02625303,60644.0,29.0,15.0,25.0
11-02624334,60644.0,28.0,15.0,25.0
11-02564334,60644.0,29.0,15.0,25.0
11-02571830,60644.0,28.0,15.0,25.0
11-02577854,60644.0,28.0,15.0,25.0
11-02584295,60644.0,29.0,15.0,25.0
11-02609368,60644.0,29.0,15.0,25.0
11-02609331,60644.0,29.0,15.0,25.0
11-02609280,60644.0,29.0,15.0,25.0
11-02609275,60644.0,29.0,15.0,25.0
11-02497740,60644.0,28.0,11.0,25.0
11-02445769,60644.0,29.0,15.0,25.0
11-02349545,60644.0,28.0,15.0,25.0
11-02349489,60644.0,28.0,15.0,25.0
11-02210444,60644.0,28.0,15.0,25.0
11-02196473,60644.0,29.0,15.0,25.0
11-02197821,60644.0,28.0,15.0,25.0
11-02199774,60644.0,28.0,15.0,25.0
11-02199754,60644.0,28.0,15.0,25.0
11-02199425,60644.0,29.0,15.0,25.0
11-02199725,60644.0,28.0,15.0,25.0
11-02199485,60644.0,29.0,15.0,25.0
11-02199595,60644.0,28.0,15.0,25.0
11-02199542,60644.0,29.0,15.0,25.0
11-02199505,60644.0,29.0,15.0,25.0
11-02130960,60644.0,28.0,15.0,25.0
11-02157023,60644.0,29.0,15.0,25.0
11-02157182,60644.0,28.0,15.0,25.0
11-02157078,60644.0,29.0,15.0,25.0
11-02157048,60644.0,29.0,15.0,25.0
11-02157157,60644.0,28.0,15.0,25.0
11-02157096,60644.0,29.0,15.0,25.0
11-02157135,60644.0,28.0,15.0,25.0
11-02157119,60644.0,29.0,15.0,25.0
11-02157200,60644.0,28.0,15.0,25.0
11-02157198,60644.0,28.0,15.0,25.0
11-02079764,60644.0,28.0,11.0,25.0
11-02094652,60644.0,29.0,15.0,25.0
11-02057825,60644.0,29.0,15.0,25.0
11-01940786,60644.0,28.0,15.0,25.0
11-01949080,60644.0,37.0,15.0,25.0
11-01963642,60644.0,29.0,15.0,25.0
11-01948269,60644.0,29.0,15.0,25.0
11-01912985,60644.0,28.0,15.0,25.0
11-01941809,60644.0,29.0,15.0,25.0
11-01941776,60644.0,29.0,15.0,25.0
11-01940738,60644.0,28.0,15.0,25.0
11-01941799,60644.0,29.0,15.0,25.0
11-01941789,60644.0,29.0,15.0,25.0
11-01877082,60644.0,28.0,15.0,25.0
11-01877045,60644.0,28.0,15.0,25.0
11-01877857,60644.0,28.0,15.0,25.0
11-01877723,60644.0,28.0,15.0,25.0
11-01877674,60644.0,28.0,15.0,25.0
11-01878631,60644.0,29.0,15.0,25.0
11-01877976,60644.0,28.0,15.0,25.0
11-01847635,60644.0,29.0,15.0,25.0
11-01835778,60644.0,29.0,15.0,25.0
11-01837735,60644.0,29.0,15.0,25.0
11-01847500,60644.0,29.0,15.0,25.0
11-01849412,60644.0,29.0,15.0,25.0
11-01663663,60644.0,29.0,15.0,25.0
11-01663661,60644.0,28.0,11.0,25.0
11-01624374,60644.0,29.0,15.0,25.0
11-01620926,60644.0,29.0,15.0,25.0
11-01601346,60644.0,29.0,15.0,25.0
11-01554422,60644.0,29.0,15.0,25.0
11-01557703,60644.0,29.0,15.0,25.0
11-01560257,60644.0,29.0,15.0,25.0
11-01560226,60644.0,29.0,15.0,25.0
11-01560282,60644.0,29.0,15.0,25.0
11-01561793,60644.0,28.0,15.0,25.0
11-01561789,60644.0,28.0,15.0,25.0
11-01625436,60644.0,29.0,15.0,25.0
11-01625461,60644.0,29.0,15.0,25.0
11-01560297,60644.0,29.0,15.0,25.0
11-01560154,60644.0,29.0,15.0,25.0
11-01619674,60644.0,29.0,15.0,25.0
11-01530787,60644.0,29.0,15.0,25.0
11-01455674,60644.0,29.0,15.0,25.0
11-01460491,60644.0,29.0,15.0,25.0
11-01405664,60644.0,29.0,15.0,25.0
11-01423652,60644.0,24.0,11.0,25.0
11-01423638,60644.0,24.0,11.0,25.0
11-01248291,60644.0,29.0,15.0,25.0
11-01238191,60644.0,29.0,15.0,25.0
11-01206492,60644.0,29.0,15.0,25.0
11-01210949,60644.0,28.0,15.0,25.0
11-01181192,60644.0,28.0,15.0,25.0
11-01181126,60644.0,28.0,15.0,25.0
11-01181791,60644.0,28.0,15.0,25.0
11-01181764,60644.0,28.0,15.0,25.0
11-01181729,60644.0,28.0,15.0,25.0
11-01177673,60644.0,24.0,15.0,25.0
11-01180814,60644.0,29.0,15.0,25.0
11-01180653,60644.0,29.0,15.0,25.0
11-01180645,60644.0,29.0,15.0,25.0
11-01180621,60644.0,29.0,15.0,25.0
11-01180615,60644.0,29.0,15.0,25.0
11-01180912,60644.0,28.0,15.0,25.0
11-01180877,60644.0,28.0,15.0,25.0
11-01180838,60644.0,28.0,15.0,25.0
11-01180964,60644.0,28.0,15.0,25.0
11-01180939,60644.0,28.0,15.0,25.0
11-01153080,60644.0,28.0,15.0,25.0
11-01152905,60644.0,29.0,15.0,25.0
11-01152972,60644.0,29.0,15.0,25.0
11-01152926,60644.0,29.0,15.0,25.0
11-01153046,60644.0,28.0,15.0,25.0
11-01153022,60644.0,29.0,15.0,25.0
11-01153003,60644.0,29.0,15.0,25.0
11-01153106,60644.0,28.0,15.0,25.0
11-01154850,60644.0,24.0,11.0,25.0
11-01122880,60644.0,29.0,15.0,25.0
11-01114428,60644.0,29.0,15.0,25.0
11-01114403,60644.0,29.0,15.0,25.0
11-01100388,60644.0,29.0,15.0,25.0
11-01073968,60644.0,29.0,15.0,25.0
11-01073949,60644.0,29.0,15.0,25.0
11-01043417,60644.0,29.0,15.0,25.0
11-01039227,60644.0,29.0,15.0,25.0
11-01040040,60644.0,29.0,15.0,25.0
11-01040036,60644.0,29.0,15.0,25.0
11-01043450,60644.0,29.0,15.0,25.0
11-01147927,60644.0,24.0,15.0,25.0
11-01147908,60644.0,24.0,15.0,25.0
11-01147641,60644.0,37.0,15.0,25.0
11-01147702,60644.0,28.0,15.0,25.0
11-01149962,60644.0,28.0,15.0,25.0
11-01149938,60644.0,28.0,15.0,25.0
11-01149924,60644.0,28.0,15.0,25.0
11-01149918,60644.0,28.0,15.0,25.0
11-01149875,60644.0,29.0,15.0,25.0
11-01149867,60644.0,29.0,15.0,25.0
11-01149913,60644.0,28.0,15.0,25.0
11-01149879,60644.0,29.0,15.0,25.0
11-01149905,60644.0,28.0,15.0,25.0
11-01149897,60644.0,29.0,15.0,25.0
11-01005886,60644.0,28.0,15.0,25.0
11-00981769,60644.0,29.0,15.0,25.0
11-00981440,60644.0,29.0,15.0,25.0
11-00981395,60644.0,29.0,15.0,25.0
11-00981421,60644.0,29.0,15.0,25.0
11-00981410,60644.0,29.0,15.0,25.0
11-00981927,60644.0,28.0,15.0,25.0
11-00982362,60644.0,28.0,15.0,25.0
11-00981873,60644.0,28.0,15.0,25.0
11-00981818,60644.0,28.0,15.0,25.0
11-00982329,60644.0,28.0,15.0,25.0
11-00982060,60644.0,28.0,15.0,25.0
11-00983113,60644.0,24.0,15.0,25.0
11-00983071,60644.0,24.0,15.0,25.0
11-00983089,60644.0,24.0,15.0,25.0
11-00983244,60644.0,24.0,11.0,25.0
11-00983138,60644.0,24.0,11.0,25.0
11-00983127,60644.0,24.0,11.0,25.0
11-00983447,60644.0,24.0,11.0,25.0
11-00983402,60644.0,24.0,11.0,25.0
11-00983476,60644.0,24.0,11.0,25.0
11-00957575,60644.0,37.0,15.0,25.0
11-00957501,60644.0,29.0,15.0,25.0
11-00832588,60644.0,28.0,15.0,25.0
11-00784910,60644.0,29.0,15.0,25.0
11-00784905,60644.0,29.0,15.0,25.0
11-00758066,60644.0,29.0,15.0,25.0
11-00752862,60644.0,28.0,15.0,25.0
11-00752856,60644.0,28.0,15.0,25.0
11-00752842,60644.0,28.0,15.0,25.0
11-00752337,60644.0,28.0,15.0,25.0
11-00754551,60644.0,28.0,15.0,25.0
11-00754544,60644.0,28.0,15.0,25.0
11-00754531,60644.0,28.0,15.0,25.0
11-00754525,60644.0,29.0,15.0,25.0
11-00754516,60644.0,29.0,15.0,25.0
11-00754139,60644.0,29.0,15.0,25.0
11-00753550,60644.0,29.0,15.0,25.0
11-00753527,60644.0,29.0,15.0,25.0
11-00753105,60644.0,29.0,15.0,25.0
11-00656070,60644.0,28.0,15.0,25.0
11-00673170,60644.0,29.0,15.0,25.0
11-00636500,60644.0,29.0,15.0,25.0
11-00637754,60644.0,28.0,15.0,25.0
11-00653595,60644.0,24.0,11.0,25.0
11-00562966,60644.0,28.0,15.0,25.0
11-00562982,60644.0,28.0,15.0,25.0
11-00558932,60644.0,29.0,15.0,25.0
11-00544855,60644.0,28.0,15.0,25.0
11-00525063,60644.0,28.0,11.0,26.0
11-00525050,60644.0,28.0,11.0,26.0
11-00535411,60644.0,28.0,15.0,25.0
11-00541276,60644.0,28.0,11.0,25.0
11-00515564,60644.0,28.0,15.0,25.0
11-00518007,60644.0,28.0,11.0,25.0
11-00527114,60644.0,28.0,15.0,25.0
11-00479462,60644.0,28.0,11.0,25.0
11-00479763,60644.0,28.0,11.0,25.0
11-00475478,60644.0,28.0,11.0,25.0
11-00475807,60644.0,29.0,15.0,25.0
11-00460775,60644.0,29.0,15.0,25.0
11-00463607,60644.0,29.0,15.0,25.0
11-00469755,60644.0,29.0,15.0,25.0
11-00469772,60644.0,29.0,15.0,25.0
11-00473011,60644.0,28.0,15.0,25.0
11-00472902,60644.0,29.0,15.0,25.0
11-00472899,60644.0,29.0,15.0,25.0
11-00472946,60644.0,29.0,15.0,25.0
11-00473000,60644.0,28.0,15.0,25.0
11-00472939,60644.0,29.0,15.0,25.0
11-00472924,60644.0,29.0,15.0,25.0
11-00472951,60644.0,28.0,15.0,25.0
11-00472974,60644.0,28.0,15.0,25.0
11-00472961,60644.0,28.0,15.0,25.0
11-00472954,60644.0,28.0,15.0,25.0
11-00453092,60644.0,24.0,11.0,25.0
11-00463124,60644.0,29.0,15.0,25.0
11-00463105,60644.0,29.0,15.0,25.0
11-00445586,60644.0,29.0,15.0,25.0
11-00445157,60644.0,29.0,15.0,25.0
11-00445174,60644.0,29.0,15.0,25.0
11-00445349,60644.0,24.0,11.0,25.0
11-00446119,60644.0,29.0,15.0,25.0
11-00453076,60644.0,24.0,11.0,25.0
11-00445109,60644.0,29.0,15.0,25.0
11-00443654,60644.0,29.0,15.0,25.0
11-00443641,60644.0,28.0,11.0,25.0
11-00440241,60644.0,28.0,15.0,25.0
11-00440644,60644.0,28.0,15.0,25.0
11-00440444,60644.0,28.0,15.0,25.0
11-00438626,60644.0,29.0,15.0,25.0
11-00435220,60644.0,24.0,11.0,25.0
11-00424668,60644.0,24.0,11.0,25.0
11-00421218,60644.0,29.0,15.0,25.0
11-00410689,60644.0,24.0,11.0,25.0
11-00394331,60644.0,28.0,15.0,25.0
11-00395637,60644.0,28.0,11.0,25.0
11-00398825,60644.0,29.0,15.0,25.0
11-00388724,60644.0,24.0,15.0,25.0
11-00388760,60644.0,24.0,15.0,25.0
11-00395641,60644.0,28.0,15.0,25.0
11-00395608,60644.0,28.0,11.0,25.0
11-00388790,60644.0,28.0,15.0,25.0
11-00395629,60644.0,28.0,15.0,25.0
11-00377854,60644.0,28.0,15.0,25.0
11-00377803,60644.0,28.0,15.0,25.0
11-00377862,60644.0,28.0,15.0,25.0
11-00378316,60644.0,29.0,15.0,25.0
11-00378526,60644.0,28.0,15.0,25.0
11-00378303,60644.0,29.0,15.0,25.0
11-00378513,60644.0,28.0,15.0,25.0
11-00378430,60644.0,29.0,15.0,25.0
11-00378498,60644.0,29.0,15.0,25.0
11-00378458,60644.0,29.0,15.0,25.0
11-00378552,60644.0,28.0,15.0,25.0
11-00367811,60644.0,29.0,15.0,25.0
11-00359385,60644.0,29.0,15.0,25.0
11-00359360,60644.0,29.0,15.0,25.0
11-00359423,60644.0,29.0,15.0,25.0
11-00364946,60644.0,29.0,15.0,25.0
11-00364770,60644.0,29.0,15.0,25.0
11-00364940,60644.0,29.0,15.0,25.0
11-00364932,60644.0,29.0,15.0,25.0
11-00364854,60644.0,29.0,15.0,25.0
11-00364875,60644.0,29.0,15.0,25.0
11-00364864,60644.0,29.0,15.0,25.0
11-00364955,60644.0,29.0,15.0,25.0
11-00365034,60644.0,29.0,15.0,25.0
11-00365003,60644.0,29.0,15.0,25.0
11-00364964,60644.0,29.0,15.0,25.0
11-00365025,60644.0,29.0,15.0,25.0
11-00365018,60644.0,29.0,15.0,25.0
11-00359605,60644.0,28.0,15.0,25.0
11-00359403,60644.0,29.0,15.0,25.0
11-00325531,60644.0,28.0,15.0,25.0
11-00325518,60644.0,29.0,15.0,25.0
11-00326012,60644.0,28.0,15.0,25.0
11-00331581,60644.0,24.0,11.0,25.0
11-00332867,60644.0,24.0,15.0,25.0
11-00318966,60644.0,28.0,15.0,25.0
11-00316996,60644.0,28.0,15.0,25.0
11-00318991,60644.0,29.0,15.0,25.0
11-00319575,60644.0,28.0,15.0,25.0
11-00319562,60644.0,28.0,15.0,25.0
11-00318976,60644.0,29.0,15.0,25.0
11-00319547,60644.0,29.0,15.0,25.0
11-00319510,60644.0,24.0,15.0,25.0
11-00311976,60644.0,28.0,15.0,25.0
11-00316984,60644.0,28.0,15.0,25.0
11-00292322,60644.0,24.0,15.0,25.0
11-00290499,60644.0,29.0,15.0,25.0
11-00282508,60644.0,28.0,15.0,25.0
11-00273923,60644.0,29.0,15.0,25.0
11-00260797,60644.0,29.0,15.0,25.0
11-00240316,60644.0,29.0,15.0,25.0
11-00213277,60644.0,28.0,15.0,25.0
11-00213335,60644.0,28.0,15.0,25.0
11-00213403,60644.0,29.0,15.0,25.0
11-00213465,60644.0,28.0,15.0,25.0
11-00213304,60644.0,28.0,15.0,25.0
11-00213235,60644.0,28.0,15.0,25.0
11-00167276,60644.0,28.0,15.0,25.0
11-00178824,60644.0,28.0,15.0,25.0
11-00179173,60644.0,28.0,15.0,25.0
11-00179203,60644.0,28.0,15.0,25.0
11-00179321,60644.0,29.0,15.0,25.0
11-00179332,60644.0,29.0,15.0,25.0
11-00179342,60644.0,29.0,15.0,25.0
11-00179358,60644.0,29.0,15.0,25.0
11-00179372,60644.0,29.0,15.0,25.0
11-00179393,60644.0,28.0,15.0,25.0
11-00179409,60644.0,28.0,15.0,25.0
11-00179431,60644.0,28.0,15.0,25.0
11-00149889,60644.0,28.0,15.0,25.0
11-00149916,60644.0,28.0,15.0,25.0
11-00138273,60644.0,29.0,15.0,25.0
11-00139361,60644.0,37.0,15.0,25.0
11-00146585,60644.0,29.0,15.0,25.0
11-00146646,60644.0,29.0,15.0,25.0
11-00125949,60644.0,29.0,15.0,25.0
11-00118946,60644.0,29.0,15.0,25.0
11-00102975,60644.0,28.0,15.0,25.0
11-00101622,60644.0,24.0,15.0,25.0
11-00107285,60644.0,28.0,15.0,25.0
11-00109345,60644.0,29.0,15.0,25.0
11-00109440,60644.0,29.0,15.0,25.0
11-00109452,60644.0,29.0,15.0,25.0
11-00109457,60644.0,29.0,15.0,25.0
11-00109464,60644.0,29.0,15.0,25.0
11-00109492,60644.0,28.0,15.0,25.0
11-00109504,60644.0,28.0,15.0,25.0
11-00109513,60644.0,28.0,15.0,25.0
11-00109535,60644.0,28.0,15.0,25.0
11-00109840,60644.0,28.0,15.0,25.0
11-00109849,60644.0,28.0,15.0,25.0
11-00110400,60644.0,24.0,11.0,25.0
11-00093545,60644.0,29.0,15.0,25.0
11-00092680,60644.0,28.0,15.0,25.0
11-00090290,60644.0,24.0,11.0,25.0
11-00090016,60644.0,24.0,11.0,25.0
11-00090063,60644.0,24.0,15.0,25.0
11-00090035,60644.0,24.0,11.0,25.0
11-00089717,60644.0,24.0,11.0,25.0
11-00090047,60644.0,24.0,15.0,25.0
11-00090082,60644.0,24.0,15.0,25.0
11-00090223,60644.0,24.0,11.0,25.0
11-00090023,60644.0,24.0,11.0,25.0
11-00089979,60644.0,24.0,11.0,25.0
11-00089993,60644.0,24.0,11.0,25.0
11-00089703,60644.0,24.0,11.0,25.0
11-00089965,60644.0,24.0,11.0,25.0
11-00076171,60644.0,28.0,15.0,25.0
11-00061929,60644.0,28.0,15.0,25.0
11-00068652,60644.0,29.0,15.0,25.0
11-00068659,60644.0,29.0,15.0,25.0
11-00061909,60644.0,37.0,15.0,25.0
11-00061263,60644.0,28.0,15.0,25.0
11-00061337,60644.0,28.0,15.0,25.0
11-00061884,60644.0,28.0,15.0,25.0
11-00061903,60644.0,28.0,15.0,25.0
11-00061910,60644.0,28.0,15.0,25.0
11-00061920,60644.0,28.0,15.0,25.0
11-00051743,60644.0,28.0,15.0,25.0
11-00057389,60644.0,28.0,15.0,25.0
11-00049521,60644.0,37.0,15.0,25.0
11-00049533,60644.0,37.0,15.0,25.0
11-00034626,60644.0,37.0,15.0,25.0
11-00034645,60644.0,29.0,15.0,25.0
11-00032365,60644.0,37.0,15.0,25.0
11-00032372,60644.0,29.0,15.0,25.0
11-00032377,60644.0,29.0,15.0,25.0
11-00032385,60644.0,29.0,15.0,25.0
11-00032394,60644.0,24.0,15.0,25.0
11-00032402,60644.0,28.0,15.0,25.0
11-00032410,60644.0,28.0,15.0,25.0
11-00032419,60644.0,28.0,15.0,25.0
11-00034622,60644.0,37.0,15.0,25.0
11-00034640,60644.0,29.0,15.0,25.0
11-00021053,60644.0,28.0,11.0,25.0
11-00021050,60644.0,28.0,15.0,25.0
11-00022253,60644.0,29.0,15.0,25.0
11-00024067,60644.0,37.0,15.0,25.0
11-00026434,60644.0,29.0,15.0,25.0
11-00026454,60644.0,29.0,15.0,25.0
11-00026461,60644.0,28.0,15.0,25.0
11-00026467,60644.0,29.0,15.0,25.0
11-00026619,60644.0,29.0,15.0,25.0
11-00026623,60644.0,28.0,15.0,25.0
11-00026702,60644.0,29.0,15.0,25.0
11-00027552,60644.0,29.0,15.0,25.0
11-00027799,60644.0,29.0,15.0,25.0
11-00027830,60644.0,29.0,15.0,25.0
11-00018579,60644.0,37.0,15.0,25.0
11-00014697,60644.0,29.0,15.0,25.0
11-00014746,60644.0,29.0,15.0,25.0
10-02071325,60644.0,29.0,15.0,25.0
11-00006191,60644.0,24.0,11.0,25.0
11-00006180,60644.0,24.0,11.0,25.0
