15-04851192,60655.0,19.0,22.0,74.0
15-04850671,60655.0,19.0,22.0,72.0
15-04850640,60655.0,19.0,22.0,72.0
15-04850703,60655.0,19.0,22.0,72.0
15-04851737,60655.0,19.0,22.0,74.0
15-04851745,60655.0,19.0,22.0,74.0
15-04825323,60655.0,19.0,22.0,74.0
15-04825341,60655.0,19.0,22.0,74.0
15-04825336,60655.0,19.0,22.0,74.0
15-04728193,60655.0,19.0,22.0,74.0
15-04728181,60655.0,19.0,22.0,75.0
15-04728175,60655.0,19.0,22.0,75.0
15-04728279,60655.0,19.0,22.0,72.0
15-04647470,60655.0,19.0,22.0,74.0
15-04545832,60655.0,19.0,22.0,72.0
15-04545901,60655.0,19.0,22.0,74.0
15-04545895,60655.0,19.0,22.0,74.0
15-04545891,60655.0,19.0,22.0,74.0
15-04545952,60655.0,19.0,22.0,74.0
15-04545910,60655.0,19.0,22.0,74.0
15-04545920,60655.0,19.0,22.0,74.0
15-04545914,60655.0,19.0,22.0,74.0
15-04545542,60655.0,19.0,22.0,74.0
15-04545555,60655.0,19.0,22.0,74.0
15-04521613,60655.0,19.0,22.0,74.0
15-04380671,60655.0,19.0,22.0,74.0
15-04211456,60655.0,19.0,22.0,72.0
15-04211483,60655.0,19.0,22.0,74.0
15-04060199,60655.0,19.0,22.0,74.0
15-04006293,60655.0,19.0,22.0,72.0
15-03979142,60655.0,19.0,22.0,74.0
15-03976239,60655.0,19.0,22.0,72.0
15-03976244,60655.0,19.0,22.0,72.0
15-03979212,60655.0,19.0,22.0,74.0
15-03807233,60655.0,0.0,0.0,0.0
15-03679731,60655.0,19.0,22.0,72.0
15-03679721,60655.0,19.0,22.0,72.0
15-03440732,60655.0,19.0,22.0,74.0
15-03440699,60655.0,19.0,22.0,74.0
15-03440682,60655.0,19.0,22.0,74.0
15-03437844,60655.0,19.0,22.0,74.0
15-03440744,60655.0,19.0,22.0,74.0
15-03437873,60655.0,19.0,22.0,74.0
15-03437896,60655.0,19.0,22.0,74.0
15-03438093,60655.0,19.0,22.0,74.0
15-03438074,60655.0,19.0,22.0,74.0
15-03438124,60655.0,19.0,22.0,74.0
15-03438209,60655.0,19.0,22.0,74.0
15-03438159,60655.0,19.0,22.0,74.0
15-03438177,60655.0,19.0,22.0,74.0
15-03437352,60655.0,19.0,22.0,74.0
15-03437602,60655.0,19.0,22.0,74.0
15-03437647,60655.0,19.0,22.0,74.0
15-03437630,60655.0,19.0,22.0,74.0
15-03437673,60655.0,19.0,22.0,74.0
15-03437762,60655.0,19.0,22.0,74.0
15-03267441,60655.0,19.0,22.0,74.0
15-03256237,60655.0,19.0,22.0,74.0
15-03256440,60655.0,19.0,22.0,74.0
15-03248412,60655.0,19.0,22.0,74.0
15-03248398,60655.0,19.0,22.0,74.0
15-03248462,60655.0,19.0,22.0,74.0
15-03248453,60655.0,19.0,22.0,74.0
15-03249905,60655.0,19.0,22.0,74.0
15-03249853,60655.0,19.0,22.0,74.0
15-03249777,60655.0,19.0,22.0,74.0
15-03249823,60655.0,19.0,22.0,74.0
15-03249785,60655.0,19.0,22.0,74.0
15-03249795,60655.0,19.0,22.0,74.0
15-03177232,60655.0,19.0,22.0,74.0
15-03177347,60655.0,19.0,22.0,74.0
15-02608674,60655.0,19.0,22.0,74.0
15-02609549,60655.0,19.0,22.0,74.0
15-02609424,60655.0,19.0,22.0,74.0
15-02609381,60655.0,19.0,22.0,74.0
15-02609395,60655.0,19.0,22.0,74.0
15-02609593,60655.0,19.0,22.0,75.0
15-02585555,60655.0,19.0,22.0,74.0
15-02585454,60655.0,19.0,22.0,74.0
15-02585588,60655.0,19.0,22.0,74.0
15-02585611,60655.0,19.0,22.0,74.0
15-02559874,60655.0,19.0,22.0,74.0
15-02080798,60655.0,19.0,22.0,74.0
15-02004641,60655.0,19.0,22.0,74.0
15-01953265,60655.0,19.0,22.0,74.0
15-01953287,60655.0,19.0,22.0,74.0
15-01953272,60655.0,19.0,22.0,74.0
15-01673479,60655.0,19.0,22.0,75.0
15-01673456,60655.0,19.0,22.0,75.0
15-01673568,60655.0,19.0,22.0,74.0
15-01673526,60655.0,19.0,22.0,74.0
15-01673501,60655.0,19.0,22.0,74.0
15-01673589,60655.0,19.0,22.0,74.0
15-01498409,60655.0,19.0,22.0,74.0
15-01498413,60655.0,19.0,22.0,74.0
15-01498477,60655.0,19.0,22.0,74.0
15-01498485,60655.0,19.0,22.0,74.0
15-01498481,60655.0,19.0,22.0,74.0
15-01498497,60655.0,19.0,22.0,74.0
15-01358426,60655.0,19.0,22.0,74.0
15-01358372,60655.0,19.0,22.0,74.0
15-01358570,60655.0,19.0,22.0,74.0
15-01358461,60655.0,19.0,22.0,74.0
15-01358548,60655.0,19.0,22.0,74.0
15-01358588,60655.0,19.0,22.0,74.0
15-01358511,60655.0,19.0,22.0,74.0
15-01358488,60655.0,19.0,22.0,74.0
15-01203452,60655.0,19.0,22.0,74.0
15-00894568,60655.0,19.0,22.0,74.0
15-00852142,60655.0,19.0,22.0,74.0
15-00823974,60655.0,19.0,22.0,72.0
15-00823966,60655.0,19.0,22.0,72.0
15-00817969,60655.0,19.0,22.0,72.0
15-00817976,60655.0,19.0,22.0,72.0
15-00523215,60655.0,19.0,22.0,72.0
15-00449663,60655.0,19.0,22.0,74.0
15-00449692,60655.0,19.0,22.0,74.0
15-00449682,60655.0,19.0,22.0,74.0
15-00449673,60655.0,19.0,22.0,74.0
15-00449687,60655.0,19.0,22.0,74.0
15-00449690,60655.0,19.0,22.0,74.0
15-00449667,60655.0,19.0,22.0,74.0
15-00427101,60655.0,19.0,22.0,74.0
15-00427119,60655.0,19.0,22.0,74.0
15-00427118,60655.0,19.0,22.0,74.0
15-00427100,60655.0,19.0,22.0,74.0
15-00277810,60655.0,19.0,22.0,74.0
15-00277805,60655.0,19.0,22.0,74.0
15-00277802,60655.0,19.0,22.0,74.0
15-00277818,60655.0,19.0,22.0,74.0
15-00117904,60655.0,19.0,22.0,74.0
15-00117935,60655.0,19.0,22.0,74.0
15-00117919,60655.0,19.0,22.0,74.0
15-00117895,60655.0,19.0,22.0,74.0
15-00117891,60655.0,19.0,22.0,74.0
14-02158107,60655.0,19.0,22.0,74.0
14-02151610,60655.0,19.0,22.0,74.0
14-02120601,60655.0,19.0,22.0,74.0
14-02090187,60655.0,19.0,22.0,74.0
14-02014894,60655.0,19.0,22.0,74.0
14-02014888,60655.0,19.0,22.0,74.0
14-02014885,60655.0,19.0,22.0,74.0
14-02014883,60655.0,19.0,22.0,74.0
14-02014878,60655.0,19.0,22.0,74.0
14-02013988,60655.0,19.0,22.0,72.0
14-01988089,60655.0,19.0,22.0,72.0
14-01988078,60655.0,19.0,22.0,72.0
14-01982577,60655.0,19.0,22.0,72.0
14-01937348,60655.0,19.0,22.0,72.0
14-01929035,60655.0,19.0,22.0,74.0
14-01929033,60655.0,19.0,22.0,74.0
14-01929018,60655.0,19.0,22.0,74.0
14-01929002,60655.0,19.0,22.0,74.0
14-01929010,60655.0,19.0,22.0,74.0
14-01929027,60655.0,19.0,22.0,74.0
14-01929021,60655.0,19.0,22.0,74.0
14-01911739,60655.0,19.0,22.0,74.0
14-01831867,60655.0,19.0,22.0,74.0
14-01816366,60655.0,19.0,22.0,74.0
14-01738634,60655.0,19.0,22.0,74.0
14-01738628,60655.0,19.0,22.0,74.0
14-01738620,60655.0,19.0,22.0,74.0
14-01652304,60655.0,19.0,22.0,75.0
14-01274124,60655.0,19.0,22.0,72.0
14-00839716,60655.0,19.0,22.0,72.0
14-00787097,60655.0,19.0,22.0,74.0
14-00787165,60655.0,19.0,22.0,74.0
14-00787210,60655.0,19.0,22.0,74.0
14-00787172,60655.0,19.0,22.0,74.0
14-00787203,60655.0,19.0,22.0,74.0
14-00766447,60655.0,19.0,22.0,75.0
14-00764300,60655.0,19.0,22.0,74.0
14-00578019,60655.0,19.0,22.0,75.0
14-00576747,60655.0,19.0,22.0,75.0
14-00561930,60655.0,19.0,22.0,75.0
14-00560480,60655.0,19.0,22.0,75.0
14-00490053,60655.0,19.0,22.0,74.0
14-00484813,60655.0,19.0,22.0,74.0
14-00484833,60655.0,19.0,22.0,74.0
14-00440836,60655.0,19.0,22.0,74.0
14-00440818,60655.0,19.0,22.0,74.0
14-00440820,60655.0,19.0,22.0,74.0
14-00440834,60655.0,19.0,22.0,74.0
14-00440821,60655.0,19.0,22.0,74.0
14-00407974,60655.0,19.0,22.0,74.0
14-00388667,60655.0,19.0,22.0,74.0
14-00374972,60655.0,19.0,22.0,72.0
14-00375038,60655.0,19.0,22.0,72.0
14-00357027,60655.0,19.0,22.0,74.0
14-00342236,60655.0,19.0,22.0,74.0
14-00342238,60655.0,19.0,22.0,74.0
14-00342266,60655.0,19.0,22.0,74.0
14-00336326,60655.0,19.0,22.0,74.0
14-00331574,60655.0,19.0,22.0,74.0
14-00157354,60655.0,19.0,22.0,74.0
14-00062732,60655.0,19.0,22.0,74.0
14-00021998,60655.0,19.0,22.0,74.0
14-00017323,60655.0,19.0,22.0,74.0
14-00009683,60655.0,19.0,22.0,74.0
14-00009697,60655.0,19.0,22.0,74.0
13-01902156,60655.0,19.0,22.0,74.0
13-01837590,60655.0,19.0,22.0,72.0
13-01837595,60655.0,19.0,22.0,72.0
13-01830424,60655.0,19.0,22.0,74.0
13-01819490,60655.0,19.0,22.0,74.0
13-01809924,60655.0,19.0,22.0,74.0
13-01789356,60655.0,19.0,22.0,74.0
13-01741472,60655.0,19.0,22.0,74.0
13-01741486,60655.0,19.0,22.0,74.0
13-01741454,60655.0,19.0,22.0,74.0
13-01714270,60655.0,19.0,22.0,74.0
13-01638372,60655.0,19.0,22.0,74.0
13-01560147,60655.0,19.0,22.0,74.0
13-01407378,60655.0,19.0,22.0,74.0
13-01393253,60655.0,19.0,22.0,72.0
13-01375301,60655.0,19.0,22.0,72.0
13-01354804,60655.0,19.0,22.0,74.0
13-01293329,60655.0,19.0,22.0,74.0
13-01270802,60655.0,19.0,22.0,75.0
13-01270791,60655.0,19.0,22.0,75.0
13-01270774,60655.0,19.0,22.0,75.0
13-01270729,60655.0,19.0,22.0,75.0
13-01075907,60655.0,19.0,22.0,74.0
13-01075642,60655.0,19.0,22.0,74.0
13-01075617,60655.0,19.0,22.0,74.0
13-01075415,60655.0,19.0,22.0,74.0
13-01075602,60655.0,19.0,22.0,74.0
13-01075441,60655.0,19.0,22.0,74.0
13-01075597,60655.0,19.0,22.0,74.0
13-01075511,60655.0,19.0,22.0,74.0
13-01075704,60655.0,19.0,22.0,74.0
13-01075691,60655.0,19.0,22.0,74.0
13-01075675,60655.0,19.0,22.0,74.0
13-01075655,60655.0,19.0,22.0,74.0
13-01075721,60655.0,19.0,22.0,74.0
13-01058033,60655.0,19.0,22.0,74.0
13-01051447,60655.0,19.0,22.0,74.0
13-00782011,60655.0,19.0,22.0,75.0
13-00782000,60655.0,19.0,22.0,75.0
13-00728099,60655.0,19.0,22.0,75.0
13-00552966,60655.0,19.0,22.0,75.0
13-00513605,60655.0,19.0,22.0,74.0
13-00500727,60655.0,19.0,22.0,75.0
13-00450620,60655.0,19.0,22.0,72.0
13-00403462,60655.0,19.0,22.0,74.0
13-00400073,60655.0,19.0,22.0,74.0
13-00400086,60655.0,19.0,22.0,74.0
13-00400080,60655.0,19.0,22.0,74.0
13-00380978,60655.0,19.0,22.0,74.0
13-00333628,60655.0,19.0,22.0,74.0
13-00306500,60655.0,19.0,22.0,74.0
13-00286165,60655.0,19.0,22.0,74.0
13-00286999,60655.0,19.0,22.0,74.0
13-00286172,60655.0,19.0,22.0,74.0
13-00289036,60655.0,19.0,22.0,74.0
13-00284062,60655.0,19.0,22.0,74.0
13-00197269,60655.0,19.0,22.0,74.0
13-00188386,60655.0,19.0,22.0,74.0
13-00183876,60655.0,19.0,22.0,74.0
13-00159361,60655.0,19.0,22.0,74.0
13-00159351,60655.0,19.0,22.0,74.0
13-00086358,60655.0,19.0,22.0,74.0
12-02045347,60655.0,19.0,22.0,74.0
12-02045400,60655.0,19.0,22.0,74.0
12-02035815,60655.0,19.0,22.0,75.0
12-02029598,60655.0,19.0,22.0,72.0
12-02023522,60655.0,19.0,22.0,74.0
12-02023514,60655.0,19.0,22.0,74.0
12-02023197,60655.0,19.0,22.0,74.0
12-02023461,60655.0,19.0,22.0,74.0
12-02023206,60655.0,19.0,22.0,74.0
12-02023280,60655.0,19.0,22.0,74.0
12-02023683,60655.0,19.0,22.0,74.0
12-02023636,60655.0,19.0,22.0,74.0
12-02023723,60655.0,19.0,22.0,74.0
12-02001343,60655.0,19.0,22.0,74.0
12-01996716,60655.0,19.0,22.0,74.0
12-01992047,60655.0,19.0,22.0,74.0
12-01992025,60655.0,19.0,22.0,74.0
12-01992009,60655.0,19.0,22.0,74.0
12-01991945,60655.0,19.0,22.0,74.0
12-01992062,60655.0,19.0,22.0,74.0
12-01992086,60655.0,19.0,22.0,74.0
12-01987814,60655.0,19.0,22.0,74.0
12-01986294,60655.0,19.0,22.0,74.0
12-01980965,60655.0,19.0,22.0,74.0
12-01981061,60655.0,19.0,22.0,74.0
12-01981069,60655.0,19.0,22.0,74.0
12-01974234,60655.0,19.0,22.0,74.0
12-01971722,60655.0,19.0,22.0,74.0
12-01971542,60655.0,19.0,22.0,74.0
12-01971677,60655.0,19.0,22.0,74.0
12-01971662,60655.0,19.0,22.0,74.0
12-01971747,60655.0,19.0,22.0,74.0
12-01971727,60655.0,19.0,22.0,74.0
12-01971728,60655.0,19.0,22.0,74.0
12-01971740,60655.0,19.0,22.0,74.0
12-01971734,60655.0,19.0,22.0,74.0
12-01948224,60655.0,19.0,22.0,74.0
12-01943959,60655.0,19.0,22.0,74.0
12-01944444,60655.0,19.0,22.0,74.0
12-01944587,60655.0,19.0,22.0,74.0
12-01944454,60655.0,19.0,22.0,74.0
12-01919459,60655.0,19.0,22.0,74.0
12-01837768,60655.0,19.0,22.0,74.0
12-01816105,60655.0,19.0,22.0,74.0
12-01816099,60655.0,19.0,22.0,74.0
12-01816183,60655.0,19.0,22.0,74.0
12-01806867,60655.0,19.0,22.0,74.0
12-01805311,60655.0,19.0,22.0,75.0
12-01805071,60655.0,19.0,22.0,72.0
12-01805177,60655.0,19.0,22.0,74.0
12-01805101,60655.0,19.0,22.0,74.0
12-01805186,60655.0,19.0,22.0,74.0
12-01805161,60655.0,19.0,22.0,74.0
12-01805318,60655.0,19.0,22.0,75.0
12-01805328,60655.0,19.0,22.0,75.0
12-01805357,60655.0,19.0,22.0,74.0
12-01805373,60655.0,19.0,22.0,74.0
12-01792117,60655.0,19.0,22.0,74.0
12-01758899,60655.0,19.0,22.0,74.0
12-01757952,60655.0,19.0,22.0,74.0
12-01750216,60655.0,19.0,22.0,74.0
12-01743343,60655.0,19.0,22.0,72.0
12-01743346,60655.0,19.0,22.0,74.0
12-01745502,60655.0,19.0,22.0,74.0
12-01740363,60655.0,19.0,22.0,74.0
12-01733300,60655.0,19.0,22.0,74.0
12-01733554,60655.0,19.0,22.0,74.0
12-01719020,60655.0,19.0,22.0,74.0
12-01713684,60655.0,19.0,22.0,75.0
12-01697933,60655.0,19.0,22.0,74.0
12-01672678,60655.0,19.0,22.0,74.0
12-01672671,60655.0,19.0,22.0,74.0
12-01672669,60655.0,19.0,22.0,72.0
12-01669538,60655.0,19.0,22.0,74.0
12-01620705,60655.0,19.0,22.0,75.0
12-01619399,60655.0,19.0,22.0,74.0
12-01609758,60655.0,19.0,22.0,74.0
12-01603162,60655.0,19.0,22.0,74.0
12-01580174,60655.0,19.0,22.0,74.0
12-01580159,60655.0,19.0,22.0,74.0
12-01579548,60655.0,19.0,22.0,74.0
12-01579543,60655.0,19.0,22.0,74.0
12-01558548,60655.0,19.0,22.0,74.0
12-01560025,60655.0,19.0,22.0,74.0
12-01557725,60655.0,19.0,22.0,74.0
12-01560921,60655.0,19.0,22.0,74.0
12-01555072,60655.0,19.0,22.0,74.0
12-01554000,60655.0,19.0,22.0,74.0
12-01554009,60655.0,19.0,22.0,74.0
12-01554008,60655.0,19.0,22.0,74.0
12-01554006,60655.0,19.0,22.0,74.0
12-01554274,60655.0,19.0,22.0,74.0
12-01553997,60655.0,19.0,22.0,74.0
12-01553992,60655.0,19.0,22.0,74.0
12-01554004,60655.0,19.0,22.0,74.0
12-01553853,60655.0,19.0,22.0,74.0
12-01554001,60655.0,19.0,22.0,74.0
12-01553995,60655.0,19.0,22.0,74.0
12-01553981,60655.0,19.0,22.0,74.0
12-01547035,60655.0,19.0,22.0,74.0
12-01510711,60655.0,19.0,22.0,74.0
12-01503134,60655.0,19.0,22.0,74.0
12-01495552,60655.0,19.0,22.0,74.0
12-01450961,60655.0,19.0,22.0,74.0
12-01312771,60655.0,19.0,22.0,74.0
12-01309863,60655.0,19.0,22.0,74.0
12-01307935,60655.0,19.0,22.0,74.0
12-01301641,60655.0,19.0,22.0,74.0
12-01295387,60655.0,19.0,22.0,72.0
12-01292688,60655.0,19.0,22.0,72.0
12-01278317,60655.0,19.0,22.0,74.0
12-01273503,60655.0,19.0,22.0,74.0
12-01259018,60655.0,19.0,22.0,74.0
12-01114179,60655.0,19.0,22.0,74.0
12-01070863,60655.0,19.0,22.0,74.0
12-01073761,60655.0,19.0,22.0,74.0
12-01057663,60655.0,19.0,22.0,75.0
12-01062017,60655.0,19.0,22.0,72.0
12-01010620,60655.0,19.0,22.0,72.0
12-01010625,60655.0,19.0,22.0,72.0
12-01006416,60655.0,19.0,22.0,72.0
12-00800361,60655.0,19.0,22.0,75.0
12-00776805,60655.0,19.0,22.0,74.0
12-00751653,60655.0,19.0,22.0,75.0
12-00702012,60655.0,19.0,22.0,75.0
12-00588732,60655.0,19.0,22.0,74.0
12-00540531,60655.0,19.0,22.0,72.0
12-00540520,60655.0,19.0,22.0,74.0
12-00116899,60655.0,19.0,22.0,74.0
12-00034252,60655.0,19.0,22.0,74.0
11-04301139,60655.0,19.0,22.0,74.0
11-04209062,60655.0,19.0,22.0,72.0
11-04189382,60655.0,19.0,22.0,72.0
11-04133041,60655.0,19.0,22.0,72.0
11-04000116,60655.0,19.0,22.0,75.0
11-03971975,60655.0,19.0,22.0,74.0
11-03917032,60655.0,19.0,22.0,72.0
11-03833601,60655.0,19.0,22.0,74.0
11-03833591,60655.0,19.0,22.0,74.0
11-03806432,60655.0,19.0,22.0,72.0
11-03806455,60655.0,19.0,22.0,72.0
11-03764122,60655.0,19.0,22.0,74.0
11-03748162,60655.0,19.0,22.0,74.0
11-03745401,60655.0,19.0,22.0,74.0
11-03714474,60655.0,19.0,22.0,74.0
11-03714481,60655.0,19.0,22.0,74.0
11-03714492,60655.0,19.0,22.0,74.0
11-03700212,60655.0,19.0,22.0,72.0
11-03353331,60655.0,19.0,22.0,72.0
11-03291789,60655.0,19.0,22.0,74.0
11-03227648,60655.0,19.0,22.0,74.0
11-03227642,60655.0,19.0,22.0,74.0
11-03227638,60655.0,19.0,22.0,74.0
11-03221992,60655.0,19.0,22.0,72.0
11-02586687,60655.0,19.0,22.0,74.0
11-01556493,60655.0,19.0,22.0,74.0
11-01558453,60655.0,19.0,22.0,74.0
11-01237115,60655.0,19.0,22.0,74.0
11-01182930,60655.0,19.0,22.0,72.0
11-00540716,60655.0,19.0,22.0,74.0
11-00540708,60655.0,19.0,22.0,74.0
11-00540700,60655.0,19.0,22.0,74.0
11-00449733,60655.0,19.0,22.0,75.0
11-00396673,60655.0,19.0,22.0,74.0
11-00331240,60655.0,19.0,22.0,72.0
11-00294978,60655.0,19.0,22.0,75.0
11-00272478,60655.0,19.0,22.0,74.0
11-00147089,60655.0,19.0,22.0,74.0
