15-04879110,60653.0,4.0,2.0,39.0
15-04700536,60653.0,4.0,2.0,36.0
15-04670983,60653.0,3.0,2.0,38.0
15-04521584,60653.0,3.0,2.0,38.0
15-04473633,60653.0,3.0,2.0,38.0
15-04472303,60653.0,4.0,2.0,39.0
15-04473640,60653.0,3.0,2.0,38.0
15-04214069,60653.0,4.0,2.0,35.0
15-04165695,60653.0,4.0,2.0,38.0
15-04145958,60653.0,4.0,2.0,35.0
15-03888935,60653.0,3.0,2.0,35.0
15-03816131,60653.0,4.0,2.0,36.0
15-03729579,60653.0,3.0,2.0,35.0
15-03655452,60653.0,4.0,2.0,36.0
15-03655446,60653.0,4.0,2.0,39.0
15-03616957,60653.0,4.0,2.0,39.0
15-03521046,60653.0,4.0,2.0,39.0
15-03368049,60653.0,4.0,2.0,36.0
15-03368129,60653.0,4.0,2.0,36.0
15-03368144,60653.0,4.0,2.0,36.0
15-03325330,60653.0,4.0,2.0,36.0
15-03325340,60653.0,4.0,2.0,36.0
15-03325334,60653.0,4.0,2.0,36.0
15-03250431,60653.0,3.0,2.0,38.0
15-03254925,60653.0,,,
15-03233046,60653.0,3.0,2.0,38.0
15-03231509,60653.0,4.0,2.0,39.0
15-03234268,60653.0,3.0,2.0,38.0
15-03149878,60653.0,3.0,2.0,38.0
15-03116916,60653.0,3.0,2.0,38.0
15-03118514,60653.0,3.0,2.0,38.0
15-03088383,60653.0,3.0,2.0,38.0
15-02907529,60653.0,4.0,2.0,38.0
15-02777160,60653.0,4.0,2.0,38.0
15-02610635,60653.0,4.0,2.0,36.0
15-02355228,60653.0,3.0,2.0,35.0
15-02337070,60653.0,4.0,2.0,39.0
15-02279003,60653.0,3.0,2.0,38.0
15-02278995,60653.0,3.0,2.0,38.0
15-02254748,60653.0,3.0,2.0,38.0
15-02131034,60653.0,3.0,2.0,38.0
15-01812700,60653.0,3.0,2.0,38.0
15-01812692,60653.0,3.0,2.0,38.0
15-01698332,60653.0,3.0,2.0,38.0
15-01698248,60653.0,4.0,2.0,38.0
15-01698161,60653.0,4.0,2.0,36.0
15-01674374,60653.0,3.0,2.0,35.0
15-01554584,60653.0,3.0,2.0,38.0
15-01554578,60653.0,3.0,2.0,38.0
15-01555169,60653.0,3.0,2.0,38.0
15-01555379,60653.0,3.0,2.0,38.0
15-01555139,60653.0,3.0,2.0,38.0
15-01555313,60653.0,3.0,2.0,38.0
15-01555215,60653.0,3.0,2.0,38.0
15-01555265,60653.0,3.0,2.0,38.0
15-01555453,60653.0,3.0,2.0,38.0
15-01555411,60653.0,3.0,2.0,38.0
15-01554572,60653.0,3.0,2.0,38.0
15-01554568,60653.0,3.0,2.0,38.0
15-01554563,60653.0,3.0,2.0,38.0
15-01554556,60653.0,3.0,2.0,38.0
15-01554539,60653.0,3.0,2.0,38.0
15-01554549,60653.0,3.0,2.0,38.0
15-01554542,60653.0,3.0,2.0,38.0
15-01554885,60653.0,3.0,2.0,38.0
15-01554426,60653.0,3.0,2.0,38.0
15-01554450,60653.0,3.0,2.0,38.0
15-01554444,60653.0,3.0,2.0,38.0
15-01554442,60653.0,3.0,2.0,38.0
15-01554434,60653.0,3.0,2.0,38.0
15-01554456,60653.0,3.0,2.0,38.0
15-01554502,60653.0,3.0,2.0,38.0
15-01554468,60653.0,3.0,2.0,38.0
15-01554462,60653.0,3.0,2.0,38.0
15-01554498,60653.0,3.0,2.0,38.0
15-01554481,60653.0,3.0,2.0,38.0
15-01554473,60653.0,3.0,2.0,38.0
15-01554477,60653.0,3.0,2.0,38.0
15-01554485,60653.0,3.0,2.0,38.0
15-01554491,60653.0,3.0,2.0,38.0
15-01554507,60653.0,3.0,2.0,38.0
15-01554542,60653.0,3.0,2.0,38.0
15-01507137,60653.0,4.0,2.0,36.0
15-01499610,60653.0,3.0,2.0,38.0
15-01327568,60653.0,3.0,2.0,38.0
15-01210941,60653.0,3.0,2.0,38.0
15-01020627,60653.0,3.0,2.0,38.0
15-00960735,60653.0,4.0,2.0,38.0
15-00896385,60653.0,3.0,2.0,38.0
15-00896399,60653.0,3.0,2.0,38.0
15-00894357,60653.0,3.0,2.0,38.0
15-00894336,60653.0,3.0,2.0,38.0
15-00895586,60653.0,3.0,2.0,38.0
15-00895591,60653.0,3.0,2.0,38.0
15-00854941,60653.0,3.0,2.0,38.0
15-00855057,60653.0,3.0,2.0,38.0
15-00822562,60653.0,3.0,2.0,38.0
15-00822876,60653.0,3.0,2.0,38.0
15-00822614,60653.0,3.0,2.0,38.0
15-00765262,60653.0,3.0,2.0,38.0
15-00730859,60653.0,3.0,2.0,38.0
15-00645345,60653.0,3.0,2.0,38.0
15-00537188,60653.0,3.0,2.0,38.0
15-00541438,60653.0,4.0,2.0,39.0
15-00522443,60653.0,3.0,2.0,38.0
15-00526972,60653.0,4.0,2.0,36.0
15-00510022,60653.0,3.0,2.0,38.0
15-00384968,60653.0,3.0,2.0,38.0
15-00327640,60653.0,3.0,2.0,38.0
15-00322911,60653.0,4.0,2.0,38.0
15-00304670,60653.0,4.0,2.0,36.0
15-00297637,60653.0,3.0,2.0,38.0
15-00276329,60653.0,3.0,2.0,38.0
15-00261196,60653.0,3.0,2.0,38.0
15-00235368,60653.0,4.0,2.0,39.0
15-00221333,60653.0,3.0,2.0,38.0
15-00216144,60653.0,3.0,2.0,38.0
15-00206319,60653.0,3.0,2.0,38.0
15-00187383,60653.0,3.0,2.0,38.0
15-00184384,60653.0,3.0,2.0,38.0
15-00176148,60653.0,3.0,2.0,38.0
15-00176106,60653.0,3.0,2.0,38.0
15-00176122,60653.0,3.0,2.0,38.0
15-00176139,60653.0,3.0,2.0,38.0
15-00178925,60653.0,3.0,2.0,38.0
15-00148171,60653.0,3.0,2.0,38.0
15-00139305,60653.0,4.0,2.0,39.0
14-02196870,60653.0,4.0,2.0,39.0
14-02189347,60653.0,4.0,2.0,39.0
14-02139955,60653.0,3.0,2.0,38.0
14-02075446,60653.0,4.0,2.0,36.0
14-02072194,60653.0,3.0,2.0,38.0
14-02072219,60653.0,3.0,2.0,38.0
14-02059560,60653.0,4.0,2.0,36.0
14-02001125,60653.0,4.0,2.0,39.0
14-01992939,60653.0,4.0,2.0,39.0
14-01957150,60653.0,3.0,2.0,38.0
14-01949248,60653.0,3.0,2.0,38.0
14-01938982,60653.0,3.0,2.0,38.0
14-01937541,60653.0,3.0,2.0,38.0
14-01916077,60653.0,3.0,2.0,38.0
14-01900572,60653.0,3.0,2.0,38.0
14-01902621,60653.0,3.0,2.0,38.0
14-01871097,60653.0,3.0,2.0,38.0
14-01858774,60653.0,3.0,2.0,38.0
14-01804344,60653.0,3.0,2.0,38.0
14-01781010,60653.0,4.0,2.0,38.0
14-01763196,60653.0,4.0,2.0,39.0
14-01755305,60653.0,4.0,2.0,39.0
14-01758134,60653.0,4.0,2.0,39.0
14-01751805,60653.0,4.0,2.0,38.0
14-01747573,60653.0,4.0,2.0,36.0
14-01748361,60653.0,4.0,2.0,39.0
14-01638963,60653.0,3.0,2.0,38.0
14-01567250,60653.0,2.0,2.0,35.0
14-01567250,60653.0,2.0,2.0,35.0
14-01528351,60653.0,2.0,2.0,35.0
14-01511214,60653.0,2.0,2.0,35.0
14-01481443,60653.0,4.0,2.0,38.0
14-01371308,60653.0,3.0,2.0,38.0
14-01273117,60653.0,3.0,2.0,35.0
14-01253097,60653.0,4.0,2.0,39.0
14-01223211,60653.0,3.0,2.0,35.0
14-01223330,60653.0,3.0,2.0,35.0
14-01182308,60653.0,4.0,2.0,38.0
14-01178821,60653.0,3.0,2.0,35.0
14-01178825,60653.0,3.0,2.0,35.0
14-01176111,60653.0,4.0,2.0,39.0
14-01165916,60653.0,4.0,2.0,38.0
14-01138861,60653.0,3.0,2.0,35.0
14-01138923,60653.0,2.0,2.0,35.0
14-01138891,60653.0,2.0,2.0,35.0
14-01125503,60653.0,3.0,2.0,38.0
14-01128195,60653.0,4.0,2.0,38.0
14-01128215,60653.0,4.0,2.0,38.0
14-01119740,60653.0,3.0,2.0,35.0
14-01085067,60653.0,3.0,2.0,38.0
14-01087440,60653.0,3.0,2.0,38.0
14-01084971,60653.0,3.0,2.0,38.0
14-01082141,60653.0,4.0,2.0,38.0
14-01064427,60653.0,3.0,2.0,38.0
14-01069662,60653.0,3.0,2.0,35.0
14-01053477,60653.0,4.0,2.0,36.0
14-01030500,60653.0,3.0,2.0,38.0
14-00996531,60653.0,4.0,2.0,39.0
14-01001489,60653.0,3.0,2.0,38.0
14-00991896,60653.0,4.0,2.0,39.0
14-00948423,60653.0,4.0,2.0,38.0
14-00930036,60653.0,4.0,2.0,36.0
14-00937032,60653.0,4.0,2.0,38.0
14-00936116,60653.0,3.0,2.0,38.0
14-00918297,60653.0,4.0,2.0,39.0
14-00910851,60653.0,4.0,2.0,38.0
14-00910799,60653.0,4.0,2.0,38.0
14-00900901,60653.0,4.0,2.0,39.0
14-00888222,60653.0,3.0,2.0,38.0
14-00867838,60653.0,3.0,2.0,38.0
14-00856099,60653.0,3.0,2.0,38.0
14-00852478,60653.0,3.0,2.0,38.0
14-00830718,60653.0,3.0,2.0,38.0
14-00830691,60653.0,3.0,2.0,38.0
14-00812218,60653.0,3.0,2.0,38.0
14-00813877,60653.0,4.0,2.0,38.0
14-00810986,60653.0,4.0,2.0,35.0
14-00813850,60653.0,3.0,2.0,38.0
14-00801192,60653.0,4.0,2.0,38.0
14-00795412,60653.0,4.0,2.0,35.0
14-00783120,60653.0,4.0,2.0,38.0
14-00787533,60653.0,4.0,2.0,36.0
14-00787544,60653.0,4.0,2.0,39.0
14-00774112,60653.0,4.0,2.0,38.0
14-00732751,60653.0,4.0,2.0,39.0
14-00707697,60653.0,4.0,2.0,39.0
14-00707604,60653.0,4.0,2.0,39.0
14-00713220,60653.0,4.0,2.0,39.0
14-00690655,60653.0,3.0,2.0,38.0
14-00687689,60653.0,4.0,2.0,36.0
14-00609640,60653.0,3.0,2.0,38.0
14-00595140,60653.0,4.0,2.0,39.0
14-00563346,60653.0,3.0,2.0,38.0
14-00562298,60653.0,4.0,2.0,38.0
14-00552617,60653.0,4.0,2.0,38.0
14-00500715,60653.0,3.0,2.0,38.0
14-00500717,60653.0,3.0,2.0,38.0
14-00500687,60653.0,3.0,2.0,38.0
14-00500697,60653.0,3.0,2.0,38.0
14-00498578,60653.0,3.0,2.0,38.0
14-00476040,60653.0,4.0,2.0,36.0
14-00455036,60653.0,4.0,2.0,38.0
14-00455056,60653.0,4.0,2.0,38.0
14-00440880,60653.0,3.0,2.0,38.0
14-00431346,60653.0,4.0,2.0,38.0
14-00430735,60653.0,4.0,2.0,36.0
14-00420304,60653.0,4.0,2.0,38.0
14-00420328,60653.0,4.0,2.0,38.0
14-00420317,60653.0,3.0,2.0,38.0
14-00420339,60653.0,4.0,2.0,38.0
14-00403662,60653.0,4.0,2.0,38.0
14-00383423,60653.0,4.0,2.0,38.0
14-00345639,60653.0,3.0,2.0,38.0
14-00310356,60653.0,4.0,2.0,38.0
14-00310346,60653.0,3.0,2.0,38.0
14-00310339,60653.0,3.0,2.0,38.0
14-00264327,60653.0,4.0,2.0,39.0
14-00202789,60653.0,3.0,2.0,38.0
14-00191532,60653.0,3.0,2.0,38.0
14-00150646,60653.0,4.0,2.0,39.0
14-00145809,60653.0,4.0,2.0,38.0
14-00103050,60653.0,4.0,2.0,39.0
14-00092295,60653.0,4.0,2.0,38.0
14-00084707,60653.0,4.0,2.0,39.0
14-00082300,60653.0,4.0,2.0,39.0
14-00078634,60653.0,4.0,2.0,38.0
14-00003881,60653.0,3.0,2.0,38.0
13-01906266,60653.0,4.0,2.0,39.0
13-01898473,60653.0,4.0,2.0,36.0
13-01880629,60653.0,3.0,2.0,38.0
13-01875561,60653.0,3.0,2.0,38.0
13-01875502,60653.0,3.0,2.0,38.0
13-01875673,60653.0,3.0,2.0,38.0
13-01862420,60653.0,3.0,2.0,38.0
13-01841890,60653.0,3.0,2.0,38.0
13-01810376,60653.0,4.0,2.0,38.0
13-01810390,60653.0,3.0,2.0,38.0
13-01792885,60653.0,4.0,2.0,38.0
13-01792833,60653.0,4.0,2.0,38.0
13-01792746,60653.0,4.0,2.0,36.0
13-01792771,60653.0,4.0,2.0,38.0
13-01792890,60653.0,4.0,2.0,36.0
13-01778888,60653.0,3.0,2.0,38.0
13-01778557,60653.0,4.0,2.0,39.0
13-01778587,60653.0,3.0,2.0,38.0
13-01778718,60653.0,3.0,2.0,38.0
13-01778709,60653.0,3.0,2.0,38.0
13-01778941,60653.0,3.0,2.0,38.0
13-01778930,60653.0,3.0,2.0,38.0
13-01778909,60653.0,3.0,2.0,38.0
13-01778945,60653.0,3.0,2.0,38.0
13-01764845,60653.0,4.0,2.0,38.0
13-01756329,60653.0,3.0,2.0,38.0
13-01754077,60653.0,3.0,2.0,38.0
13-01754090,60653.0,3.0,2.0,38.0
13-01754151,60653.0,3.0,2.0,38.0
13-01754211,60653.0,3.0,2.0,38.0
13-01754199,60653.0,3.0,2.0,38.0
13-01754167,60653.0,3.0,2.0,38.0
13-01754247,60653.0,3.0,2.0,38.0
13-01750627,60653.0,4.0,2.0,38.0
13-01750632,60653.0,4.0,2.0,38.0
13-01731779,60653.0,3.0,2.0,38.0
13-01718510,60653.0,3.0,2.0,38.0
13-01702936,60653.0,4.0,2.0,38.0
13-01651923,60653.0,3.0,2.0,38.0
13-01651899,60653.0,3.0,2.0,38.0
13-01650987,60653.0,4.0,2.0,39.0
13-01651002,60653.0,4.0,2.0,39.0
13-01650995,60653.0,4.0,2.0,39.0
13-01629180,60653.0,4.0,2.0,36.0
13-01621851,60653.0,3.0,2.0,38.0
13-01613567,60653.0,4.0,2.0,38.0
13-01602701,60653.0,3.0,2.0,38.0
13-01598819,60653.0,4.0,2.0,38.0
13-01593141,60653.0,4.0,2.0,38.0
13-01559319,60653.0,4.0,2.0,39.0
13-01559306,60653.0,4.0,2.0,39.0
13-01559298,60653.0,4.0,2.0,39.0
13-01559320,60653.0,4.0,2.0,39.0
13-01536569,60653.0,4.0,2.0,39.0
13-01536582,60653.0,4.0,2.0,39.0
13-01524855,60653.0,4.0,2.0,36.0
13-01502429,60653.0,4.0,2.0,38.0
13-01463877,60653.0,3.0,2.0,38.0
13-01463875,60653.0,3.0,2.0,38.0
13-01463886,60653.0,3.0,2.0,38.0
13-01399564,60653.0,4.0,2.0,36.0
13-01398782,60653.0,4.0,2.0,36.0
13-01392429,60653.0,4.0,2.0,36.0
13-01392611,60653.0,3.0,2.0,35.0
13-01392611,60653.0,3.0,2.0,35.0
13-01381013,60653.0,4.0,2.0,39.0
13-01374479,60653.0,4.0,2.0,36.0
13-01368104,60653.0,4.0,2.0,35.0
13-01329021,60653.0,3.0,2.0,35.0
13-01314223,60653.0,3.0,2.0,35.0
13-01222496,60653.0,4.0,2.0,39.0
13-01222512,60653.0,4.0,2.0,39.0
13-01191910,60653.0,4.0,2.0,39.0
13-01181343,60653.0,3.0,2.0,38.0
13-01181327,60653.0,3.0,2.0,38.0
13-01181309,60653.0,3.0,2.0,38.0
13-01181294,60653.0,3.0,2.0,38.0
13-01181272,60653.0,3.0,2.0,38.0
13-01181265,60653.0,3.0,2.0,38.0
13-01181396,60653.0,3.0,2.0,38.0
13-01181355,60653.0,3.0,2.0,38.0
13-01166125,60653.0,3.0,2.0,38.0
13-01166099,60653.0,3.0,2.0,38.0
13-01166088,60653.0,3.0,2.0,38.0
13-01166010,60653.0,3.0,2.0,38.0
13-01166002,60653.0,3.0,2.0,38.0
13-01165992,60653.0,3.0,2.0,38.0
13-01166103,60653.0,3.0,2.0,38.0
13-01166131,60653.0,3.0,2.0,38.0
13-01166148,60653.0,3.0,2.0,38.0
13-01166373,60653.0,3.0,2.0,38.0
13-01165806,60653.0,3.0,2.0,38.0
13-01165927,60653.0,3.0,2.0,38.0
13-01165812,60653.0,3.0,2.0,38.0
13-01165942,60653.0,3.0,2.0,38.0
13-01165972,60653.0,3.0,2.0,38.0
13-01154523,60653.0,3.0,2.0,38.0
13-01154561,60653.0,3.0,2.0,38.0
13-01154556,60653.0,3.0,2.0,38.0
13-01154551,60653.0,3.0,2.0,38.0
13-01154527,60653.0,3.0,2.0,38.0
13-01154548,60653.0,3.0,2.0,38.0
13-01154533,60653.0,3.0,2.0,38.0
13-01154546,60653.0,3.0,2.0,38.0
13-01154538,60653.0,3.0,2.0,38.0
13-01154667,60653.0,3.0,2.0,38.0
13-01154572,60653.0,3.0,2.0,38.0
13-01154563,60653.0,3.0,2.0,38.0
13-01154571,60653.0,3.0,2.0,38.0
13-01154659,60653.0,3.0,2.0,38.0
13-01154644,60653.0,3.0,2.0,38.0
13-01154641,60653.0,3.0,2.0,38.0
13-01154750,60653.0,3.0,2.0,38.0
13-01154748,60653.0,3.0,2.0,38.0
13-01104633,60653.0,3.0,2.0,38.0
13-01104627,60653.0,3.0,2.0,38.0
13-01105983,60653.0,4.0,2.0,35.0
13-01105940,60653.0,4.0,2.0,35.0
13-01106565,60653.0,3.0,2.0,38.0
13-01106088,60653.0,3.0,2.0,35.0
13-01106550,60653.0,3.0,2.0,35.0
13-01106053,60653.0,4.0,2.0,35.0
13-01106139,60653.0,4.0,2.0,35.0
13-01106108,60653.0,4.0,2.0,35.0
13-01107907,60653.0,3.0,2.0,38.0
13-01107889,60653.0,3.0,2.0,38.0
13-01107864,60653.0,3.0,2.0,38.0
13-01106634,60653.0,3.0,2.0,38.0
13-01106594,60653.0,3.0,2.0,35.0
13-01107846,60653.0,3.0,2.0,38.0
13-01107432,60653.0,3.0,2.0,38.0
13-01107355,60653.0,3.0,2.0,38.0
13-01107342,60653.0,4.0,2.0,35.0
13-01107940,60653.0,3.0,2.0,38.0
13-01108449,60653.0,3.0,2.0,38.0
13-01108103,60653.0,3.0,2.0,38.0
13-01108063,60653.0,3.0,2.0,38.0
13-01107995,60653.0,3.0,2.0,38.0
13-01108298,60653.0,3.0,2.0,38.0
13-01108129,60653.0,3.0,2.0,38.0
13-01108179,60653.0,3.0,2.0,38.0
13-01108157,60653.0,3.0,2.0,38.0
13-01104649,60653.0,3.0,2.0,38.0
13-01104221,60653.0,3.0,2.0,35.0
13-01105850,60653.0,4.0,2.0,35.0
13-01105869,60653.0,4.0,2.0,35.0
13-01105903,60653.0,4.0,2.0,35.0
13-01079442,60653.0,3.0,2.0,35.0
13-01050486,60653.0,4.0,2.0,36.0
13-01011978,60653.0,4.0,2.0,39.0
13-00972438,60653.0,4.0,2.0,36.0
13-00927818,60653.0,4.0,2.0,38.0
13-00903213,60653.0,3.0,2.0,38.0
13-00903102,60653.0,3.0,2.0,38.0
13-00903195,60653.0,3.0,2.0,38.0
13-00903169,60653.0,3.0,2.0,38.0
13-00903316,60653.0,3.0,2.0,38.0
13-00903246,60653.0,3.0,2.0,38.0
13-00903315,60653.0,3.0,2.0,38.0
13-00902320,60653.0,3.0,2.0,38.0
13-00904105,60653.0,3.0,2.0,38.0
13-00904080,60653.0,3.0,2.0,38.0
13-00834342,60653.0,3.0,2.0,38.0
13-00794603,60653.0,4.0,2.0,36.0
13-00770629,60653.0,4.0,2.0,39.0
13-00753189,60653.0,4.0,2.0,38.0
13-00746109,60653.0,4.0,2.0,39.0
13-00734778,60653.0,3.0,2.0,38.0
13-00724964,60653.0,4.0,2.0,39.0
13-00714609,60653.0,3.0,2.0,35.0
13-00715111,60653.0,3.0,2.0,38.0
13-00715092,60653.0,3.0,2.0,38.0
13-00715114,60653.0,3.0,2.0,38.0
13-00714594,60653.0,2.0,2.0,35.0
13-00714583,60653.0,2.0,2.0,35.0
13-00661230,60653.0,4.0,2.0,38.0
13-00661480,60653.0,4.0,2.0,38.0
13-00661455,60653.0,4.0,2.0,39.0
13-00642140,60653.0,3.0,2.0,38.0
13-00650267,60653.0,4.0,2.0,36.0
13-00650256,60653.0,4.0,2.0,36.0
13-00650281,60653.0,4.0,2.0,36.0
13-00650296,60653.0,4.0,2.0,36.0
13-00636749,60653.0,4.0,2.0,36.0
13-00635819,60653.0,3.0,2.0,38.0
13-00635814,60653.0,3.0,2.0,38.0
13-00635831,60653.0,3.0,2.0,38.0
13-00611886,60653.0,4.0,2.0,36.0
13-00609666,60653.0,3.0,2.0,38.0
13-00592916,60653.0,4.0,2.0,36.0
13-00583451,60653.0,3.0,2.0,38.0
13-00576073,60653.0,4.0,2.0,39.0
13-00571256,60653.0,4.0,2.0,39.0
13-00559096,60653.0,4.0,2.0,39.0
13-00543677,60653.0,4.0,2.0,38.0
13-00543715,60653.0,3.0,2.0,35.0
13-00543711,60653.0,3.0,2.0,35.0
13-00537692,60653.0,3.0,2.0,38.0
13-00524003,60653.0,4.0,2.0,36.0
13-00525909,60653.0,4.0,2.0,38.0
13-00522879,60653.0,4.0,2.0,38.0
13-00522846,60653.0,4.0,2.0,38.0
13-00522993,60653.0,4.0,2.0,38.0
13-00513173,60653.0,4.0,2.0,38.0
13-00508431,60653.0,3.0,2.0,38.0
13-00473981,60653.0,3.0,2.0,38.0
13-00474009,60653.0,4.0,2.0,39.0
13-00474017,60653.0,4.0,2.0,39.0
13-00466070,60653.0,3.0,2.0,38.0
13-00398095,60653.0,4.0,2.0,38.0
13-00388867,60653.0,3.0,2.0,38.0
13-00368183,60653.0,4.0,2.0,39.0
13-00368196,60653.0,4.0,2.0,39.0
13-00359744,60653.0,3.0,2.0,38.0
13-00344091,60653.0,4.0,2.0,39.0
13-00331270,60653.0,4.0,2.0,36.0
13-00313834,60653.0,3.0,2.0,38.0
13-00310694,60653.0,3.0,2.0,38.0
13-00310704,60653.0,3.0,2.0,38.0
13-00310696,60653.0,3.0,2.0,38.0
13-00306072,60653.0,4.0,2.0,39.0
13-00306071,60653.0,4.0,2.0,39.0
13-00306095,60653.0,4.0,2.0,39.0
13-00306080,60653.0,4.0,2.0,39.0
13-00306087,60653.0,4.0,2.0,39.0
13-00306217,60653.0,3.0,2.0,38.0
13-00301634,60653.0,4.0,2.0,39.0
13-00291417,60653.0,3.0,2.0,35.0
13-00281422,60653.0,3.0,2.0,38.0
13-00272326,60653.0,3.0,2.0,38.0
13-00271922,60653.0,4.0,2.0,39.0
13-00247350,60653.0,4.0,2.0,39.0
13-00242796,60653.0,4.0,2.0,39.0
13-00229111,60653.0,3.0,2.0,38.0
13-00229695,60653.0,4.0,2.0,38.0
13-00229697,60653.0,4.0,2.0,38.0
13-00223816,60653.0,4.0,2.0,38.0
13-00207215,60653.0,4.0,2.0,36.0
13-00186320,60653.0,3.0,2.0,35.0
13-00179944,60653.0,3.0,2.0,38.0
13-00182516,60653.0,4.0,2.0,39.0
13-00179634,60653.0,4.0,2.0,38.0
13-00179631,60653.0,4.0,2.0,36.0
13-00179670,60653.0,3.0,2.0,38.0
13-00179649,60653.0,4.0,2.0,38.0
13-00179641,60653.0,4.0,2.0,38.0
13-00179898,60653.0,4.0,2.0,38.0
13-00179874,60653.0,4.0,2.0,38.0
13-00179890,60653.0,4.0,2.0,36.0
13-00179880,60653.0,4.0,2.0,38.0
13-00179984,60653.0,3.0,2.0,38.0
13-00179970,60653.0,4.0,2.0,38.0
13-00179967,60653.0,4.0,2.0,39.0
13-00179981,60653.0,3.0,2.0,38.0
13-00179974,60653.0,3.0,2.0,38.0
13-00181171,60653.0,4.0,2.0,39.0
13-00181168,60653.0,4.0,2.0,39.0
13-00181167,60653.0,4.0,2.0,39.0
13-00181141,60653.0,4.0,2.0,38.0
13-00155316,60653.0,3.0,2.0,35.0
13-00155333,60653.0,3.0,2.0,35.0
13-00134079,60653.0,3.0,2.0,35.0
13-00129972,60653.0,3.0,2.0,38.0
13-00125264,60653.0,4.0,2.0,39.0
13-00108220,60653.0,4.0,2.0,39.0
13-00074954,60653.0,3.0,2.0,35.0
13-00069969,60653.0,3.0,2.0,35.0
13-00047429,60653.0,3.0,2.0,38.0
13-00037891,60653.0,4.0,2.0,38.0
13-00016016,60653.0,3.0,2.0,38.0
13-00010250,60653.0,4.0,2.0,38.0
13-00013595,60653.0,4.0,2.0,38.0
12-02046846,60653.0,4.0,2.0,39.0
12-02031830,60653.0,4.0,2.0,39.0
12-02029932,60653.0,3.0,2.0,38.0
12-02027860,60653.0,4.0,2.0,38.0
12-01949507,60653.0,4.0,2.0,39.0
12-01949506,60653.0,4.0,2.0,39.0
12-01912957,60653.0,4.0,2.0,39.0
12-01914400,60653.0,3.0,2.0,38.0
12-01914439,60653.0,3.0,2.0,38.0
12-01914361,60653.0,3.0,2.0,38.0
12-01914437,60653.0,3.0,2.0,38.0
12-01914383,60653.0,3.0,2.0,38.0
12-01914348,60653.0,3.0,2.0,38.0
12-01914431,60653.0,3.0,2.0,38.0
12-01914461,60653.0,3.0,2.0,38.0
12-01914471,60653.0,3.0,2.0,38.0
12-01913716,60653.0,3.0,2.0,38.0
12-01905179,60653.0,3.0,2.0,35.0
12-01890547,60653.0,3.0,2.0,35.0
12-01894953,60653.0,4.0,2.0,39.0
12-01894954,60653.0,4.0,2.0,39.0
12-01881114,60653.0,3.0,2.0,38.0
12-01881110,60653.0,3.0,2.0,38.0
12-01837320,60653.0,4.0,2.0,36.0
12-01837317,60653.0,4.0,2.0,36.0
12-01837878,60653.0,3.0,2.0,38.0
12-01836693,60653.0,3.0,2.0,38.0
12-01816191,60653.0,4.0,2.0,38.0
12-01817054,60653.0,3.0,2.0,38.0
12-01817048,60653.0,3.0,2.0,38.0
12-01811083,60653.0,4.0,2.0,39.0
12-01811078,60653.0,4.0,2.0,39.0
12-01811102,60653.0,4.0,2.0,39.0
12-01811112,60653.0,4.0,2.0,38.0
12-01811119,60653.0,4.0,2.0,39.0
12-01811118,60653.0,4.0,2.0,38.0
12-01795903,60653.0,4.0,2.0,36.0
12-01790636,60653.0,3.0,2.0,35.0
12-01638482,60653.0,2.0,2.0,35.0
12-01638673,60653.0,3.0,2.0,35.0
12-01610414,60653.0,4.0,2.0,39.0
12-01601087,60653.0,3.0,2.0,38.0
12-01542098,60653.0,4.0,2.0,39.0
12-01536863,60653.0,3.0,2.0,38.0
12-01502479,60653.0,4.0,2.0,36.0
12-01480969,60653.0,4.0,2.0,38.0
12-01478325,60653.0,4.0,2.0,36.0
12-01471354,60653.0,4.0,2.0,36.0
12-01465066,60653.0,4.0,2.0,36.0
12-01450647,60653.0,2.0,2.0,35.0
12-01438877,60653.0,4.0,2.0,39.0
12-01434424,60653.0,4.0,2.0,38.0
12-01424636,60653.0,3.0,2.0,38.0
12-01412508,60653.0,4.0,2.0,38.0
12-01402975,60653.0,4.0,2.0,35.0
12-01375596,60653.0,4.0,2.0,35.0
12-01375321,60653.0,4.0,2.0,39.0
12-01376256,60653.0,4.0,2.0,39.0
12-01351763,60653.0,3.0,2.0,38.0
12-01348961,60653.0,3.0,2.0,38.0
12-01348952,60653.0,3.0,2.0,38.0
12-01348947,60653.0,3.0,2.0,38.0
12-01348942,60653.0,3.0,2.0,38.0
12-01350382,60653.0,3.0,2.0,38.0
12-01351750,60653.0,3.0,2.0,38.0
12-01348998,60653.0,3.0,2.0,38.0
12-01348990,60653.0,3.0,2.0,38.0
12-01348966,60653.0,3.0,2.0,38.0
12-01349004,60653.0,3.0,2.0,38.0
12-01350345,60653.0,3.0,2.0,38.0
12-01350457,60653.0,3.0,2.0,38.0
12-01350438,60653.0,3.0,2.0,38.0
12-01350412,60653.0,3.0,2.0,38.0
12-01350780,60653.0,3.0,2.0,38.0
12-01350694,60653.0,3.0,2.0,38.0
12-01350715,60653.0,3.0,2.0,38.0
12-01350743,60653.0,3.0,2.0,38.0
12-01350722,60653.0,3.0,2.0,38.0
12-01350753,60653.0,3.0,2.0,38.0
12-01350751,60653.0,3.0,2.0,38.0
12-01350758,60653.0,3.0,2.0,38.0
12-01350774,60653.0,3.0,2.0,38.0
12-01350821,60653.0,3.0,2.0,38.0
12-01350799,60653.0,3.0,2.0,38.0
12-01350814,60653.0,3.0,2.0,38.0
12-01350830,60653.0,3.0,2.0,38.0
12-01351743,60653.0,3.0,2.0,38.0
12-01351065,60653.0,3.0,2.0,35.0
12-01351062,60653.0,4.0,2.0,35.0
12-01351030,60653.0,3.0,2.0,38.0
12-01351052,60653.0,3.0,2.0,38.0
12-01351053,60653.0,3.0,2.0,38.0
12-01351088,60653.0,3.0,2.0,38.0
12-01351123,60653.0,4.0,2.0,35.0
12-01351069,60653.0,4.0,2.0,35.0
12-01351073,60653.0,3.0,2.0,38.0
12-01351122,60653.0,3.0,2.0,38.0
12-01351096,60653.0,3.0,2.0,35.0
12-01351100,60653.0,4.0,2.0,35.0
12-01351117,60653.0,3.0,2.0,35.0
12-01351191,60653.0,3.0,2.0,38.0
12-01351129,60653.0,3.0,2.0,35.0
12-01351732,60653.0,3.0,2.0,38.0
12-01351890,60653.0,3.0,2.0,35.0
12-01351871,60653.0,4.0,2.0,35.0
12-01351867,60653.0,4.0,2.0,35.0
12-01351922,60653.0,3.0,2.0,38.0
12-01351909,60653.0,3.0,2.0,38.0
12-01351904,60653.0,4.0,2.0,35.0
12-01351896,60653.0,4.0,2.0,35.0
12-01351951,60653.0,3.0,2.0,38.0
12-01351933,60653.0,3.0,2.0,38.0
12-01351957,60653.0,3.0,2.0,38.0
12-01295278,60653.0,4.0,2.0,39.0
12-01274715,60653.0,4.0,2.0,39.0
12-01279160,60653.0,4.0,2.0,39.0
12-01254369,60653.0,4.0,2.0,39.0
12-01247458,60653.0,3.0,2.0,38.0
12-01247223,60653.0,3.0,2.0,38.0
12-01247213,60653.0,3.0,2.0,38.0
12-01247489,60653.0,3.0,2.0,38.0
12-01247492,60653.0,3.0,2.0,38.0
12-01248099,60653.0,3.0,2.0,38.0
12-01248102,60653.0,3.0,2.0,38.0
12-01248087,60653.0,3.0,2.0,38.0
12-01248113,60653.0,3.0,2.0,38.0
12-01248110,60653.0,3.0,2.0,38.0
12-01248141,60653.0,3.0,2.0,38.0
12-01248135,60653.0,3.0,2.0,38.0
12-01248131,60653.0,3.0,2.0,38.0
12-01237353,60653.0,4.0,2.0,39.0
12-01207149,60653.0,2.0,2.0,35.0
12-01196943,60653.0,4.0,2.0,36.0
12-01161896,60653.0,3.0,2.0,38.0
12-01161796,60653.0,3.0,2.0,38.0
12-01161885,60653.0,3.0,2.0,38.0
12-01161869,60653.0,3.0,2.0,38.0
12-01161967,60653.0,3.0,2.0,38.0
12-01161950,60653.0,3.0,2.0,38.0
12-01161931,60653.0,3.0,2.0,38.0
12-01161902,60653.0,3.0,2.0,38.0
12-01162076,60653.0,3.0,2.0,38.0
12-01162118,60653.0,3.0,2.0,38.0
12-01162099,60653.0,3.0,2.0,38.0
12-01162152,60653.0,3.0,2.0,38.0
12-01120166,60653.0,4.0,2.0,39.0
12-01120971,60653.0,4.0,2.0,39.0
12-01090874,60653.0,3.0,2.0,38.0
12-01048135,60653.0,4.0,2.0,39.0
12-01046867,60653.0,3.0,2.0,38.0
12-01046818,60653.0,3.0,2.0,38.0
12-01046759,60653.0,3.0,2.0,38.0
12-01046715,60653.0,3.0,2.0,38.0
12-01041692,60653.0,4.0,2.0,38.0
12-01041875,60653.0,4.0,2.0,38.0
12-01036630,60653.0,3.0,2.0,38.0
12-01019557,60653.0,4.0,2.0,39.0
12-01004894,60653.0,4.0,2.0,39.0
12-01000123,60653.0,3.0,2.0,38.0
12-00973513,60653.0,4.0,2.0,36.0
12-00972737,60653.0,4.0,2.0,39.0
12-00964796,60653.0,4.0,2.0,39.0
12-00968590,60653.0,4.0,2.0,39.0
12-00900169,60653.0,3.0,2.0,38.0
12-00856166,60653.0,3.0,2.0,35.0
12-00834557,60653.0,4.0,2.0,35.0
12-00822077,60653.0,4.0,2.0,35.0
12-00814378,60653.0,4.0,2.0,36.0
12-00812038,60653.0,4.0,2.0,36.0
12-00801798,60653.0,4.0,2.0,38.0
12-00786502,60653.0,4.0,2.0,36.0
12-00782559,60653.0,4.0,2.0,36.0
12-00780879,60653.0,4.0,2.0,36.0
12-00781494,60653.0,3.0,2.0,38.0
12-00781345,60653.0,4.0,2.0,38.0
12-00781343,60653.0,4.0,2.0,36.0
12-00781322,60653.0,4.0,2.0,36.0
12-00781807,60653.0,4.0,2.0,36.0
12-00781800,60653.0,3.0,2.0,38.0
12-00781774,60653.0,4.0,2.0,39.0
12-00781788,60653.0,4.0,2.0,36.0
12-00781832,60653.0,4.0,2.0,39.0
12-00781825,60653.0,4.0,2.0,39.0
12-00781818,60653.0,4.0,2.0,39.0
12-00779220,60653.0,4.0,2.0,36.0
12-00763038,60653.0,4.0,2.0,39.0
12-00745067,60653.0,4.0,2.0,36.0
12-00732600,60653.0,4.0,2.0,36.0
12-00735160,60653.0,4.0,2.0,36.0
12-00726543,60653.0,4.0,2.0,36.0
12-00726534,60653.0,4.0,2.0,36.0
12-00726523,60653.0,4.0,2.0,36.0
12-00727728,60653.0,3.0,2.0,38.0
12-00711505,60653.0,3.0,2.0,35.0
12-00686498,60653.0,4.0,2.0,36.0
12-00686503,60653.0,4.0,2.0,36.0
12-00681968,60653.0,4.0,2.0,36.0
12-00682479,60653.0,4.0,2.0,36.0
12-00682737,60653.0,4.0,2.0,36.0
12-00682825,60653.0,4.0,2.0,36.0
12-00682807,60653.0,4.0,2.0,36.0
12-00682858,60653.0,4.0,2.0,36.0
12-00679693,60653.0,4.0,2.0,38.0
12-00672118,60653.0,4.0,2.0,39.0
12-00672107,60653.0,4.0,2.0,39.0
12-00652484,60653.0,4.0,2.0,36.0
12-00654109,60653.0,4.0,2.0,36.0
12-00647418,60653.0,4.0,2.0,36.0
12-00619926,60653.0,4.0,2.0,36.0
12-00596687,60653.0,4.0,2.0,39.0
12-00557077,60653.0,2.0,2.0,35.0
12-00546780,60653.0,4.0,2.0,36.0
12-00539900,60653.0,4.0,21.0,39.0
12-00538124,60653.0,4.0,21.0,39.0
12-00538125,60653.0,4.0,21.0,39.0
12-00536631,60653.0,3.0,2.0,38.0
12-00536714,60653.0,3.0,2.0,38.0
12-00355926,60653.0,4.0,21.0,36.0
12-00202425,60653.0,4.0,21.0,36.0
12-00194216,60653.0,3.0,2.0,35.0
12-00194227,60653.0,3.0,2.0,35.0
12-00177888,60653.0,3.0,2.0,35.0
12-00128781,60653.0,4.0,21.0,36.0
12-00130577,60653.0,3.0,2.0,38.0
12-00026161,60653.0,4.0,2.0,36.0
12-00006969,60653.0,4.0,2.0,38.0
11-04301285,60653.0,4.0,2.0,38.0
11-04291414,60653.0,3.0,2.0,35.0
11-04289788,60653.0,4.0,21.0,36.0
11-04288496,60653.0,3.0,2.0,38.0
11-04288490,60653.0,3.0,2.0,38.0
11-04279407,60653.0,4.0,2.0,36.0
11-04277225,60653.0,3.0,2.0,38.0
11-04267562,60653.0,3.0,2.0,38.0
11-04261998,60653.0,3.0,2.0,38.0
11-04260559,60653.0,3.0,2.0,38.0
11-04243769,60653.0,4.0,2.0,36.0
11-04243061,60653.0,3.0,2.0,35.0
11-04238206,60653.0,4.0,2.0,38.0
11-04238119,60653.0,4.0,2.0,36.0
11-04220540,60653.0,4.0,21.0,36.0
11-04212237,60653.0,4.0,21.0,36.0
11-04202176,60653.0,4.0,21.0,36.0
11-04201588,60653.0,4.0,21.0,36.0
11-04181228,60653.0,4.0,21.0,39.0
11-04170503,60653.0,4.0,21.0,39.0
11-04099979,60653.0,4.0,21.0,36.0
11-04060882,60653.0,4.0,2.0,35.0
11-04023419,60653.0,4.0,21.0,36.0
11-03962259,60653.0,4.0,21.0,36.0
11-03937050,60653.0,4.0,21.0,36.0
11-03927816,60653.0,4.0,21.0,36.0
11-03916474,60653.0,4.0,2.0,38.0
11-03916468,60653.0,4.0,21.0,39.0
11-03913755,60653.0,4.0,21.0,36.0
11-03902072,60653.0,4.0,21.0,36.0
11-03807001,60653.0,4.0,2.0,38.0
11-03808930,60653.0,4.0,21.0,36.0
11-03793417,60653.0,4.0,21.0,36.0
11-03698491,60653.0,4.0,21.0,36.0
11-03595917,60653.0,4.0,21.0,36.0
11-03539268,60653.0,4.0,21.0,36.0
11-03364618,60653.0,4.0,21.0,36.0
11-03363523,60653.0,3.0,2.0,38.0
11-03307110,60653.0,4.0,21.0,36.0
11-03312646,60653.0,3.0,2.0,35.0
11-03229382,60653.0,3.0,2.0,38.0
11-03144133,60653.0,3.0,2.0,38.0
11-02680967,60653.0,3.0,2.0,38.0
11-02567013,60653.0,4.0,2.0,38.0
11-02566984,60653.0,4.0,2.0,38.0
11-02566920,60653.0,4.0,2.0,38.0
11-02566949,60653.0,4.0,2.0,38.0
11-02541175,60653.0,4.0,21.0,36.0
11-02455245,60653.0,4.0,2.0,38.0
11-02087068,60653.0,4.0,21.0,36.0
11-02087305,60653.0,4.0,21.0,36.0
11-02099447,60653.0,4.0,2.0,38.0
11-01975787,60653.0,4.0,21.0,36.0
11-01833226,60653.0,3.0,2.0,38.0
11-01833190,60653.0,3.0,2.0,38.0
11-01798375,60653.0,3.0,2.0,35.0
11-01798328,60653.0,3.0,2.0,35.0
11-01659800,60653.0,3.0,2.0,35.0
11-01620232,60653.0,2.0,2.0,35.0
11-01525218,60653.0,2.0,2.0,35.0
11-01524947,60653.0,2.0,2.0,35.0
11-01187011,60653.0,4.0,21.0,39.0
11-01153171,60653.0,4.0,21.0,39.0
11-00926527,60653.0,4.0,21.0,36.0
11-00805180,60653.0,4.0,21.0,36.0
11-03215633,60653.0,4.0,21.0,36.0
11-00611919,60653.0,4.0,21.0,36.0
11-00342238,60653.0,3.0,2.0,38.0
11-00323397,60653.0,4.0,21.0,36.0
11-00128078,60653.0,3.0,2.0,38.0
11-00063525,60653.0,3.0,2.0,38.0
