15-04168676,60656.0,38.0,16.0,76.0
15-03543239,60656.0,41.0,16.0,10.0
15-03543826,60656.0,41.0,16.0,10.0
15-03503327,60656.0,41.0,16.0,10.0
15-03350712,60656.0,45.0,16.0,10.0
15-03349448,60656.0,45.0,16.0,10.0
15-03126745,60656.0,41.0,16.0,76.0
15-02876642,60656.0,41.0,16.0,10.0
15-02750975,60656.0,41.0,16.0,76.0
15-02634387,60656.0,41.0,16.0,10.0
15-02632988,60656.0,41.0,16.0,10.0
15-02632983,60656.0,41.0,16.0,10.0
15-02632968,60656.0,41.0,16.0,10.0
15-02632996,60656.0,41.0,16.0,10.0
15-02280702,60656.0,45.0,16.0,10.0
15-01862276,60656.0,36.0,16.0,76.0
15-01369362,60656.0,41.0,16.0,10.0
15-00961846,60656.0,41.0,16.0,76.0
15-00557200,60656.0,41.0,16.0,76.0
15-00539294,60656.0,41.0,16.0,10.0
15-00536690,60656.0,41.0,16.0,76.0
15-00526347,60656.0,41.0,16.0,76.0
15-00508057,60656.0,41.0,16.0,76.0
15-00489142,60656.0,41.0,16.0,10.0
15-00489137,60656.0,41.0,16.0,10.0
15-00021279,60656.0,41.0,16.0,10.0
15-00021279,60656.0,41.0,16.0,10.0
14-02120196,60656.0,41.0,16.0,10.0
14-02013438,60656.0,41.0,16.0,10.0
14-01989178,60656.0,41.0,16.0,10.0
14-01937362,60656.0,41.0,16.0,10.0
14-01891195,60656.0,41.0,16.0,10.0
14-01885359,60656.0,41.0,16.0,10.0
14-01885280,60656.0,41.0,16.0,10.0
14-01871385,60656.0,41.0,16.0,76.0
14-01866782,60656.0,41.0,16.0,76.0
14-01858170,60656.0,41.0,16.0,76.0
14-01795426,60656.0,41.0,16.0,76.0
14-01782101,60656.0,41.0,16.0,76.0
14-01764789,60656.0,41.0,16.0,10.0
14-01689057,60656.0,41.0,16.0,10.0
14-01682548,60656.0,41.0,16.0,10.0
14-01664864,60656.0,41.0,16.0,10.0
14-01658498,60656.0,41.0,16.0,10.0
14-01655019,60656.0,41.0,16.0,10.0
14-01646797,60656.0,41.0,16.0,10.0
14-01642078,60656.0,41.0,16.0,10.0
14-01643409,60656.0,41.0,16.0,10.0
14-01622306,60656.0,41.0,16.0,76.0
14-01603363,60656.0,41.0,16.0,10.0
14-01314939,60656.0,41.0,16.0,10.0
14-01314938,60656.0,41.0,16.0,10.0
14-01263520,60656.0,41.0,16.0,76.0
14-01227131,60656.0,41.0,16.0,76.0
14-01202027,60656.0,41.0,16.0,10.0
14-01176420,60656.0,41.0,16.0,76.0
14-00976660,60656.0,41.0,16.0,10.0
14-00944809,60656.0,41.0,16.0,10.0
14-00874394,60656.0,41.0,16.0,10.0
14-00830012,60656.0,36.0,16.0,76.0
14-00708691,60656.0,41.0,16.0,10.0
14-00687596,60656.0,41.0,16.0,10.0
14-00637724,60656.0,41.0,16.0,10.0
14-00637722,60656.0,41.0,16.0,10.0
14-00633077,60656.0,41.0,16.0,10.0
14-00633074,60656.0,41.0,16.0,10.0
14-00501444,60656.0,41.0,16.0,10.0
14-00468385,60656.0,41.0,16.0,10.0
14-00469503,60656.0,41.0,16.0,10.0
14-00452490,60656.0,41.0,16.0,10.0
14-00428737,60656.0,41.0,16.0,76.0
14-00370789,60656.0,41.0,16.0,10.0
14-00356882,60656.0,41.0,16.0,10.0
14-00386134,60656.0,41.0,16.0,10.0
14-00386145,60656.0,41.0,16.0,10.0
14-00386160,60656.0,41.0,16.0,10.0
14-00219978,60656.0,41.0,16.0,10.0
14-00169106,60656.0,41.0,16.0,10.0
14-00149393,60656.0,41.0,16.0,76.0
14-00141113,60656.0,41.0,16.0,76.0
14-00131034,60656.0,41.0,16.0,76.0
14-00131193,60656.0,36.0,16.0,76.0
14-00091017,60656.0,41.0,16.0,10.0
13-01887718,60656.0,41.0,16.0,10.0
13-01887704,60656.0,41.0,16.0,10.0
13-01866243,60656.0,41.0,16.0,76.0
13-01684204,60656.0,41.0,16.0,10.0
13-01679139,60656.0,41.0,16.0,10.0
13-01679099,60656.0,41.0,16.0,10.0
14-00426316,60656.0,41.0,16.0,10.0
14-00426274,60656.0,41.0,16.0,10.0
13-01666029,60656.0,41.0,16.0,10.0
13-01664974,60656.0,41.0,16.0,10.0
13-01658346,60656.0,41.0,16.0,10.0
13-01657472,60656.0,41.0,16.0,10.0
13-01657467,60656.0,41.0,16.0,10.0
13-01657458,60656.0,41.0,16.0,10.0
13-01654615,60656.0,41.0,16.0,10.0
13-01650567,60656.0,41.0,16.0,10.0
13-01650690,60656.0,41.0,16.0,10.0
13-01650587,60656.0,41.0,16.0,10.0
13-01650547,60656.0,41.0,16.0,10.0
13-01650621,60656.0,41.0,16.0,10.0
13-01650634,60656.0,41.0,16.0,10.0
13-01650597,60656.0,41.0,16.0,10.0
13-01650675,60656.0,41.0,16.0,10.0
13-01650665,60656.0,41.0,16.0,10.0
13-01647698,60656.0,41.0,16.0,10.0
13-01560491,60656.0,41.0,16.0,76.0
13-01560476,60656.0,41.0,16.0,76.0
13-01550429,60656.0,41.0,16.0,76.0
13-01535750,60656.0,41.0,16.0,76.0
13-01515681,60656.0,41.0,16.0,76.0
13-01512655,60656.0,41.0,16.0,76.0
13-01508482,60656.0,41.0,16.0,10.0
13-01488089,60656.0,41.0,16.0,76.0
13-01488079,60656.0,41.0,16.0,76.0
13-01488076,60656.0,41.0,16.0,76.0
13-01488089,60656.0,41.0,16.0,76.0
13-01474328,60656.0,41.0,16.0,76.0
13-01473025,60656.0,41.0,16.0,76.0
13-01472279,60656.0,41.0,16.0,76.0
13-01472265,60656.0,41.0,16.0,76.0
13-01472475,60656.0,41.0,16.0,10.0
13-01463987,60656.0,41.0,16.0,76.0
13-01462602,60656.0,41.0,16.0,10.0
13-01452534,60656.0,41.0,16.0,76.0
13-01445197,60656.0,41.0,16.0,76.0
13-01445206,60656.0,41.0,16.0,76.0
13-01445025,60656.0,41.0,16.0,76.0
13-01445016,60656.0,41.0,16.0,76.0
13-01445205,60656.0,41.0,16.0,76.0
13-01445004,60656.0,41.0,16.0,76.0
13-01445015,60656.0,41.0,16.0,76.0
13-01440027,60656.0,41.0,16.0,76.0
13-01439829,60656.0,41.0,16.0,76.0
13-01432437,60656.0,41.0,16.0,76.0
13-01421538,60656.0,41.0,16.0,76.0
13-01419091,60656.0,41.0,16.0,76.0
13-01411775,60656.0,41.0,16.0,76.0
13-01401867,60656.0,41.0,16.0,76.0
13-01402139,60656.0,41.0,16.0,76.0
13-01402141,60656.0,41.0,16.0,76.0
13-01397391,60656.0,41.0,16.0,76.0
13-01397359,60656.0,41.0,16.0,76.0
13-01397240,60656.0,41.0,16.0,76.0
13-01397374,60656.0,41.0,16.0,76.0
13-01398192,60656.0,41.0,16.0,76.0
13-01398191,60656.0,41.0,16.0,76.0
13-01395121,60656.0,41.0,16.0,76.0
13-01395080,60656.0,41.0,16.0,76.0
13-01395116,60656.0,41.0,16.0,76.0
13-01386742,60656.0,41.0,16.0,10.0
13-01386699,60656.0,41.0,16.0,10.0
13-01386749,60656.0,41.0,16.0,10.0
13-01368854,60656.0,41.0,16.0,10.0
13-01371330,60656.0,41.0,16.0,10.0
13-01369199,60656.0,41.0,16.0,10.0
13-01366135,60656.0,41.0,16.0,10.0
13-01348115,60656.0,41.0,16.0,10.0
13-01325695,60656.0,41.0,16.0,10.0
13-01324764,60656.0,41.0,16.0,10.0
13-01318484,60656.0,41.0,16.0,10.0
13-01324659,60656.0,41.0,16.0,10.0
13-01238316,60656.0,41.0,16.0,10.0
13-01238303,60656.0,41.0,16.0,10.0
13-01238306,60656.0,41.0,16.0,10.0
13-01238322,60656.0,41.0,16.0,10.0
13-01227138,60656.0,41.0,16.0,10.0
13-01200543,60656.0,41.0,16.0,10.0
13-01200410,60656.0,41.0,16.0,10.0
13-01146165,60656.0,41.0,16.0,10.0
13-01138123,60656.0,41.0,16.0,10.0
13-01138253,60656.0,41.0,16.0,10.0
13-01138043,60656.0,41.0,16.0,10.0
13-01138223,60656.0,41.0,16.0,10.0
13-01120355,60656.0,41.0,16.0,10.0
13-01120295,60656.0,41.0,16.0,10.0
13-01120280,60656.0,41.0,16.0,10.0
13-01120256,60656.0,41.0,16.0,10.0
13-01120185,60656.0,41.0,16.0,10.0
13-01120177,60656.0,41.0,16.0,10.0
13-01120155,60656.0,41.0,16.0,10.0
13-01120388,60656.0,41.0,16.0,10.0
13-01104396,60656.0,41.0,16.0,10.0
13-01104402,60656.0,41.0,16.0,76.0
13-01042562,60656.0,41.0,16.0,10.0
13-01028226,60656.0,41.0,16.0,76.0
13-00999659,60656.0,41.0,16.0,76.0
13-00990868,60656.0,41.0,16.0,10.0
13-00805273,60656.0,41.0,16.0,10.0
13-00784591,60656.0,41.0,16.0,10.0
13-00784684,60656.0,41.0,16.0,10.0
13-00778957,60656.0,41.0,16.0,10.0
13-00761979,60656.0,41.0,16.0,10.0
13-00761977,60656.0,41.0,16.0,10.0
13-00761181,60656.0,41.0,16.0,10.0
13-00761180,60656.0,41.0,16.0,10.0
13-00748319,60656.0,41.0,16.0,10.0
13-00748344,60656.0,41.0,16.0,10.0
13-00754368,60656.0,41.0,16.0,10.0
13-00752330,60656.0,41.0,16.0,10.0
13-00747537,60656.0,41.0,16.0,10.0
13-00747480,60656.0,41.0,16.0,10.0
13-00747504,60656.0,41.0,16.0,10.0
13-00747495,60656.0,41.0,16.0,10.0
13-00747517,60656.0,41.0,16.0,10.0
13-00747510,60656.0,41.0,16.0,10.0
13-00747558,60656.0,41.0,16.0,10.0
13-00747553,60656.0,41.0,16.0,10.0
13-00740470,60656.0,41.0,16.0,10.0
13-00734641,60656.0,41.0,16.0,10.0
13-00737628,60656.0,41.0,16.0,10.0
13-00737726,60656.0,41.0,16.0,10.0
13-00732700,60656.0,41.0,16.0,10.0
13-00728698,60656.0,41.0,16.0,10.0
13-00728661,60656.0,41.0,16.0,10.0
13-00716838,60656.0,41.0,16.0,10.0
13-00715920,60656.0,41.0,16.0,10.0
13-00713050,60656.0,41.0,16.0,10.0
13-00715798,60656.0,41.0,16.0,10.0
13-00715863,60656.0,41.0,16.0,10.0
13-00711109,60656.0,41.0,16.0,10.0
13-00700460,60656.0,41.0,16.0,10.0
13-00697964,60656.0,41.0,16.0,10.0
13-00698161,60656.0,41.0,16.0,10.0
13-00697982,60656.0,41.0,16.0,10.0
13-00704419,60656.0,41.0,16.0,10.0
13-00704310,60656.0,41.0,16.0,10.0
13-00696358,60656.0,41.0,16.0,10.0
13-00696973,60656.0,41.0,16.0,10.0
13-00692616,60656.0,41.0,16.0,10.0
13-00683208,60656.0,41.0,16.0,76.0
13-00666215,60656.0,41.0,16.0,76.0
13-00666106,60656.0,41.0,16.0,76.0
13-00659107,60656.0,41.0,16.0,76.0
13-00658492,60656.0,41.0,16.0,10.0
13-00658495,60656.0,41.0,16.0,10.0
13-00647405,60656.0,41.0,16.0,76.0
13-00637506,60656.0,41.0,16.0,76.0
13-00550319,60656.0,41.0,16.0,10.0
13-00548447,60656.0,41.0,16.0,10.0
13-00549433,60656.0,41.0,16.0,10.0
13-00548386,60656.0,41.0,16.0,10.0
13-00526651,60656.0,41.0,16.0,76.0
13-00526651,60656.0,41.0,16.0,76.0
13-00527597,60656.0,41.0,16.0,76.0
13-00525134,60656.0,41.0,16.0,10.0
13-00476663,60656.0,41.0,16.0,10.0
13-00413765,60656.0,41.0,16.0,10.0
13-00413774,60656.0,41.0,16.0,10.0
13-00391637,60656.0,41.0,16.0,10.0
13-00391636,60656.0,41.0,16.0,10.0
13-00372098,60656.0,41.0,16.0,10.0
13-00367155,60656.0,41.0,16.0,10.0
13-00367168,60656.0,41.0,16.0,10.0
13-00354093,60656.0,41.0,16.0,10.0
13-00354661,60656.0,41.0,16.0,10.0
13-00355580,60656.0,41.0,16.0,10.0
13-00350616,60656.0,41.0,16.0,10.0
13-00343278,60656.0,41.0,16.0,10.0
13-00343325,60656.0,41.0,16.0,10.0
13-00345522,60656.0,41.0,16.0,10.0
13-00346982,60656.0,41.0,16.0,10.0
13-00341551,60656.0,41.0,16.0,10.0
13-00339705,60656.0,41.0,16.0,10.0
13-00339682,60656.0,41.0,16.0,76.0
13-00328682,60656.0,41.0,16.0,10.0
13-00328681,60656.0,41.0,16.0,10.0
13-00322703,60656.0,41.0,16.0,10.0
13-00231687,60656.0,41.0,16.0,76.0
13-00216831,60656.0,41.0,16.0,10.0
13-00208544,60656.0,41.0,16.0,76.0
13-00196331,60656.0,41.0,16.0,76.0
13-00189288,60656.0,41.0,16.0,10.0
13-00189639,60656.0,41.0,16.0,10.0
13-00179775,60656.0,41.0,16.0,76.0
13-00170335,60656.0,41.0,16.0,10.0
13-00164566,60656.0,41.0,16.0,10.0
13-00158321,60656.0,41.0,16.0,10.0
13-00143449,60656.0,41.0,16.0,10.0
13-00122706,60656.0,41.0,16.0,10.0
13-00121395,60656.0,41.0,16.0,10.0
13-00121500,60656.0,41.0,16.0,10.0
13-00121509,60656.0,41.0,16.0,10.0
13-00121511,60656.0,41.0,16.0,10.0
13-00121519,60656.0,41.0,16.0,10.0
13-00122657,60656.0,41.0,16.0,10.0
13-00120441,60656.0,41.0,16.0,10.0
13-00115385,60656.0,41.0,16.0,10.0
13-00106537,60656.0,41.0,16.0,10.0
13-00091510,60656.0,41.0,16.0,10.0
13-00091735,60656.0,41.0,16.0,10.0
13-00091744,60656.0,41.0,16.0,10.0
13-00084772,60656.0,41.0,16.0,10.0
13-00082200,60656.0,41.0,16.0,10.0
13-00078345,60656.0,41.0,16.0,10.0
13-00074771,60656.0,41.0,16.0,10.0
13-00074772,60656.0,41.0,16.0,10.0
13-00071870,60656.0,41.0,16.0,10.0
13-00071871,60656.0,41.0,16.0,10.0
13-00074191,60656.0,41.0,16.0,10.0
13-00070874,60656.0,41.0,16.0,10.0
13-00070928,60656.0,41.0,16.0,10.0
13-00070924,60656.0,41.0,16.0,10.0
13-00070931,60656.0,41.0,16.0,10.0
13-00070935,60656.0,41.0,16.0,10.0
13-00070942,60656.0,41.0,16.0,10.0
13-00072175,60656.0,41.0,16.0,10.0
13-00011115,60656.0,41.0,16.0,10.0
12-02040124,60656.0,41.0,16.0,10.0
12-02040353,60656.0,41.0,16.0,10.0
12-01997445,60656.0,41.0,16.0,10.0
12-01940079,60656.0,41.0,16.0,10.0
12-01939838,60656.0,41.0,16.0,10.0
12-01925835,60656.0,41.0,16.0,10.0
12-01918670,60656.0,41.0,16.0,10.0
12-01878313,60656.0,41.0,16.0,10.0
12-01819265,60656.0,41.0,16.0,10.0
12-01805684,60656.0,41.0,16.0,10.0
12-01805689,60656.0,41.0,16.0,10.0
12-01756322,60656.0,41.0,16.0,10.0
12-01742830,60656.0,41.0,16.0,10.0
12-01726328,60656.0,41.0,16.0,10.0
12-01726355,60656.0,41.0,16.0,10.0
12-01720287,60656.0,41.0,16.0,76.0
12-01715111,60656.0,41.0,16.0,10.0
12-01685756,60656.0,41.0,16.0,10.0
12-01672767,60656.0,41.0,16.0,10.0
12-01672621,60656.0,41.0,16.0,10.0
12-01672769,60656.0,41.0,16.0,10.0
12-01668561,60656.0,41.0,16.0,10.0
12-01647077,60656.0,41.0,16.0,10.0
12-01647370,60656.0,41.0,16.0,10.0
12-01637715,60656.0,41.0,16.0,76.0
12-01598717,60656.0,41.0,16.0,10.0
12-01598695,60656.0,41.0,16.0,10.0
12-01586740,60656.0,41.0,16.0,10.0
12-01554642,60656.0,41.0,16.0,10.0
12-01546228,60656.0,41.0,16.0,10.0
12-01535639,60656.0,41.0,16.0,10.0
12-01535625,60656.0,41.0,16.0,10.0
12-01524644,60656.0,41.0,16.0,10.0
12-01524642,60656.0,41.0,16.0,10.0
12-01517290,60656.0,41.0,16.0,10.0
12-01518405,60656.0,41.0,16.0,10.0
12-01523908,60656.0,41.0,16.0,10.0
12-01522661,60656.0,41.0,16.0,10.0
12-01524214,60656.0,41.0,16.0,10.0
12-01503836,60656.0,41.0,16.0,76.0
12-01499549,60656.0,41.0,16.0,10.0
12-01494600,60656.0,41.0,16.0,10.0
12-01488802,60656.0,41.0,16.0,10.0
12-01489043,60656.0,41.0,16.0,10.0
12-01488213,60656.0,41.0,16.0,10.0
12-01488220,60656.0,41.0,16.0,10.0
12-01488217,60656.0,41.0,16.0,10.0
12-01488227,60656.0,41.0,16.0,10.0
12-01489107,60656.0,41.0,16.0,10.0
12-01489083,60656.0,41.0,16.0,10.0
12-01489056,60656.0,41.0,16.0,10.0
12-01489130,60656.0,41.0,16.0,10.0
12-01489123,60656.0,41.0,16.0,10.0
12-01489142,60656.0,41.0,16.0,10.0
12-01489156,60656.0,41.0,16.0,10.0
12-01482022,60656.0,41.0,16.0,10.0
12-01471862,60656.0,41.0,16.0,10.0
12-01474277,60656.0,41.0,16.0,10.0
12-01471675,60656.0,41.0,16.0,10.0
12-01463488,60656.0,41.0,16.0,10.0
12-01464396,60656.0,41.0,16.0,10.0
12-01464411,60656.0,41.0,16.0,10.0
12-01463523,60656.0,41.0,16.0,10.0
12-01463989,60656.0,41.0,16.0,10.0
12-01463576,60656.0,41.0,16.0,10.0
12-01455708,60656.0,41.0,16.0,10.0
12-01456669,60656.0,41.0,16.0,10.0
12-01462459,60656.0,41.0,16.0,10.0
12-01462189,60656.0,41.0,16.0,10.0
12-01455709,60656.0,41.0,16.0,10.0
12-01455723,60656.0,41.0,16.0,10.0
12-01455720,60656.0,41.0,16.0,10.0
12-01455717,60656.0,41.0,16.0,10.0
12-01455714,60656.0,41.0,16.0,10.0
12-01455710,60656.0,41.0,16.0,10.0
12-01455776,60656.0,41.0,16.0,10.0
12-01455728,60656.0,41.0,16.0,10.0
12-01455770,60656.0,41.0,16.0,10.0
12-01455740,60656.0,41.0,16.0,10.0
12-01455734,60656.0,41.0,16.0,10.0
12-01455762,60656.0,41.0,16.0,10.0
12-01455759,60656.0,41.0,16.0,10.0
12-01458613,60656.0,41.0,16.0,10.0
12-01462010,60656.0,41.0,16.0,10.0
12-01457196,60656.0,41.0,16.0,10.0
12-01455712,60656.0,41.0,16.0,10.0
12-01461279,60656.0,41.0,16.0,10.0
12-01462464,60656.0,41.0,16.0,10.0
12-01457670,60656.0,41.0,16.0,10.0
12-01461463,60656.0,41.0,16.0,10.0
12-01454319,60656.0,41.0,16.0,10.0
12-01452716,60656.0,41.0,16.0,10.0
12-01443769,60656.0,41.0,16.0,10.0
12-01442596,60656.0,41.0,16.0,10.0
12-01441118,60656.0,36.0,16.0,76.0
12-01419215,60656.0,41.0,16.0,10.0
12-01415241,60656.0,41.0,16.0,10.0
12-01410048,60656.0,41.0,16.0,10.0
12-01401528,60656.0,41.0,16.0,10.0
12-01399203,60656.0,41.0,16.0,10.0
12-01396580,60656.0,41.0,16.0,10.0
12-01388622,60656.0,41.0,16.0,10.0
12-01380414,60656.0,41.0,16.0,10.0
12-01372525,60656.0,41.0,16.0,10.0
12-01361763,60656.0,41.0,16.0,10.0
12-01361767,60656.0,41.0,16.0,10.0
12-01357507,60656.0,41.0,16.0,10.0
12-01358257,60656.0,41.0,16.0,10.0
12-01344446,60656.0,41.0,16.0,10.0
12-01342776,60656.0,41.0,16.0,10.0
12-01332046,60656.0,41.0,16.0,10.0
12-01332078,60656.0,41.0,16.0,10.0
12-01332113,60656.0,41.0,16.0,10.0
12-01332118,60656.0,41.0,16.0,10.0
12-01322192,60656.0,41.0,16.0,10.0
12-01322072,60656.0,41.0,16.0,10.0
12-01321983,60656.0,41.0,16.0,10.0
12-01304561,60656.0,41.0,16.0,10.0
12-01304091,60656.0,41.0,16.0,10.0
12-01304528,60656.0,41.0,16.0,10.0
12-01305193,60656.0,41.0,16.0,10.0
12-01305195,60656.0,41.0,16.0,10.0
12-01298052,60656.0,41.0,16.0,10.0
12-01301589,60656.0,41.0,16.0,10.0
12-01295884,60656.0,41.0,16.0,10.0
12-01289109,60656.0,41.0,16.0,10.0
12-01284978,60656.0,41.0,16.0,10.0
12-01284819,60656.0,41.0,16.0,10.0
12-01281767,60656.0,41.0,16.0,10.0
12-01286406,60656.0,41.0,16.0,10.0
12-01287107,60656.0,41.0,16.0,10.0
12-01287675,60656.0,41.0,16.0,10.0
12-01284846,60656.0,41.0,16.0,10.0
12-01280462,60656.0,41.0,16.0,10.0
12-01284977,60656.0,41.0,16.0,10.0
12-01281893,60656.0,41.0,16.0,10.0
12-01281788,60656.0,41.0,16.0,10.0
12-01281537,60656.0,41.0,16.0,10.0
12-01284799,60656.0,41.0,16.0,10.0
12-01284868,60656.0,41.0,16.0,10.0
12-01287673,60656.0,41.0,16.0,10.0
12-01265849,60656.0,41.0,16.0,10.0
12-01265994,60656.0,41.0,16.0,10.0
12-01266222,60656.0,41.0,16.0,10.0
12-01257504,60656.0,41.0,16.0,76.0
12-01243677,60656.0,41.0,16.0,10.0
12-01236797,60656.0,41.0,16.0,76.0
12-01214027,60656.0,41.0,16.0,76.0
12-01216159,60656.0,41.0,16.0,10.0
12-01194021,60656.0,41.0,16.0,10.0
12-01194335,60656.0,41.0,16.0,10.0
12-01164387,60656.0,41.0,16.0,10.0
12-01099722,60656.0,41.0,16.0,10.0
12-01016202,60656.0,41.0,16.0,10.0
12-01010995,60656.0,41.0,16.0,10.0
12-01013156,60656.0,41.0,16.0,10.0
12-00983906,60656.0,41.0,16.0,10.0
12-00967418,60656.0,41.0,16.0,10.0
12-00958873,60656.0,41.0,16.0,10.0
12-00923234,60656.0,41.0,16.0,10.0
12-00914370,60656.0,41.0,16.0,10.0
12-00909925,60656.0,41.0,16.0,10.0
12-00907991,60656.0,41.0,16.0,10.0
12-00907945,60656.0,41.0,16.0,10.0
12-00907987,60656.0,41.0,16.0,10.0
12-00907880,60656.0,41.0,16.0,10.0
12-00907580,60656.0,41.0,16.0,10.0
12-00907579,60656.0,41.0,16.0,10.0
12-00805859,60656.0,41.0,16.0,10.0
12-00751512,60656.0,41.0,16.0,10.0
12-00751503,60656.0,41.0,16.0,10.0
12-00751493,60656.0,41.0,16.0,10.0
12-00751830,60656.0,41.0,16.0,10.0
12-00730947,60656.0,41.0,16.0,10.0
12-00730960,60656.0,41.0,16.0,10.0
12-00730097,60656.0,41.0,16.0,10.0
12-00654302,60656.0,41.0,16.0,10.0
12-00654295,60656.0,41.0,16.0,10.0
12-00651759,60656.0,41.0,16.0,10.0
12-00638278,60656.0,41.0,16.0,10.0
12-00586693,60656.0,41.0,16.0,10.0
12-00579361,60656.0,41.0,16.0,10.0
12-00566939,60656.0,41.0,16.0,10.0
12-00566916,60656.0,41.0,16.0,10.0
12-00538066,60656.0,41.0,16.0,10.0
12-00278079,60656.0,41.0,16.0,10.0
12-00166979,60656.0,41.0,16.0,10.0
12-00166988,60656.0,41.0,16.0,10.0
12-00067539,60656.0,41.0,16.0,10.0
12-00064444,60656.0,41.0,16.0,10.0
12-00012623,60656.0,41.0,16.0,10.0
11-04328587,60656.0,41.0,16.0,10.0
11-04295885,60656.0,41.0,16.0,10.0
11-04271803,60656.0,41.0,16.0,10.0
11-04257815,60656.0,41.0,16.0,76.0
11-04255368,60656.0,41.0,16.0,10.0
11-04235163,60656.0,41.0,16.0,10.0
11-04233886,60656.0,41.0,16.0,76.0
11-04167805,60656.0,41.0,16.0,76.0
11-04162271,60656.0,41.0,16.0,76.0
11-04102223,60656.0,41.0,16.0,10.0
11-04080199,60656.0,36.0,16.0,76.0
11-04073770,60656.0,41.0,16.0,10.0
11-03905698,60656.0,41.0,16.0,10.0
11-03880470,60656.0,41.0,16.0,10.0
11-03861109,60656.0,41.0,16.0,10.0
11-03865053,60656.0,41.0,16.0,10.0
11-03855403,60656.0,41.0,16.0,10.0
11-03844960,60656.0,41.0,16.0,10.0
11-03848256,60656.0,41.0,16.0,10.0
11-03842304,60656.0,41.0,16.0,10.0
11-03835293,60656.0,41.0,16.0,10.0
11-03834969,60656.0,41.0,16.0,10.0
11-03810877,60656.0,41.0,16.0,10.0
11-03801156,60656.0,41.0,16.0,76.0
11-03800901,60656.0,41.0,16.0,10.0
11-03782426,60656.0,41.0,16.0,76.0
11-03785772,60656.0,41.0,16.0,10.0
11-03762933,60656.0,41.0,16.0,76.0
11-03756320,60656.0,41.0,16.0,10.0
11-03688027,60656.0,41.0,16.0,10.0
11-03664246,60656.0,41.0,16.0,10.0
11-03657955,60656.0,41.0,16.0,10.0
11-03651115,60656.0,41.0,16.0,10.0
11-03641756,60656.0,41.0,16.0,10.0
11-03634434,60656.0,41.0,16.0,10.0
11-03618803,60656.0,41.0,16.0,10.0
11-03611803,60656.0,41.0,16.0,10.0
11-03606653,60656.0,41.0,16.0,10.0
11-03606356,60656.0,41.0,16.0,10.0
11-03593853,60656.0,41.0,16.0,10.0
11-03559043,60656.0,41.0,16.0,10.0
11-03552098,60656.0,41.0,16.0,10.0
11-03547916,60656.0,41.0,16.0,10.0
11-03548248,60656.0,41.0,16.0,10.0
11-03554173,60656.0,41.0,16.0,10.0
11-03546889,60656.0,41.0,16.0,10.0
11-03530515,60656.0,41.0,16.0,10.0
11-03525524,60656.0,41.0,16.0,10.0
11-03525510,60656.0,41.0,16.0,10.0
11-03505386,60656.0,41.0,16.0,10.0
11-03505520,60656.0,41.0,16.0,10.0
11-03500544,60656.0,41.0,16.0,10.0
11-03385708,60656.0,41.0,16.0,10.0
11-03365587,60656.0,41.0,16.0,10.0
11-03365658,60656.0,41.0,16.0,10.0
11-03317327,60656.0,41.0,16.0,10.0
11-03319050,60656.0,41.0,16.0,76.0
11-03310663,60656.0,36.0,16.0,76.0
11-03311383,60656.0,41.0,16.0,10.0
11-03301117,60656.0,41.0,16.0,10.0
11-03296915,60656.0,41.0,16.0,10.0
11-03295394,60656.0,41.0,16.0,10.0
11-03291356,60656.0,41.0,16.0,10.0
11-03291564,60656.0,41.0,16.0,10.0
11-03291406,60656.0,41.0,16.0,10.0
11-03273589,60656.0,36.0,16.0,76.0
11-03259763,60656.0,41.0,16.0,10.0
11-03246911,60656.0,41.0,16.0,10.0
11-03230478,60656.0,41.0,16.0,10.0
11-03230485,60656.0,41.0,16.0,10.0
11-03231622,60656.0,41.0,16.0,10.0
11-03220460,60656.0,41.0,16.0,76.0
11-03146153,60656.0,41.0,16.0,10.0
11-03041199,60656.0,41.0,16.0,76.0
11-03040000,60656.0,41.0,16.0,10.0
11-02997830,60656.0,41.0,16.0,10.0
11-02945897,60656.0,41.0,16.0,10.0
11-02742372,60656.0,41.0,16.0,76.0
11-02528535,60656.0,41.0,16.0,10.0
11-02388885,60656.0,41.0,16.0,10.0
11-02090441,60656.0,41.0,16.0,76.0
11-02012899,60656.0,41.0,16.0,10.0
11-02008093,60656.0,41.0,16.0,10.0
11-02017198,60656.0,41.0,16.0,10.0
11-01693700,60656.0,41.0,16.0,10.0
11-01624263,60656.0,41.0,16.0,76.0
11-01588214,60656.0,41.0,16.0,10.0
11-01458198,60656.0,41.0,16.0,10.0
11-01458892,60656.0,41.0,16.0,10.0
11-01458885,60656.0,41.0,16.0,10.0
11-01458878,60656.0,41.0,16.0,10.0
11-01399109,60656.0,41.0,16.0,76.0
11-01397019,60656.0,41.0,16.0,10.0
11-01377950,60656.0,41.0,16.0,76.0
11-00657485,60656.0,41.0,16.0,76.0
11-00547705,60656.0,41.0,16.0,76.0
11-00529944,60656.0,41.0,16.0,10.0
11-00529670,60656.0,41.0,16.0,76.0
11-00529931,60656.0,41.0,16.0,10.0
11-00482938,60656.0,41.0,16.0,10.0
11-00476953,60656.0,41.0,16.0,76.0
11-00462623,60656.0,41.0,16.0,76.0
11-00462606,60656.0,41.0,16.0,76.0
11-00461751,60656.0,41.0,16.0,76.0
11-00462586,60656.0,41.0,16.0,76.0
11-00459147,60656.0,41.0,16.0,10.0
11-00462663,60656.0,41.0,16.0,76.0
11-00462638,60656.0,41.0,16.0,76.0
11-00457033,60656.0,41.0,16.0,76.0
11-00457236,60656.0,41.0,16.0,76.0
11-00457329,60656.0,41.0,16.0,76.0
11-00457440,60656.0,41.0,16.0,76.0
11-00457428,60656.0,41.0,16.0,76.0
11-00457381,60656.0,41.0,16.0,76.0
11-00450791,60656.0,41.0,16.0,76.0
11-00449305,60656.0,41.0,16.0,76.0
11-00444859,60656.0,41.0,16.0,10.0
11-00445080,60656.0,41.0,16.0,10.0
11-00439482,60656.0,41.0,16.0,76.0
11-00431390,60656.0,41.0,16.0,76.0
11-00433680,60656.0,41.0,16.0,10.0
11-00431931,60656.0,41.0,16.0,76.0
11-00431902,60656.0,41.0,16.0,76.0
11-00432161,60656.0,41.0,16.0,76.0
11-00422202,60656.0,41.0,16.0,10.0
11-00424305,60656.0,41.0,16.0,76.0
11-00425285,60656.0,41.0,16.0,76.0
11-00418526,60656.0,41.0,16.0,76.0
11-00412273,60656.0,41.0,16.0,76.0
11-00412986,60656.0,41.0,16.0,76.0
11-00413793,60656.0,41.0,16.0,76.0
11-00416701,60656.0,41.0,16.0,76.0
11-00416452,60656.0,41.0,16.0,76.0
11-00416710,60656.0,41.0,16.0,76.0
11-00417109,60656.0,41.0,16.0,76.0
11-00417298,60656.0,41.0,16.0,10.0
11-00418613,60656.0,41.0,16.0,76.0
11-00410062,60656.0,41.0,16.0,76.0
11-00410646,60656.0,41.0,16.0,76.0
11-00410351,60656.0,41.0,16.0,76.0
11-00410642,60656.0,41.0,16.0,76.0
11-00410325,60656.0,41.0,16.0,10.0
11-00410067,60656.0,41.0,16.0,76.0
11-00410470,60656.0,41.0,16.0,76.0
11-00410744,60656.0,41.0,16.0,10.0
11-00402296,60656.0,41.0,16.0,10.0
11-00390567,60656.0,41.0,16.0,10.0
11-00368474,60656.0,0.0,16.0,0.0
11-00313028,60656.0,41.0,16.0,10.0
11-00301899,60656.0,41.0,16.0,10.0
11-00301907,60656.0,41.0,16.0,10.0
11-00301909,60656.0,41.0,16.0,10.0
11-00301903,60656.0,41.0,16.0,10.0
11-00298393,60656.0,41.0,16.0,76.0
11-00298378,60656.0,41.0,16.0,76.0
11-00298365,60656.0,41.0,16.0,76.0
11-00292056,60656.0,41.0,16.0,10.0
11-00287164,60656.0,41.0,16.0,10.0
11-00118716,60656.0,41.0,16.0,10.0
11-00064629,60656.0,41.0,16.0,10.0
11-00061894,60656.0,41.0,16.0,10.0
11-00062193,60656.0,41.0,16.0,10.0
11-00048459,60656.0,41.0,16.0,10.0
11-00050605,60656.0,41.0,16.0,10.0
11-00053674,60656.0,41.0,16.0,10.0
11-00035997,60656.0,41.0,16.0,10.0
11-00034374,60656.0,41.0,16.0,10.0
11-00037701,60656.0,41.0,16.0,10.0
11-00030504,60656.0,41.0,16.0,10.0
11-00030986,60656.0,41.0,16.0,10.0
11-00021062,60656.0,41.0,16.0,76.0
11-00004219,60656.0,41.0,16.0,10.0
