15-04891866,60661.0,42.0,12.0,28.0
15-04853222,60661.0,42.0,1.0,28.0
15-04857314,60661.0,27.0,12.0,28.0
15-04824726,60661.0,27.0,12.0,28.0
15-04824474,60661.0,27.0,12.0,28.0
15-04824467,60661.0,27.0,12.0,28.0
15-04804957,60661.0,42.0,1.0,28.0
15-04735126,60661.0,42.0,1.0,28.0
15-04733178,60661.0,27.0,12.0,28.0
15-04733178,60661.0,27.0,12.0,28.0
15-04696209,60661.0,42.0,1.0,28.0
15-04645243,60661.0,42.0,1.0,28.0
15-04581453,60661.0,42.0,1.0,28.0
15-04568913,60661.0,42.0,1.0,28.0
15-04500728,60661.0,27.0,12.0,28.0
15-04359073,60661.0,42.0,12.0,28.0
15-04359309,60661.0,42.0,1.0,28.0
15-04359260,60661.0,42.0,1.0,28.0
15-04359164,60661.0,42.0,1.0,28.0
15-04359080,60661.0,42.0,1.0,28.0
15-04359115,60661.0,42.0,1.0,28.0
15-04359093,60661.0,42.0,1.0,28.0
15-04328072,60661.0,27.0,12.0,28.0
15-04337498,60661.0,42.0,1.0,28.0
15-04328372,60661.0,27.0,12.0,28.0
15-04328059,60661.0,27.0,12.0,28.0
15-04328065,60661.0,27.0,12.0,28.0
15-04328362,60661.0,27.0,12.0,28.0
15-04328080,60661.0,42.0,1.0,28.0
15-04214859,60661.0,27.0,12.0,28.0
15-04193011,60661.0,27.0,12.0,28.0
15-04191246,60661.0,27.0,12.0,28.0
15-04191241,60661.0,27.0,12.0,28.0
15-04191287,60661.0,27.0,12.0,28.0
15-04148141,60661.0,42.0,12.0,28.0
15-04070826,60661.0,42.0,12.0,28.0
15-04061500,60661.0,42.0,1.0,28.0
15-04061481,60661.0,42.0,1.0,28.0
15-04061470,60661.0,27.0,12.0,28.0
15-04044599,60661.0,42.0,12.0,28.0
15-04045490,60661.0,27.0,12.0,28.0
15-04014564,60661.0,42.0,1.0,28.0
15-03981200,60661.0,42.0,12.0,28.0
15-03932481,60661.0,27.0,12.0,28.0
15-03932534,60661.0,27.0,12.0,28.0
15-03932292,60661.0,27.0,12.0,28.0
15-03932290,60661.0,27.0,12.0,28.0
15-03919341,60661.0,27.0,12.0,28.0
15-03890732,60661.0,27.0,12.0,28.0
15-03881811,60661.0,27.0,12.0,28.0
15-03837363,60661.0,42.0,12.0,28.0
15-03691244,60661.0,27.0,12.0,28.0
15-03691233,60661.0,27.0,12.0,28.0
15-03691241,60661.0,27.0,12.0,28.0
15-03544840,60661.0,42.0,1.0,28.0
15-03549613,60661.0,42.0,1.0,28.0
15-03549607,60661.0,42.0,1.0,28.0
15-03469160,60661.0,27.0,12.0,28.0
15-03451690,60661.0,42.0,12.0,28.0
15-03415388,60661.0,27.0,12.0,28.0
15-03416020,60661.0,27.0,12.0,28.0
15-03416014,60661.0,27.0,12.0,28.0
15-03415997,60661.0,27.0,12.0,28.0
15-03415924,60661.0,27.0,12.0,28.0
15-03415836,60661.0,27.0,12.0,28.0
15-03395714,60661.0,42.0,1.0,28.0
15-03247770,60661.0,42.0,12.0,28.0
15-03226753,60661.0,27.0,12.0,28.0
15-03209478,60661.0,42.0,12.0,28.0
15-03171442,60661.0,42.0,1.0,28.0
15-03139066,60661.0,42.0,1.0,28.0
15-03139071,60661.0,42.0,1.0,28.0
15-03065564,60661.0,42.0,1.0,28.0
15-02996818,60661.0,42.0,1.0,28.0
15-02996824,60661.0,42.0,1.0,28.0
15-02996890,60661.0,42.0,1.0,28.0
15-02996930,60661.0,42.0,12.0,28.0
15-02996809,60661.0,42.0,1.0,28.0
15-02979625,60661.0,27.0,12.0,28.0
15-02967667,60661.0,27.0,12.0,28.0
15-02967639,60661.0,42.0,1.0,28.0
15-02941556,60661.0,42.0,1.0,28.0
15-02929173,60661.0,27.0,12.0,28.0
15-02932756,60661.0,42.0,12.0,28.0
15-02903796,60661.0,42.0,1.0,28.0
15-02883506,60661.0,42.0,1.0,28.0
15-02852143,60661.0,42.0,1.0,28.0
15-02851986,60661.0,42.0,1.0,28.0
15-02852145,60661.0,42.0,1.0,28.0
15-02851970,60661.0,27.0,12.0,28.0
15-02845412,60661.0,27.0,12.0,28.0
15-02800786,60661.0,42.0,1.0,28.0
15-02800774,60661.0,42.0,1.0,28.0
15-02583859,60661.0,27.0,12.0,28.0
15-02568786,60661.0,42.0,12.0,28.0
15-02466930,60661.0,42.0,12.0,28.0
15-02438080,60661.0,42.0,1.0,28.0
15-02445183,60661.0,42.0,1.0,28.0
15-02392755,60661.0,42.0,12.0,28.0
15-02324434,60661.0,27.0,12.0,28.0
15-02324444,60661.0,27.0,12.0,28.0
15-02304974,60661.0,42.0,1.0,28.0
15-02151900,60661.0,42.0,1.0,28.0
15-02149033,60661.0,42.0,12.0,28.0
15-02149022,60661.0,42.0,12.0,28.0
15-02149028,60661.0,42.0,12.0,28.0
15-02149043,60661.0,42.0,12.0,28.0
15-02149017,60661.0,42.0,12.0,28.0
15-02127192,60661.0,42.0,1.0,28.0
15-02099167,60661.0,42.0,1.0,28.0
15-02100292,60661.0,42.0,12.0,28.0
15-01978588,60661.0,2.0,1.0,28.0
15-01978530,60661.0,2.0,1.0,28.0
15-01923224,60661.0,27.0,12.0,28.0
15-01922149,60661.0,2.0,1.0,28.0
15-01922223,60661.0,2.0,1.0,28.0
15-01921454,60661.0,2.0,1.0,28.0
15-01921445,60661.0,2.0,1.0,28.0
15-01880546,60661.0,42.0,1.0,28.0
15-01781959,60661.0,2.0,1.0,28.0
15-01719521,60661.0,42.0,12.0,28.0
15-01694783,60661.0,42.0,12.0,28.0
15-01459052,60661.0,42.0,1.0,28.0
15-01448824,60661.0,27.0,12.0,28.0
15-01237551,60661.0,42.0,12.0,28.0
15-01209489,60661.0,42.0,12.0,28.0
15-01205355,60661.0,2.0,1.0,28.0
15-01190459,60661.0,42.0,12.0,28.0
15-01153141,60661.0,42.0,12.0,28.0
15-01099204,60661.0,42.0,12.0,28.0
15-01043728,60661.0,27.0,12.0,28.0
15-00824337,60661.0,27.0,12.0,28.0
15-00824331,60661.0,27.0,12.0,28.0
15-00820128,60661.0,42.0,1.0,28.0
15-00764982,60661.0,27.0,12.0,28.0
15-00765272,60661.0,27.0,1.0,28.0
15-00765286,60661.0,27.0,1.0,28.0
15-00765279,60661.0,27.0,1.0,28.0
15-00740581,60661.0,27.0,12.0,28.0
15-00708701,60661.0,2.0,1.0,28.0
15-00708697,60661.0,2.0,1.0,28.0
15-00708679,60661.0,2.0,1.0,28.0
15-00708709,60661.0,42.0,1.0,28.0
15-00684684,60661.0,27.0,12.0,28.0
15-00639435,60661.0,42.0,1.0,28.0
15-00641404,60661.0,42.0,1.0,28.0
15-00639331,60661.0,27.0,12.0,28.0
15-00641402,60661.0,2.0,1.0,28.0
15-00639434,60661.0,42.0,1.0,28.0
15-00641920,60661.0,2.0,1.0,28.0
15-00644172,60661.0,27.0,12.0,28.0
15-00504845,60661.0,42.0,1.0,28.0
15-00504843,60661.0,2.0,1.0,28.0
15-00443704,60661.0,27.0,12.0,28.0
15-00443391,60661.0,27.0,12.0,28.0
15-00443325,60661.0,2.0,1.0,28.0
15-00443354,60661.0,2.0,1.0,28.0
15-00450046,60661.0,27.0,12.0,28.0
15-00450156,60661.0,27.0,12.0,28.0
15-00385565,60661.0,27.0,12.0,28.0
15-00326988,60661.0,42.0,12.0,28.0
15-00326986,60661.0,42.0,12.0,28.0
15-00324547,60661.0,27.0,12.0,28.0
15-00326743,60661.0,27.0,12.0,28.0
15-00303233,60661.0,27.0,12.0,28.0
15-00250763,60661.0,2.0,1.0,28.0
15-00250777,60661.0,2.0,1.0,28.0
15-00250798,60661.0,2.0,1.0,28.0
15-00241240,60661.0,27.0,12.0,28.0
15-00212258,60661.0,42.0,1.0,28.0
15-00212256,60661.0,42.0,1.0,28.0
15-00212221,60661.0,27.0,12.0,28.0
15-00167500,60661.0,2.0,1.0,28.0
15-00165916,60661.0,42.0,1.0,28.0
15-00140372,60661.0,42.0,1.0,28.0
15-00140388,60661.0,2.0,1.0,28.0
15-00141778,60661.0,27.0,12.0,28.0
15-00141460,60661.0,27.0,12.0,28.0
15-00138870,60661.0,42.0,1.0,28.0
15-00132321,60661.0,27.0,12.0,28.0
15-00132321,60661.0,27.0,12.0,28.0
15-00126406,60661.0,27.0,12.0,28.0
15-00125571,60661.0,27.0,12.0,28.0
15-00118777,60661.0,27.0,12.0,28.0
15-00117372,60661.0,27.0,12.0,28.0
15-00117175,60661.0,27.0,12.0,28.0
15-00119107,60661.0,27.0,12.0,28.0
15-00123684,60661.0,27.0,12.0,28.0
15-00117175,60661.0,27.0,12.0,28.0
15-00112651,60661.0,42.0,12.0,28.0
15-00096233,60661.0,27.0,1.0,28.0
15-00092017,60661.0,42.0,12.0,28.0
15-00051883,60661.0,27.0,12.0,28.0
15-00033957,60661.0,42.0,12.0,28.0
14-02219561,60661.0,42.0,1.0,28.0
14-02206427,60661.0,27.0,12.0,28.0
14-02206406,60661.0,27.0,1.0,28.0
14-02206414,60661.0,27.0,12.0,28.0
14-02206411,60661.0,27.0,12.0,28.0
14-02209729,60661.0,27.0,12.0,28.0
14-02202932,60661.0,27.0,12.0,28.0
14-02145118,60661.0,42.0,12.0,28.0
14-02141285,60661.0,42.0,12.0,28.0
14-02127797,60661.0,27.0,12.0,28.0
14-02130277,60661.0,42.0,12.0,28.0
14-02116935,60661.0,42.0,1.0,28.0
14-02116926,60661.0,2.0,1.0,28.0
14-02116914,60661.0,27.0,12.0,28.0
14-02113157,60661.0,27.0,1.0,28.0
14-02103323,60661.0,2.0,12.0,28.0
14-02079128,60661.0,42.0,1.0,28.0
14-02076510,60661.0,27.0,12.0,28.0
14-02069600,60661.0,27.0,12.0,28.0
14-02062135,60661.0,42.0,12.0,28.0
14-02057753,60661.0,42.0,1.0,28.0
14-02058259,60661.0,27.0,12.0,28.0
14-02011701,60661.0,2.0,1.0,28.0
14-02004470,60661.0,27.0,12.0,28.0
14-01943096,60661.0,42.0,12.0,28.0
14-01929270,60661.0,42.0,12.0,28.0
14-01925152,60661.0,2.0,1.0,28.0
14-01920565,60661.0,42.0,12.0,28.0
14-01916715,60661.0,27.0,12.0,28.0
14-01915875,60661.0,27.0,12.0,28.0
14-01915871,60661.0,27.0,12.0,28.0
14-01915855,60661.0,27.0,12.0,28.0
14-01915833,60661.0,27.0,12.0,28.0
14-01915821,60661.0,27.0,12.0,28.0
14-01915847,60661.0,27.0,12.0,28.0
14-01912881,60661.0,42.0,12.0,28.0
14-01905280,60661.0,42.0,12.0,28.0
14-01896668,60661.0,42.0,12.0,28.0
14-01879329,60661.0,42.0,12.0,28.0
14-01871765,60661.0,42.0,1.0,28.0
14-01874178,60661.0,42.0,12.0,28.0
14-01871748,60661.0,42.0,12.0,28.0
14-01871743,60661.0,2.0,1.0,28.0
14-01848963,60661.0,42.0,12.0,28.0
14-01834381,60661.0,27.0,12.0,28.0
14-01834535,60661.0,42.0,12.0,28.0
14-01823200,60661.0,42.0,1.0,28.0
14-01813129,60661.0,42.0,12.0,28.0
14-01781962,60661.0,42.0,12.0,28.0
14-01768845,60661.0,42.0,12.0,28.0
14-01769069,60661.0,42.0,1.0,28.0
14-01769045,60661.0,42.0,1.0,28.0
14-01755554,60661.0,42.0,12.0,28.0
14-01721063,60661.0,27.0,12.0,28.0
14-01721765,60661.0,42.0,12.0,28.0
14-01718454,60661.0,27.0,12.0,28.0
14-01705699,60661.0,27.0,12.0,28.0
14-01687226,60661.0,2.0,1.0,28.0
14-01677359,60661.0,27.0,12.0,28.0
14-01648958,60661.0,27.0,12.0,28.0
14-01650497,60661.0,42.0,12.0,28.0
14-01650732,60661.0,27.0,12.0,28.0
14-01634906,60661.0,42.0,12.0,28.0
14-01636714,60661.0,27.0,1.0,28.0
14-01621829,60661.0,27.0,12.0,28.0
14-01611308,60661.0,27.0,12.0,28.0
14-01601275,60661.0,42.0,1.0,28.0
14-01601269,60661.0,42.0,1.0,28.0
14-01601264,60661.0,42.0,1.0,28.0
14-01601258,60661.0,42.0,1.0,28.0
14-01601289,60661.0,27.0,1.0,28.0
14-01594312,60661.0,27.0,12.0,28.0
14-01589537,60661.0,2.0,1.0,28.0
14-01552209,60661.0,42.0,12.0,28.0
14-01511158,60661.0,27.0,12.0,24.0
14-01511430,60661.0,27.0,12.0,28.0
14-01517819,60661.0,27.0,12.0,28.0
14-01500026,60661.0,42.0,1.0,28.0
14-01501207,60661.0,2.0,1.0,28.0
14-01497485,60661.0,27.0,12.0,28.0
14-01469633,60661.0,42.0,12.0,28.0
14-01474154,60661.0,2.0,1.0,28.0
14-01460464,60661.0,42.0,12.0,28.0
14-01462733,60661.0,27.0,12.0,28.0
14-01443184,60661.0,42.0,12.0,28.0
14-01443463,60661.0,42.0,1.0,28.0
14-01443231,60661.0,42.0,12.0,28.0
14-01443244,60661.0,42.0,1.0,28.0
14-01443238,60661.0,42.0,12.0,28.0
14-01443267,60661.0,42.0,1.0,28.0
14-01442574,60661.0,27.0,12.0,28.0
14-01440521,60661.0,27.0,12.0,28.0
14-01437270,60661.0,2.0,1.0,28.0
14-01437263,60661.0,2.0,1.0,28.0
14-01437248,60661.0,2.0,1.0,28.0
14-01437275,60661.0,42.0,1.0,28.0
14-01435749,60661.0,42.0,12.0,28.0
14-01427156,60661.0,27.0,12.0,28.0
14-01407426,60661.0,2.0,1.0,28.0
14-01400952,60661.0,27.0,12.0,28.0
14-01391642,60661.0,27.0,12.0,28.0
14-01391635,60661.0,27.0,12.0,28.0
14-01371028,60661.0,42.0,12.0,28.0
14-01354159,60661.0,27.0,12.0,28.0
14-01301597,60661.0,42.0,1.0,28.0
14-01292238,60661.0,42.0,1.0,28.0
14-01281496,60661.0,27.0,12.0,28.0
14-01281437,60661.0,27.0,12.0,28.0
14-01270040,60661.0,42.0,12.0,28.0
14-01270106,60661.0,42.0,12.0,28.0
14-01270143,60661.0,42.0,12.0,28.0
14-01262583,60661.0,42.0,1.0,28.0
14-01261203,60661.0,42.0,12.0,28.0
14-01259581,60661.0,27.0,12.0,28.0
14-01250489,60661.0,42.0,12.0,28.0
14-01239990,60661.0,42.0,12.0,28.0
14-01239891,60661.0,42.0,12.0,28.0
14-01240054,60661.0,42.0,1.0,28.0
14-01240327,60661.0,42.0,1.0,28.0
14-01240481,60661.0,42.0,12.0,28.0
14-01231093,60661.0,42.0,12.0,28.0
14-01233095,60661.0,42.0,1.0,28.0
14-01231095,60661.0,42.0,12.0,28.0
14-01230869,60661.0,42.0,12.0,28.0
14-01224378,60661.0,42.0,1.0,28.0
14-01208344,60661.0,42.0,1.0,28.0
14-01195499,60661.0,27.0,1.0,28.0
14-01190615,60661.0,42.0,12.0,28.0
14-01186717,60661.0,27.0,12.0,28.0
14-01186415,60661.0,42.0,12.0,28.0
14-01186425,60661.0,42.0,12.0,28.0
14-01170141,60661.0,42.0,1.0,28.0
14-01170127,60661.0,42.0,1.0,28.0
14-01170102,60661.0,42.0,1.0,28.0
14-01170281,60661.0,42.0,1.0,28.0
14-01169305,60661.0,2.0,1.0,28.0
14-01146585,60661.0,27.0,1.0,28.0
14-01145649,60661.0,42.0,1.0,28.0
14-01135739,60661.0,27.0,12.0,28.0
14-01135723,60661.0,27.0,12.0,28.0
14-01135828,60661.0,2.0,1.0,28.0
14-01126868,60661.0,2.0,1.0,28.0
14-01128277,60661.0,42.0,1.0,28.0
14-01128323,60661.0,27.0,1.0,28.0
14-01128362,60661.0,27.0,1.0,28.0
14-01117039,60661.0,42.0,1.0,28.0
14-01119441,60661.0,27.0,1.0,28.0
14-01108961,60661.0,27.0,12.0,28.0
14-01108969,60661.0,42.0,12.0,28.0
14-01109412,60661.0,27.0,12.0,28.0
14-01109446,60661.0,27.0,12.0,28.0
14-01109465,60661.0,27.0,12.0,28.0
14-01108657,60661.0,27.0,12.0,28.0
14-01108717,60661.0,42.0,12.0,28.0
14-01100076,60661.0,27.0,12.0,28.0
14-01097216,60661.0,27.0,12.0,28.0
14-01093036,60661.0,2.0,1.0,28.0
14-01087681,60661.0,27.0,1.0,28.0
14-01082924,60661.0,27.0,12.0,28.0
14-01086138,60661.0,42.0,12.0,28.0
14-01052829,60661.0,27.0,12.0,28.0
14-01002986,60661.0,27.0,12.0,28.0
14-00990339,60661.0,42.0,1.0,28.0
14-00990486,60661.0,2.0,1.0,28.0
14-00990464,60661.0,2.0,1.0,28.0
14-00980212,60661.0,2.0,1.0,28.0
14-00979561,60661.0,42.0,1.0,28.0
14-00979555,60661.0,2.0,1.0,28.0
14-00983866,60661.0,27.0,1.0,28.0
14-00970813,60661.0,2.0,1.0,28.0
14-00971338,60661.0,2.0,1.0,28.0
14-00961530,60661.0,27.0,12.0,28.0
14-00937108,60661.0,27.0,12.0,28.0
14-00891587,60661.0,2.0,1.0,28.0
14-00891587,60661.0,2.0,1.0,28.0
14-00892154,60661.0,27.0,1.0,28.0
14-00892262,60661.0,27.0,1.0,28.0
14-00892332,60661.0,42.0,1.0,28.0
14-00875918,60661.0,27.0,12.0,28.0
14-00841506,60661.0,27.0,12.0,28.0
14-00801940,60661.0,27.0,12.0,28.0
14-00798942,60661.0,2.0,1.0,28.0
14-00783525,60661.0,42.0,1.0,28.0
14-00765022,60661.0,42.0,1.0,28.0
14-00760466,60661.0,27.0,1.0,28.0
14-00735299,60661.0,2.0,1.0,28.0
14-00700203,60661.0,2.0,1.0,28.0
14-00701257,60661.0,27.0,12.0,28.0
14-00691990,60661.0,27.0,12.0,28.0
14-00687832,60661.0,27.0,12.0,28.0
14-00656534,60661.0,27.0,12.0,28.0
14-00659442,60661.0,42.0,1.0,28.0
14-00659359,60661.0,42.0,1.0,28.0
14-00659350,60661.0,42.0,1.0,28.0
14-00649090,60661.0,27.0,12.0,28.0
14-00631270,60661.0,42.0,1.0,28.0
14-00598616,60661.0,2.0,1.0,28.0
14-00588711,60661.0,2.0,1.0,28.0
14-00587638,60661.0,27.0,12.0,28.0
14-00587596,60661.0,42.0,12.0,28.0
14-00587662,60661.0,42.0,12.0,28.0
14-00587674,60661.0,27.0,12.0,28.0
14-00587804,60661.0,27.0,12.0,28.0
14-00562535,60661.0,42.0,1.0,28.0
14-00562555,60661.0,42.0,1.0,28.0
14-00560854,60661.0,27.0,12.0,28.0
14-00560810,60661.0,27.0,12.0,28.0
14-00560894,60661.0,27.0,12.0,28.0
14-00560888,60661.0,27.0,12.0,28.0
14-00555067,60661.0,42.0,1.0,28.0
14-00548219,60661.0,2.0,1.0,28.0
14-00549710,60661.0,42.0,1.0,28.0
14-00549569,60661.0,42.0,1.0,28.0
14-00539890,60661.0,27.0,1.0,28.0
14-00539848,60661.0,27.0,1.0,28.0
14-00533341,60661.0,27.0,12.0,28.0
14-00533339,60661.0,27.0,1.0,28.0
14-00533340,60661.0,27.0,12.0,28.0
14-00533349,60661.0,27.0,12.0,28.0
14-00533345,60661.0,27.0,12.0,28.0
14-00533560,60661.0,27.0,12.0,28.0
14-00525786,60661.0,27.0,12.0,28.0
14-00525802,60661.0,27.0,12.0,28.0
14-00525798,60661.0,27.0,12.0,28.0
14-00525873,60661.0,42.0,12.0,28.0
14-00534650,60661.0,42.0,12.0,28.0
14-00525946,60661.0,2.0,1.0,28.0
14-00526021,60661.0,42.0,12.0,28.0
14-00511821,60661.0,2.0,1.0,28.0
14-00511848,60661.0,2.0,1.0,28.0
14-00511799,60661.0,2.0,1.0,28.0
14-00509693,60661.0,42.0,1.0,28.0
14-00513395,60661.0,42.0,1.0,28.0
14-00503656,60661.0,27.0,1.0,28.0
14-00503638,60661.0,27.0,12.0,28.0
14-00490536,60661.0,2.0,1.0,28.0
14-00491886,60661.0,2.0,1.0,28.0
14-00489055,60661.0,2.0,1.0,28.0
14-00479501,60661.0,2.0,1.0,28.0
14-00471851,60661.0,27.0,12.0,28.0
14-00471887,60661.0,27.0,12.0,28.0
14-00433113,60661.0,2.0,1.0,28.0
14-00433180,60661.0,2.0,1.0,28.0
14-00433081,60661.0,27.0,12.0,28.0
14-00415070,60661.0,27.0,12.0,28.0
14-00414956,60661.0,27.0,12.0,28.0
14-00416447,60661.0,27.0,12.0,28.0
14-00416503,60661.0,27.0,12.0,28.0
14-00416064,60661.0,42.0,1.0,28.0
14-00399979,60661.0,27.0,12.0,28.0
14-00394107,60661.0,27.0,12.0,28.0
14-00392238,60661.0,27.0,12.0,28.0
14-00381831,60661.0,27.0,12.0,28.0
14-00377978,60661.0,2.0,1.0,28.0
14-00375363,60661.0,42.0,1.0,28.0
14-00357921,60661.0,27.0,12.0,28.0
14-00354548,60661.0,42.0,12.0,28.0
14-00336288,60661.0,27.0,12.0,28.0
14-00336232,60661.0,42.0,12.0,28.0
14-00339275,60661.0,2.0,1.0,28.0
14-00336261,60661.0,27.0,12.0,28.0
14-00320003,60661.0,27.0,12.0,24.0
14-00313292,60661.0,42.0,12.0,28.0
14-00313287,60661.0,42.0,12.0,28.0
14-00313275,60661.0,42.0,12.0,28.0
14-00313438,60661.0,42.0,12.0,28.0
14-00304415,60661.0,27.0,12.0,24.0
14-00291246,60661.0,42.0,1.0,28.0
14-00272817,60661.0,27.0,1.0,28.0
14-00272808,60661.0,27.0,1.0,28.0
14-00261109,60661.0,42.0,12.0,28.0
14-00261145,60661.0,42.0,1.0,28.0
14-00261174,60661.0,42.0,1.0,28.0
14-00245848,60661.0,42.0,1.0,28.0
14-00237710,60661.0,27.0,12.0,28.0
14-00229749,60661.0,2.0,1.0,28.0
14-00229746,60661.0,2.0,1.0,28.0
14-00224554,60661.0,2.0,1.0,28.0
14-00224596,60661.0,27.0,12.0,28.0
14-00218580,60661.0,27.0,12.0,28.0
14-00307077,60661.0,42.0,1.0,28.0
14-00307077,60661.0,42.0,1.0,28.0
14-00312653,60661.0,42.0,1.0,28.0
14-00192079,60661.0,27.0,12.0,28.0
14-00193068,60661.0,27.0,12.0,28.0
14-00183540,60661.0,27.0,12.0,24.0
14-00157200,60661.0,42.0,1.0,28.0
14-00158075,60661.0,27.0,12.0,28.0
14-00156251,60661.0,27.0,12.0,28.0
14-00156211,60661.0,27.0,12.0,28.0
14-00156022,60661.0,27.0,12.0,28.0
14-00153940,60661.0,27.0,12.0,28.0
14-00152005,60661.0,27.0,12.0,28.0
14-00147280,60661.0,27.0,12.0,28.0
14-00147260,60661.0,27.0,12.0,28.0
14-00144219,60661.0,27.0,1.0,28.0
14-00144220,60661.0,27.0,1.0,28.0
14-00134487,60661.0,2.0,1.0,28.0
14-00129324,60661.0,2.0,1.0,28.0
14-00122486,60661.0,42.0,1.0,28.0
14-00122821,60661.0,2.0,1.0,28.0
14-00116675,60661.0,2.0,1.0,28.0
14-00116714,60661.0,2.0,1.0,28.0
14-00113338,60661.0,42.0,1.0,28.0
14-00112544,60661.0,27.0,12.0,28.0
14-00101897,60661.0,2.0,1.0,28.0
14-00101900,60661.0,2.0,1.0,28.0
14-00101920,60661.0,2.0,1.0,28.0
14-00096288,60661.0,42.0,1.0,28.0
14-00095612,60661.0,27.0,12.0,28.0
14-00078545,60661.0,27.0,12.0,24.0
14-00078486,60661.0,27.0,12.0,28.0
14-00076470,60661.0,2.0,1.0,28.0
14-00078642,60661.0,27.0,12.0,24.0
14-00068774,60661.0,2.0,1.0,28.0
14-00061631,60661.0,2.0,1.0,28.0
14-00061591,60661.0,2.0,1.0,28.0
14-00061831,60661.0,42.0,1.0,28.0
14-00061817,60661.0,2.0,1.0,28.0
14-00065851,60661.0,27.0,12.0,28.0
14-00057606,60661.0,27.0,1.0,28.0
14-00057474,60661.0,27.0,12.0,28.0
14-00057473,60661.0,42.0,12.0,28.0
14-00033552,60661.0,27.0,12.0,28.0
14-00025074,60661.0,2.0,1.0,28.0
14-00025068,60661.0,2.0,1.0,28.0
13-01910262,60661.0,2.0,1.0,28.0
13-01905988,60661.0,27.0,1.0,28.0
13-01906934,60661.0,42.0,12.0,28.0
13-01895539,60661.0,42.0,12.0,28.0
13-01890930,60661.0,2.0,1.0,28.0
13-01890931,60661.0,42.0,1.0,28.0
13-01890935,60661.0,2.0,1.0,28.0
13-01890933,60661.0,42.0,1.0,28.0
13-01890951,60661.0,2.0,1.0,28.0
13-01891039,60661.0,42.0,1.0,28.0
13-01849397,60661.0,27.0,1.0,28.0
13-01846446,60661.0,42.0,12.0,28.0
13-01846441,60661.0,42.0,12.0,28.0
13-01846436,60661.0,42.0,1.0,28.0
13-01841940,60661.0,27.0,1.0,28.0
13-01842441,60661.0,27.0,12.0,28.0
13-01825604,60661.0,27.0,12.0,28.0
13-01826196,60661.0,27.0,1.0,28.0
13-01816145,60661.0,2.0,1.0,28.0
13-01817489,60661.0,42.0,1.0,28.0
13-01816355,60661.0,27.0,1.0,28.0
13-01817426,60661.0,27.0,1.0,28.0
13-01817415,60661.0,27.0,1.0,28.0
13-01817453,60661.0,27.0,1.0,28.0
13-01817445,60661.0,27.0,1.0,28.0
13-01810336,60661.0,27.0,12.0,28.0
13-01810279,60661.0,27.0,12.0,28.0
13-01804785,60661.0,2.0,1.0,28.0
13-01795552,60661.0,2.0,1.0,28.0
13-01789791,60661.0,27.0,12.0,28.0
13-01771903,60661.0,2.0,1.0,28.0
13-01771369,60661.0,42.0,1.0,28.0
13-01764558,60661.0,2.0,1.0,28.0
13-01750858,60661.0,42.0,1.0,28.0
13-01749788,60661.0,2.0,1.0,28.0
13-01734652,60661.0,42.0,1.0,28.0
13-01725507,60661.0,42.0,12.0,28.0
13-01729743,60661.0,2.0,1.0,28.0
13-01729744,60661.0,42.0,1.0,28.0
13-01718091,60661.0,27.0,1.0,28.0
13-01718090,60661.0,27.0,1.0,28.0
13-01718026,60661.0,27.0,1.0,28.0
13-01718155,60661.0,2.0,1.0,28.0
13-01707136,60661.0,2.0,1.0,28.0
13-01707054,60661.0,2.0,1.0,28.0
13-01678208,60661.0,2.0,1.0,28.0
13-01678138,60661.0,2.0,1.0,28.0
13-01659054,60661.0,2.0,1.0,28.0
13-01659230,60661.0,27.0,1.0,28.0
13-01659221,60661.0,27.0,1.0,28.0
13-01657503,60661.0,2.0,1.0,28.0
13-01635016,60661.0,27.0,12.0,28.0
13-01633940,60661.0,42.0,1.0,28.0
13-01633975,60661.0,2.0,12.0,28.0
13-01626898,60661.0,42.0,1.0,28.0
13-01626967,60661.0,2.0,1.0,28.0
13-01626974,60661.0,42.0,1.0,28.0
13-01626987,60661.0,27.0,12.0,28.0
13-01626989,60661.0,27.0,12.0,28.0
13-01626975,60661.0,42.0,12.0,28.0
13-01627630,60661.0,27.0,12.0,28.0
13-01627665,60661.0,27.0,12.0,28.0
13-01627649,60661.0,27.0,12.0,28.0
13-01619603,60661.0,42.0,1.0,28.0
13-01619569,60661.0,27.0,12.0,28.0
13-01619665,60661.0,2.0,1.0,28.0
13-01622367,60661.0,2.0,12.0,28.0
13-01622350,60661.0,2.0,12.0,28.0
13-01622358,60661.0,27.0,1.0,28.0
13-01621119,60661.0,2.0,1.0,28.0
13-01615944,60661.0,2.0,1.0,28.0
13-01615878,60661.0,2.0,1.0,28.0
13-01615846,60661.0,42.0,1.0,28.0
13-01601323,60661.0,2.0,1.0,28.0
13-01601334,60661.0,2.0,1.0,28.0
13-01601753,60661.0,2.0,1.0,28.0
13-01601717,60661.0,2.0,1.0,28.0
13-01594272,60661.0,2.0,12.0,28.0
13-01578434,60661.0,2.0,1.0,28.0
13-01579680,60661.0,42.0,1.0,28.0
13-01579616,60661.0,42.0,1.0,28.0
13-01579774,60661.0,42.0,1.0,28.0
13-01559365,60661.0,27.0,12.0,28.0
13-01552549,60661.0,2.0,1.0,28.0
13-01544825,60661.0,42.0,1.0,28.0
13-01523790,60661.0,27.0,1.0,28.0
13-01522248,60661.0,42.0,12.0,28.0
13-01515502,60661.0,42.0,12.0,28.0
13-01516197,60661.0,27.0,12.0,28.0
13-01516678,60661.0,27.0,12.0,28.0
13-01516632,60661.0,27.0,12.0,28.0
13-01516627,60661.0,27.0,12.0,28.0
13-01516866,60661.0,27.0,12.0,28.0
13-01516793,60661.0,27.0,12.0,28.0
13-01516805,60661.0,27.0,12.0,28.0
13-01514206,60661.0,27.0,12.0,28.0
13-01524821,60661.0,27.0,12.0,28.0
13-01524811,60661.0,42.0,12.0,28.0
13-01524620,60661.0,42.0,1.0,28.0
13-01511496,60661.0,42.0,1.0,28.0
13-01510140,60661.0,42.0,12.0,28.0
13-01492382,60661.0,2.0,1.0,28.0
13-01491833,60661.0,42.0,1.0,28.0
13-01491876,60661.0,42.0,1.0,28.0
13-01488376,60661.0,27.0,12.0,28.0
13-01449908,60661.0,27.0,12.0,28.0
13-01421004,60661.0,42.0,1.0,28.0
13-01428080,60661.0,27.0,12.0,28.0
13-01402575,60661.0,27.0,12.0,28.0
13-01395604,60661.0,42.0,12.0,28.0
13-01393243,60661.0,27.0,12.0,28.0
13-01393176,60661.0,2.0,1.0,28.0
13-01393182,60661.0,2.0,1.0,28.0
13-01385899,60661.0,27.0,12.0,28.0
13-01371462,60661.0,27.0,1.0,28.0
13-01322293,60661.0,27.0,12.0,28.0
13-01322281,60661.0,27.0,12.0,28.0
13-01322334,60661.0,27.0,12.0,28.0
13-01322311,60661.0,27.0,12.0,28.0
13-01322321,60661.0,27.0,12.0,28.0
13-01322567,60661.0,27.0,12.0,28.0
13-01322545,60661.0,27.0,12.0,28.0
13-01292342,60661.0,42.0,1.0,28.0
13-01281290,60661.0,2.0,1.0,28.0
13-01287823,60661.0,2.0,1.0,28.0
13-01282128,60661.0,27.0,12.0,24.0
13-01278465,60661.0,2.0,1.0,28.0
13-01210969,60661.0,27.0,12.0,28.0
13-01209346,60661.0,27.0,1.0,28.0
13-01209373,60661.0,42.0,1.0,28.0
13-01195137,60661.0,2.0,12.0,28.0
13-01195114,60661.0,2.0,1.0,28.0
13-01159920,60661.0,27.0,12.0,28.0
13-01155410,60661.0,27.0,1.0,28.0
13-01155576,60661.0,27.0,1.0,28.0
13-01146653,60661.0,27.0,1.0,28.0
13-01134911,60661.0,42.0,1.0,28.0
13-01134880,60661.0,27.0,12.0,28.0
13-01121600,60661.0,42.0,1.0,28.0
13-01118552,60661.0,42.0,12.0,28.0
13-01116041,60661.0,42.0,12.0,28.0
13-01102474,60661.0,27.0,12.0,24.0
13-01088168,60661.0,42.0,1.0,28.0
13-01088083,60661.0,42.0,1.0,28.0
13-01088425,60661.0,42.0,1.0,28.0
13-01088375,60661.0,27.0,1.0,28.0
13-01084981,60661.0,27.0,12.0,28.0
13-01067527,60661.0,27.0,12.0,28.0
13-01067490,60661.0,27.0,12.0,28.0
13-01061662,60661.0,2.0,1.0,28.0
13-01021087,60661.0,27.0,12.0,28.0
13-01014057,60661.0,2.0,1.0,28.0
13-00991682,60661.0,27.0,12.0,28.0
13-00987281,60661.0,42.0,1.0,28.0
13-00973439,60661.0,27.0,12.0,28.0
13-00965777,60661.0,27.0,1.0,28.0
13-00920256,60661.0,42.0,1.0,28.0
13-00920267,60661.0,42.0,1.0,28.0
13-00895009,60661.0,2.0,1.0,28.0
13-00894169,60661.0,42.0,1.0,28.0
13-00894084,60661.0,27.0,1.0,28.0
13-00889053,60661.0,27.0,12.0,28.0
13-00847893,60661.0,42.0,1.0,28.0
13-00847621,60661.0,27.0,12.0,28.0
13-00828875,60661.0,27.0,12.0,28.0
13-00813284,60661.0,27.0,12.0,24.0
13-00806536,60661.0,42.0,1.0,28.0
13-00791523,60661.0,42.0,1.0,28.0
13-00790887,60661.0,42.0,1.0,28.0
13-00780857,60661.0,42.0,12.0,28.0
13-00785864,60661.0,27.0,1.0,28.0
13-00771435,60661.0,2.0,1.0,28.0
13-00764636,60661.0,2.0,1.0,28.0
13-00748025,60661.0,2.0,12.0,28.0
13-00748018,60661.0,2.0,12.0,28.0
13-00748012,60661.0,2.0,1.0,28.0
13-00748054,60661.0,2.0,12.0,28.0
13-00748087,60661.0,42.0,1.0,28.0
13-00748045,60661.0,27.0,12.0,28.0
13-00748042,60661.0,2.0,12.0,28.0
13-00748029,60661.0,2.0,12.0,28.0
13-00748093,60661.0,42.0,1.0,28.0
13-00748081,60661.0,42.0,1.0,28.0
13-00748080,60661.0,2.0,1.0,28.0
13-00748071,60661.0,2.0,1.0,28.0
13-00748060,60661.0,27.0,12.0,28.0
13-00748092,60661.0,42.0,1.0,28.0
13-00748006,60661.0,2.0,1.0,28.0
13-00737452,60661.0,42.0,12.0,28.0
13-00737466,60661.0,42.0,12.0,28.0
13-00714796,60661.0,27.0,12.0,28.0
13-00703820,60661.0,27.0,12.0,28.0
13-00703828,60661.0,27.0,12.0,28.0
13-00688488,60661.0,27.0,12.0,28.0
13-00691945,60661.0,42.0,12.0,28.0
13-00676832,60661.0,42.0,12.0,28.0
13-00676605,60661.0,42.0,12.0,28.0
13-00675946,60661.0,27.0,12.0,28.0
13-00675940,60661.0,27.0,12.0,28.0
13-00676644,60661.0,42.0,12.0,28.0
13-00668297,60661.0,27.0,12.0,24.0
13-00669661,60661.0,27.0,12.0,28.0
13-00668998,60661.0,42.0,12.0,28.0
13-00662532,60661.0,42.0,1.0,28.0
13-00662510,60661.0,42.0,1.0,28.0
13-00662549,60661.0,42.0,1.0,28.0
13-00662569,60661.0,42.0,12.0,28.0
13-00662482,60661.0,42.0,1.0,28.0
13-00670861,60661.0,27.0,12.0,28.0
13-00660220,60661.0,42.0,12.0,28.0
13-00638647,60661.0,42.0,12.0,28.0
13-00638642,60661.0,42.0,12.0,28.0
13-00642237,60661.0,42.0,1.0,28.0
13-00624459,60661.0,27.0,12.0,28.0
13-00571057,60661.0,42.0,12.0,28.0
13-00562653,60661.0,42.0,12.0,28.0
13-00562260,60661.0,2.0,1.0,28.0
13-00550941,60661.0,42.0,12.0,28.0
13-00538230,60661.0,2.0,1.0,28.0
13-00536763,60661.0,2.0,1.0,28.0
13-00525977,60661.0,42.0,1.0,28.0
13-00517030,60661.0,42.0,12.0,28.0
13-00513564,60661.0,27.0,12.0,28.0
13-00504165,60661.0,42.0,12.0,28.0
13-00502309,60661.0,2.0,1.0,28.0
13-00498090,60661.0,42.0,12.0,28.0
13-00502263,60661.0,42.0,12.0,28.0
13-00482907,60661.0,42.0,1.0,28.0
13-00464923,60661.0,27.0,12.0,28.0
13-00464915,60661.0,27.0,12.0,28.0
13-00455160,60661.0,42.0,12.0,28.0
13-00456182,60661.0,42.0,1.0,28.0
13-00441198,60661.0,42.0,1.0,28.0
13-00432746,60661.0,42.0,1.0,28.0
13-00428408,60661.0,27.0,12.0,28.0
13-00428482,60661.0,27.0,12.0,28.0
13-00428531,60661.0,27.0,12.0,28.0
13-00428425,60661.0,27.0,12.0,28.0
13-00428447,60661.0,27.0,12.0,28.0
13-00428440,60661.0,27.0,12.0,28.0
13-00428449,60661.0,27.0,12.0,28.0
13-00428464,60661.0,27.0,12.0,28.0
13-00428486,60661.0,27.0,12.0,28.0
13-00428501,60661.0,27.0,12.0,28.0
13-00428494,60661.0,27.0,12.0,28.0
13-00428509,60661.0,27.0,12.0,28.0
13-00428523,60661.0,27.0,12.0,28.0
13-00428517,60661.0,27.0,12.0,28.0
13-00428539,60661.0,27.0,12.0,28.0
13-00428738,60661.0,27.0,12.0,28.0
13-00428708,60661.0,27.0,12.0,28.0
13-00428726,60661.0,27.0,12.0,28.0
13-00428712,60661.0,27.0,12.0,28.0
13-00428762,60661.0,27.0,12.0,28.0
13-00428752,60661.0,27.0,12.0,28.0
13-00428773,60661.0,27.0,12.0,28.0
13-00428799,60661.0,27.0,12.0,28.0
13-00428781,60661.0,27.0,12.0,28.0
13-00419034,60661.0,27.0,12.0,28.0
13-00419040,60661.0,27.0,12.0,28.0
13-00419085,60661.0,27.0,1.0,28.0
13-00419103,60661.0,27.0,12.0,28.0
13-00414885,60661.0,2.0,1.0,28.0
13-00413036,60661.0,2.0,1.0,28.0
13-00402525,60661.0,42.0,12.0,28.0
13-00399519,60661.0,42.0,1.0,28.0
13-00399530,60661.0,42.0,1.0,28.0
13-00399528,60661.0,42.0,1.0,28.0
13-00399525,60661.0,42.0,1.0,28.0
13-00394219,60661.0,42.0,12.0,28.0
13-00391307,60661.0,2.0,1.0,28.0
13-00384546,60661.0,42.0,12.0,28.0
13-00381662,60661.0,42.0,1.0,28.0
13-00372004,60661.0,2.0,1.0,28.0
13-00372137,60661.0,2.0,1.0,28.0
13-00365067,60661.0,2.0,1.0,28.0
13-00359728,60661.0,42.0,12.0,28.0
13-00358864,60661.0,42.0,12.0,28.0
13-00337131,60661.0,27.0,12.0,28.0
13-00340952,60661.0,42.0,12.0,28.0
13-00330091,60661.0,42.0,1.0,28.0
13-00327398,60661.0,42.0,12.0,28.0
13-00323612,60661.0,27.0,12.0,28.0
13-00323634,60661.0,27.0,12.0,28.0
13-00315285,60661.0,2.0,1.0,28.0
13-00306547,60661.0,27.0,12.0,28.0
13-00306537,60661.0,2.0,12.0,28.0
13-00306595,60661.0,2.0,1.0,28.0
13-00306555,60661.0,2.0,1.0,28.0
13-00306568,60661.0,2.0,1.0,28.0
13-00306644,60661.0,2.0,1.0,28.0
13-00306612,60661.0,42.0,1.0,28.0
13-00306626,60661.0,42.0,1.0,28.0
13-00306637,60661.0,42.0,1.0,28.0
13-00308907,60661.0,2.0,1.0,28.0
13-00308899,60661.0,2.0,1.0,28.0
13-00300930,60661.0,42.0,12.0,28.0
13-00298659,60661.0,27.0,12.0,24.0
13-00293112,60661.0,2.0,1.0,28.0
13-00293143,60661.0,27.0,12.0,28.0
13-00284243,60661.0,42.0,12.0,28.0
13-00284263,60661.0,2.0,1.0,28.0
13-00282977,60661.0,42.0,12.0,28.0
13-00255726,60661.0,27.0,12.0,28.0
13-00255691,60661.0,27.0,12.0,28.0
13-00255687,60661.0,27.0,12.0,28.0
13-00255667,60661.0,27.0,12.0,28.0
13-00249902,60661.0,27.0,12.0,28.0
13-00249905,60661.0,27.0,12.0,28.0
13-00247567,60661.0,42.0,1.0,28.0
13-00247560,60661.0,42.0,1.0,28.0
13-00240219,60661.0,42.0,1.0,28.0
13-00240223,60661.0,42.0,1.0,28.0
13-00238642,60661.0,27.0,12.0,28.0
13-00237181,60661.0,42.0,12.0,28.0
13-00235016,60661.0,42.0,12.0,28.0
13-00234988,60661.0,27.0,12.0,28.0
13-00235007,60661.0,27.0,12.0,28.0
13-00234999,60661.0,42.0,12.0,28.0
13-00235029,60661.0,42.0,1.0,28.0
13-00226602,60661.0,27.0,12.0,28.0
13-00218533,60661.0,2.0,1.0,28.0
13-00210352,60661.0,27.0,12.0,28.0
13-00209492,60661.0,27.0,12.0,28.0
13-00208446,60661.0,27.0,12.0,28.0
13-00200751,60661.0,27.0,12.0,28.0
13-00200764,60661.0,27.0,12.0,28.0
13-00200739,60661.0,27.0,12.0,28.0
13-00200756,60661.0,27.0,12.0,28.0
13-00184999,60661.0,2.0,1.0,28.0
13-00173657,60661.0,27.0,12.0,28.0
13-00166963,60661.0,2.0,1.0,28.0
13-00154664,60661.0,27.0,1.0,28.0
13-00126356,60661.0,2.0,1.0,28.0
13-00127328,60661.0,27.0,12.0,28.0
13-00101375,60661.0,2.0,1.0,28.0
13-00101377,60661.0,2.0,1.0,28.0
13-00100885,60661.0,42.0,1.0,28.0
13-00092857,60661.0,2.0,1.0,28.0
13-00092656,60661.0,42.0,1.0,28.0
13-00092894,60661.0,2.0,1.0,28.0
13-00082084,60661.0,27.0,12.0,28.0
13-00074703,60661.0,2.0,1.0,28.0
13-00063352,60661.0,27.0,12.0,28.0
13-00023768,60661.0,27.0,1.0,28.0
13-00020789,60661.0,27.0,1.0,28.0
13-00019290,60661.0,27.0,12.0,28.0
13-00015793,60661.0,42.0,12.0,28.0
13-00012024,60661.0,27.0,12.0,28.0
12-02038277,60661.0,2.0,1.0,28.0
12-02001660,60661.0,27.0,12.0,28.0
12-02001666,60661.0,27.0,12.0,28.0
12-01996131,60661.0,27.0,12.0,28.0
12-01975438,60661.0,27.0,12.0,28.0
12-01975432,60661.0,27.0,12.0,28.0
12-01937436,60661.0,42.0,1.0,28.0
12-01918769,60661.0,27.0,12.0,24.0
12-01920964,60661.0,27.0,12.0,28.0
12-01908935,60661.0,42.0,12.0,28.0
12-01908902,60661.0,42.0,12.0,28.0
12-01909544,60661.0,42.0,12.0,28.0
12-01909540,60661.0,42.0,12.0,28.0
12-01890126,60661.0,42.0,12.0,28.0
12-01880656,60661.0,27.0,12.0,28.0
12-01865352,60661.0,27.0,12.0,28.0
12-01861766,60661.0,27.0,12.0,28.0
12-01824960,60661.0,27.0,12.0,28.0
12-01810281,60661.0,2.0,12.0,28.0
12-01772029,60661.0,27.0,12.0,28.0
12-01771986,60661.0,27.0,12.0,28.0
12-01772068,60661.0,27.0,12.0,28.0
12-01764031,60661.0,27.0,12.0,28.0
12-01763010,60661.0,2.0,1.0,28.0
12-01762995,60661.0,27.0,12.0,28.0
12-01762981,60661.0,27.0,12.0,28.0
12-01762988,60661.0,27.0,12.0,28.0
12-01763008,60661.0,27.0,12.0,28.0
12-01747947,60661.0,27.0,12.0,28.0
12-01746786,60661.0,27.0,12.0,28.0
12-01739680,60661.0,27.0,12.0,28.0
12-01725944,60661.0,42.0,12.0,28.0
12-01717261,60661.0,27.0,12.0,28.0
12-01715133,60661.0,27.0,12.0,28.0
12-01717270,60661.0,27.0,12.0,28.0
12-01717269,60661.0,27.0,12.0,28.0
12-01717263,60661.0,27.0,12.0,28.0
12-01717267,60661.0,27.0,12.0,28.0
12-01698858,60661.0,27.0,12.0,28.0
12-01694826,60661.0,27.0,12.0,28.0
12-01695937,60661.0,27.0,12.0,28.0
12-01688951,60661.0,27.0,12.0,28.0
12-01688761,60661.0,27.0,12.0,28.0
12-01685603,60661.0,42.0,12.0,28.0
12-01667267,60661.0,27.0,12.0,28.0
12-01625561,60661.0,2.0,1.0,28.0
12-01622945,60661.0,42.0,1.0,28.0
12-01611654,60661.0,2.0,1.0,28.0
12-01586109,60661.0,42.0,1.0,28.0
12-01586096,60661.0,42.0,1.0,28.0
12-01586091,60661.0,42.0,1.0,28.0
12-01582591,60661.0,2.0,1.0,28.0
12-01544183,60661.0,2.0,1.0,28.0
12-01523186,60661.0,42.0,1.0,28.0
12-01447186,60661.0,42.0,1.0,28.0
12-01424417,60661.0,42.0,1.0,28.0
12-01403572,60661.0,27.0,1.0,28.0
12-01397802,60661.0,27.0,12.0,28.0
12-01379374,60661.0,42.0,1.0,28.0
12-01360970,60661.0,42.0,1.0,28.0
12-01343038,60661.0,42.0,1.0,28.0
12-01331968,60661.0,27.0,12.0,28.0
12-01264232,60661.0,27.0,12.0,28.0
12-01247759,60661.0,42.0,1.0,28.0
12-01242669,60661.0,27.0,12.0,28.0
12-01206741,60661.0,42.0,1.0,28.0
12-01183956,60661.0,2.0,1.0,28.0
12-01186431,60661.0,2.0,1.0,28.0
12-01163931,60661.0,42.0,1.0,28.0
12-01151827,60661.0,27.0,12.0,28.0
12-01152116,60661.0,42.0,1.0,28.0
12-01091517,60661.0,2.0,1.0,28.0
12-01062244,60661.0,2.0,1.0,28.0
12-01061057,60661.0,27.0,1.0,28.0
12-00970996,60661.0,27.0,12.0,28.0
12-00971125,60661.0,42.0,12.0,28.0
12-00971103,60661.0,42.0,1.0,28.0
12-00971721,60661.0,2.0,1.0,28.0
12-00966201,60661.0,42.0,12.0,28.0
12-00965652,60661.0,27.0,12.0,28.0
12-00965641,60661.0,27.0,12.0,28.0
12-00965666,60661.0,27.0,12.0,28.0
12-00965676,60661.0,27.0,12.0,28.0
12-00965930,60661.0,2.0,1.0,28.0
12-00966005,60661.0,42.0,1.0,28.0
12-00965944,60661.0,42.0,12.0,28.0
12-00965964,60661.0,42.0,12.0,28.0
12-00966356,60661.0,42.0,12.0,28.0
12-00966121,60661.0,42.0,1.0,28.0
12-00966133,60661.0,2.0,1.0,28.0
12-00966176,60661.0,2.0,1.0,28.0
12-00966306,60661.0,42.0,12.0,28.0
12-00968052,60661.0,42.0,1.0,28.0
12-00964602,60661.0,42.0,12.0,28.0
12-00957723,60661.0,42.0,1.0,28.0
12-00957794,60661.0,42.0,1.0,28.0
12-00957772,60661.0,42.0,1.0,28.0
12-00957782,60661.0,42.0,1.0,28.0
12-00952058,60661.0,27.0,1.0,28.0
12-00949771,60661.0,27.0,12.0,28.0
12-00949471,60661.0,27.0,12.0,28.0
12-00949775,60661.0,27.0,12.0,28.0
12-00952019,60661.0,27.0,1.0,28.0
12-00936353,60661.0,27.0,12.0,28.0
12-00937442,60661.0,42.0,1.0,28.0
12-00936449,60661.0,27.0,12.0,28.0
12-00912015,60661.0,27.0,12.0,28.0
12-00912038,60661.0,27.0,12.0,28.0
12-00912056,60661.0,27.0,12.0,28.0
12-00913217,60661.0,42.0,12.0,28.0
12-00913554,60661.0,27.0,12.0,28.0
12-00915241,60661.0,27.0,12.0,28.0
12-00910215,60661.0,42.0,12.0,28.0
12-00905955,60661.0,42.0,1.0,28.0
12-00904519,60661.0,27.0,12.0,28.0
12-00897495,60661.0,42.0,1.0,28.0
12-00894817,60661.0,27.0,12.0,28.0
12-00883048,60661.0,42.0,1.0,28.0
12-00882649,60661.0,27.0,12.0,28.0
12-00875741,60661.0,27.0,12.0,28.0
12-00832640,60661.0,2.0,1.0,28.0
12-00804150,60661.0,27.0,12.0,28.0
12-00802402,60661.0,42.0,12.0,28.0
12-00794073,60661.0,27.0,1.0,28.0
12-00787250,60661.0,27.0,12.0,28.0
12-00766310,60661.0,27.0,12.0,28.0
12-00760793,60661.0,27.0,12.0,28.0
12-00701819,60661.0,27.0,12.0,28.0
12-00699203,60661.0,2.0,1.0,28.0
12-00693872,60661.0,2.0,1.0,28.0
12-00680577,60661.0,27.0,12.0,28.0
12-00664479,60661.0,27.0,12.0,24.0
12-00628532,60661.0,27.0,12.0,28.0
12-00624345,60661.0,27.0,12.0,28.0
12-00628549,60661.0,27.0,12.0,28.0
12-00617510,60661.0,2.0,1.0,28.0
12-00593883,60661.0,42.0,1.0,28.0
12-00588372,60661.0,42.0,12.0,28.0
12-00565910,60661.0,42.0,1.0,28.0
12-00569996,60661.0,27.0,12.0,28.0
12-00540632,60661.0,27.0,12.0,28.0
12-00537713,60661.0,2.0,1.0,28.0
12-00494825,60661.0,27.0,12.0,28.0
12-00400602,60661.0,2.0,1.0,28.0
12-00208752,60661.0,27.0,12.0,28.0
12-00193213,60661.0,27.0,12.0,28.0
12-00190498,60661.0,42.0,1.0,28.0
12-00129818,60661.0,42.0,1.0,28.0
12-00131982,60661.0,42.0,1.0,28.0
12-00130600,60661.0,27.0,12.0,28.0
12-00115031,60661.0,42.0,1.0,28.0
12-00108646,60661.0,42.0,1.0,28.0
12-00108654,60661.0,42.0,1.0,28.0
12-00108661,60661.0,42.0,1.0,28.0
12-00108667,60661.0,42.0,1.0,28.0
12-00093417,60661.0,42.0,1.0,28.0
12-00022011,60661.0,27.0,12.0,28.0
12-00013540,60661.0,27.0,12.0,28.0
11-04311200,60661.0,27.0,12.0,28.0
11-04283615,60661.0,42.0,12.0,28.0
11-04277432,60661.0,27.0,12.0,28.0
11-04275437,60661.0,27.0,12.0,28.0
11-04267783,60661.0,27.0,12.0,24.0
11-04221854,60661.0,27.0,12.0,28.0
11-04221851,60661.0,27.0,12.0,28.0
11-04221163,60661.0,27.0,12.0,28.0
11-04221177,60661.0,27.0,1.0,28.0
11-04195237,60661.0,27.0,12.0,28.0
11-04195263,60661.0,27.0,12.0,28.0
11-04187469,60661.0,27.0,1.0,28.0
11-04195281,60661.0,42.0,1.0,28.0
11-04181555,60661.0,42.0,1.0,28.0
11-04181547,60661.0,42.0,1.0,28.0
11-04181003,60661.0,2.0,1.0,28.0
11-04184538,60661.0,42.0,12.0,28.0
11-04181482,60661.0,27.0,12.0,28.0
11-04181495,60661.0,2.0,1.0,28.0
11-04166543,60661.0,2.0,1.0,28.0
11-04156826,60661.0,42.0,1.0,28.0
11-04140841,60661.0,42.0,12.0,28.0
11-04140881,60661.0,2.0,1.0,28.0
11-04115135,60661.0,2.0,1.0,28.0
11-04072828,60661.0,42.0,12.0,28.0
11-04050760,60661.0,27.0,12.0,28.0
11-04050738,60661.0,27.0,12.0,28.0
11-04053751,60661.0,2.0,1.0,28.0
11-04044368,60661.0,42.0,12.0,28.0
11-04033327,60661.0,27.0,12.0,28.0
11-04023211,60661.0,42.0,1.0,28.0
11-04018247,60661.0,27.0,12.0,28.0
11-04018203,60661.0,42.0,12.0,28.0
11-04018192,60661.0,42.0,12.0,28.0
11-03985248,60661.0,27.0,12.0,28.0
11-03977283,60661.0,27.0,12.0,28.0
11-03977258,60661.0,27.0,12.0,28.0
11-03977254,60661.0,27.0,12.0,28.0
11-03971150,60661.0,27.0,12.0,28.0
11-03957523,60661.0,2.0,1.0,28.0
11-03930176,60661.0,27.0,12.0,28.0
11-03918127,60661.0,27.0,12.0,28.0
11-03858738,60661.0,27.0,12.0,28.0
11-03858533,60661.0,27.0,1.0,28.0
11-03854644,60661.0,2.0,1.0,28.0
11-03845770,60661.0,27.0,12.0,28.0
11-03845758,60661.0,27.0,12.0,28.0
11-03834552,60661.0,27.0,12.0,28.0
11-03834563,60661.0,27.0,12.0,28.0
11-03823377,60661.0,27.0,12.0,28.0
11-03823388,60661.0,27.0,12.0,28.0
11-03817101,60661.0,42.0,1.0,28.0
11-03798574,60661.0,27.0,12.0,28.0
11-03783394,60661.0,27.0,12.0,28.0
11-03783362,60661.0,27.0,12.0,28.0
11-03783376,60661.0,27.0,12.0,28.0
11-03783332,60661.0,27.0,12.0,28.0
11-03778638,60661.0,42.0,1.0,28.0
11-03779072,60661.0,42.0,1.0,28.0
11-03750444,60661.0,2.0,1.0,28.0
11-03740897,60661.0,42.0,12.0,28.0
11-03735070,60661.0,27.0,1.0,28.0
11-03715229,60661.0,2.0,1.0,28.0
11-03715213,60661.0,2.0,1.0,28.0
11-03697053,60661.0,2.0,1.0,28.0
11-03697073,60661.0,2.0,1.0,28.0
11-03697055,60661.0,2.0,1.0,28.0
11-03697045,60661.0,2.0,1.0,28.0
11-03697062,60661.0,2.0,1.0,28.0
11-03699866,60661.0,2.0,1.0,28.0
11-03686987,60661.0,42.0,12.0,28.0
11-03682246,60661.0,2.0,1.0,28.0
11-03671509,60661.0,27.0,12.0,28.0
11-03671413,60661.0,27.0,12.0,28.0
11-03671587,60661.0,27.0,12.0,28.0
11-03671457,60661.0,27.0,12.0,28.0
11-03671564,60661.0,27.0,12.0,28.0
11-03671546,60661.0,27.0,12.0,28.0
11-03647628,60661.0,27.0,12.0,28.0
11-03646444,60661.0,42.0,1.0,28.0
11-03636803,60661.0,27.0,12.0,28.0
11-03627180,60661.0,27.0,12.0,28.0
11-03627430,60661.0,2.0,1.0,28.0
11-03612298,60661.0,42.0,1.0,28.0
11-03612301,60661.0,27.0,12.0,28.0
11-03615546,60661.0,2.0,1.0,28.0
11-03596904,60661.0,27.0,12.0,28.0
11-03572626,60661.0,27.0,12.0,28.0
11-03502832,60661.0,27.0,12.0,28.0
11-03502860,60661.0,27.0,12.0,28.0
11-03502845,60661.0,27.0,12.0,28.0
11-03502878,60661.0,27.0,12.0,28.0
11-03502873,60661.0,27.0,12.0,28.0
11-03502904,60661.0,27.0,12.0,28.0
11-03497548,60661.0,2.0,1.0,28.0
11-03478463,60661.0,27.0,12.0,28.0
11-03395150,60661.0,27.0,12.0,28.0
11-03381382,60661.0,27.0,12.0,28.0
11-03380342,60661.0,2.0,1.0,28.0
11-03367474,60661.0,2.0,1.0,28.0
11-03363913,60661.0,27.0,12.0,24.0
11-03363896,60661.0,27.0,12.0,28.0
11-03367190,60661.0,27.0,12.0,24.0
11-03319400,60661.0,27.0,12.0,28.0
11-03268523,60661.0,42.0,1.0,28.0
11-03268530,60661.0,42.0,1.0,28.0
11-03268512,60661.0,42.0,1.0,28.0
11-03269189,60661.0,42.0,12.0,28.0
11-03269035,60661.0,27.0,12.0,28.0
11-03269199,60661.0,42.0,1.0,28.0
11-03259338,60661.0,2.0,1.0,28.0
11-03217833,60661.0,27.0,12.0,28.0
11-03139493,60661.0,27.0,12.0,28.0
11-03141340,60661.0,27.0,12.0,28.0
11-02834917,60661.0,27.0,12.0,28.0
11-02703604,60661.0,27.0,12.0,28.0
11-02744077,60661.0,27.0,12.0,28.0
11-02744073,60661.0,27.0,12.0,28.0
11-02418876,60661.0,27.0,12.0,28.0
11-02561160,60661.0,2.0,1.0,28.0
11-02335268,60661.0,2.0,1.0,28.0
11-02335188,60661.0,42.0,1.0,28.0
11-02064204,60661.0,27.0,12.0,24.0
11-01941823,60661.0,27.0,12.0,28.0
11-01869953,60661.0,2.0,1.0,28.0
11-01831623,60661.0,27.0,12.0,28.0
11-01688399,60661.0,27.0,12.0,28.0
11-01688303,60661.0,27.0,12.0,28.0
11-01552895,60661.0,42.0,12.0,28.0
11-01625041,60661.0,42.0,12.0,28.0
11-01326482,60661.0,27.0,12.0,28.0
11-01326445,60661.0,27.0,12.0,28.0
11-01326423,60661.0,27.0,12.0,28.0
11-01326505,60661.0,27.0,12.0,28.0
11-01330008,60661.0,27.0,12.0,28.0
11-01329991,60661.0,27.0,12.0,28.0
11-01329884,60661.0,27.0,12.0,28.0
11-01329956,60661.0,27.0,12.0,28.0
11-01329907,60661.0,27.0,12.0,28.0
11-01238414,60661.0,27.0,12.0,28.0
11-01238507,60661.0,27.0,12.0,28.0
11-01238504,60661.0,27.0,12.0,28.0
11-01238464,60661.0,27.0,12.0,28.0
11-01122783,60661.0,42.0,1.0,28.0
11-01122777,60661.0,42.0,1.0,28.0
11-01122821,60661.0,2.0,1.0,28.0
11-01115514,60661.0,2.0,1.0,28.0
11-01118808,60661.0,2.0,12.0,28.0
11-01118779,60661.0,2.0,1.0,28.0
11-00846948,60661.0,27.0,12.0,28.0
11-00846900,60661.0,27.0,12.0,28.0
11-00846880,60661.0,27.0,12.0,28.0
11-00846917,60661.0,27.0,12.0,28.0
11-00750485,60661.0,27.0,1.0,28.0
11-00752932,60661.0,42.0,1.0,28.0
11-00752919,60661.0,27.0,1.0,28.0
11-00752908,60661.0,27.0,1.0,28.0
11-00753023,60661.0,27.0,12.0,28.0
11-00669501,60661.0,27.0,1.0,28.0
11-00650868,60661.0,27.0,12.0,28.0
11-00651617,60661.0,27.0,1.0,28.0
11-00503945,60661.0,2.0,1.0,28.0
11-00455858,60661.0,27.0,12.0,28.0
11-00463153,60661.0,27.0,12.0,28.0
11-00463134,60661.0,27.0,12.0,28.0
11-00463140,60661.0,27.0,12.0,28.0
11-00448225,60661.0,27.0,12.0,28.0
11-00407518,60661.0,27.0,12.0,28.0
11-00392878,60661.0,27.0,12.0,28.0
11-00364566,60661.0,27.0,12.0,28.0
11-00364547,60661.0,27.0,12.0,28.0
11-00364527,60661.0,27.0,12.0,28.0
11-00364413,60661.0,27.0,12.0,28.0
11-00342632,60661.0,27.0,12.0,28.0
11-00336392,60661.0,2.0,1.0,28.0
11-00329919,60661.0,2.0,1.0,28.0
11-00326040,60661.0,2.0,1.0,28.0
11-00303981,60661.0,2.0,1.0,28.0
11-00279197,60661.0,42.0,12.0,28.0
11-00148723,60661.0,2.0,1.0,28.0
11-00148731,60661.0,2.0,1.0,28.0
11-00143249,60661.0,2.0,1.0,28.0
11-00113091,60661.0,2.0,1.0,28.0
11-00107237,60661.0,27.0,1.0,28.0
11-00107238,60661.0,27.0,12.0,28.0
11-00107239,60661.0,27.0,12.0,28.0
11-00107242,60661.0,27.0,12.0,28.0
11-00088585,60661.0,27.0,12.0,28.0
11-00033460,60661.0,27.0,12.0,28.0
11-00033465,60661.0,27.0,12.0,28.0
11-00034305,60661.0,27.0,12.0,28.0
11-00034318,60661.0,27.0,12.0,28.0
11-00026775,60661.0,27.0,12.0,28.0
11-00026778,60661.0,27.0,12.0,28.0
