15-04875308,60707.0,29.0,25.0,18.0
15-04875285,60707.0,29.0,25.0,18.0
15-04875283,60707.0,29.0,25.0,18.0
15-04875292,60707.0,29.0,25.0,18.0
15-04875288,60707.0,29.0,25.0,18.0
15-04875502,60707.0,29.0,25.0,18.0
15-04875336,60707.0,29.0,25.0,18.0
15-04875496,60707.0,29.0,25.0,18.0
15-04875486,60707.0,29.0,25.0,18.0
15-04875387,60707.0,29.0,25.0,18.0
15-04875364,60707.0,29.0,25.0,18.0
15-04875509,60707.0,29.0,25.0,18.0
15-04876116,60707.0,29.0,25.0,18.0
15-04875923,60707.0,29.0,25.0,18.0
15-04875938,60707.0,29.0,25.0,18.0
15-04875934,60707.0,29.0,25.0,18.0
15-04875930,60707.0,29.0,25.0,18.0
15-04876000,60707.0,29.0,25.0,18.0
15-04876082,60707.0,29.0,25.0,18.0
15-04875960,60707.0,29.0,25.0,18.0
15-04875945,60707.0,29.0,25.0,18.0
15-04876049,60707.0,29.0,25.0,18.0
15-04876023,60707.0,29.0,25.0,18.0
15-04875280,60707.0,29.0,25.0,18.0
15-04875276,60707.0,29.0,25.0,18.0
15-04875266,60707.0,29.0,25.0,18.0
15-04878176,60707.0,29.0,25.0,18.0
15-04878151,60707.0,29.0,25.0,18.0
15-04878115,60707.0,29.0,25.0,18.0
15-04878082,60707.0,29.0,25.0,18.0
15-04877879,60707.0,29.0,25.0,18.0
15-04877885,60707.0,29.0,25.0,18.0
15-04878058,60707.0,29.0,25.0,18.0
15-04878206,60707.0,29.0,25.0,18.0
15-04878246,60707.0,29.0,25.0,18.0
15-04876213,60707.0,29.0,25.0,18.0
15-04876202,60707.0,29.0,25.0,18.0
15-04876180,60707.0,29.0,25.0,18.0
15-04876149,60707.0,29.0,25.0,18.0
15-04877863,60707.0,29.0,25.0,18.0
15-04877858,60707.0,29.0,25.0,18.0
15-04877844,60707.0,29.0,25.0,18.0
15-04877831,60707.0,29.0,25.0,18.0
15-04877836,60707.0,29.0,25.0,18.0
15-04877872,60707.0,29.0,25.0,18.0
15-04824289,60707.0,29.0,25.0,18.0
15-04824324,60707.0,36.0,25.0,18.0
15-04824337,60707.0,36.0,25.0,19.0
15-04826139,60707.0,29.0,25.0,18.0
15-04824285,60707.0,36.0,25.0,18.0
15-04795058,60707.0,36.0,25.0,18.0
15-04804873,60707.0,29.0,25.0,18.0
15-04737181,60707.0,36.0,25.0,18.0
15-04737175,60707.0,29.0,25.0,18.0
15-04737171,60707.0,36.0,25.0,19.0
15-04736694,60707.0,36.0,25.0,19.0
15-04697817,60707.0,29.0,25.0,17.0
15-04715373,60707.0,29.0,25.0,18.0
15-04498023,60707.0,29.0,25.0,18.0
15-04498039,60707.0,36.0,25.0,18.0
15-04497892,60707.0,29.0,25.0,25.0
15-04498021,60707.0,29.0,25.0,18.0
15-04498016,60707.0,29.0,25.0,25.0
15-04498008,60707.0,29.0,25.0,25.0
15-04409704,60707.0,36.0,25.0,18.0
15-04406062,60707.0,29.0,25.0,18.0
15-04405813,60707.0,29.0,25.0,18.0
15-04405823,60707.0,36.0,25.0,19.0
15-04405839,60707.0,29.0,25.0,18.0
15-04405836,60707.0,29.0,25.0,18.0
15-04405830,60707.0,29.0,25.0,18.0
15-04405915,60707.0,29.0,25.0,18.0
15-04405879,60707.0,29.0,25.0,18.0
15-04405996,60707.0,29.0,25.0,18.0
15-04405961,60707.0,29.0,25.0,18.0
15-04406031,60707.0,29.0,25.0,18.0
15-04406025,60707.0,36.0,25.0,18.0
15-04406023,60707.0,29.0,25.0,18.0
15-04406050,60707.0,36.0,25.0,19.0
15-04409419,60707.0,36.0,25.0,19.0
15-04409812,60707.0,36.0,25.0,19.0
15-04409773,60707.0,36.0,25.0,19.0
15-04409713,60707.0,36.0,25.0,18.0
15-04409710,60707.0,36.0,25.0,18.0
15-04409741,60707.0,36.0,25.0,19.0
15-04409720,60707.0,36.0,25.0,18.0
15-04409738,60707.0,36.0,25.0,19.0
15-04409734,60707.0,36.0,25.0,18.0
15-04407061,60707.0,36.0,25.0,19.0
15-04406043,60707.0,29.0,25.0,18.0
15-04380362,60707.0,29.0,25.0,18.0
15-04381494,60707.0,36.0,25.0,18.0
15-04381490,60707.0,36.0,25.0,18.0
15-04380369,60707.0,29.0,25.0,18.0
15-04352761,60707.0,29.0,25.0,18.0
15-04356630,60707.0,29.0,25.0,18.0
15-04306809,60707.0,29.0,25.0,18.0
15-04297917,60707.0,29.0,25.0,18.0
15-04238417,60707.0,29.0,25.0,18.0
15-04233964,60707.0,29.0,25.0,25.0
15-04243151,60707.0,36.0,25.0,19.0
15-04238715,60707.0,36.0,25.0,18.0
15-04238786,60707.0,36.0,25.0,18.0
15-04238839,60707.0,36.0,25.0,19.0
15-04243298,60707.0,36.0,25.0,19.0
15-04243285,60707.0,29.0,25.0,19.0
15-04238814,60707.0,36.0,25.0,19.0
15-04238790,60707.0,36.0,25.0,18.0
15-04221264,60707.0,29.0,25.0,18.0
15-04221233,60707.0,36.0,25.0,19.0
15-04221480,60707.0,29.0,25.0,18.0
15-04221631,60707.0,29.0,25.0,18.0
15-04221649,60707.0,29.0,25.0,18.0
15-04221660,60707.0,36.0,25.0,18.0
15-04221676,60707.0,36.0,25.0,19.0
15-04221666,60707.0,29.0,25.0,18.0
15-04190610,60707.0,29.0,25.0,25.0
15-04166438,60707.0,29.0,25.0,18.0
15-04146345,60707.0,29.0,25.0,25.0
15-04143154,60707.0,36.0,25.0,18.0
15-04146651,60707.0,29.0,25.0,25.0
15-04092795,60707.0,29.0,25.0,25.0
15-04092780,60707.0,29.0,25.0,25.0
15-04042477,60707.0,29.0,25.0,25.0
15-04018588,60707.0,29.0,25.0,25.0
15-03989994,60707.0,29.0,25.0,25.0
15-03935134,60707.0,29.0,25.0,25.0
15-03934950,60707.0,29.0,25.0,25.0
15-03890778,60707.0,29.0,25.0,25.0
15-03897814,60707.0,36.0,25.0,18.0
15-03890568,60707.0,36.0,25.0,18.0
15-03890790,60707.0,29.0,25.0,18.0
15-03890784,60707.0,29.0,25.0,18.0
15-03890561,60707.0,36.0,25.0,18.0
15-03890521,60707.0,36.0,25.0,18.0
15-03841202,60707.0,36.0,25.0,18.0
15-03836104,60707.0,29.0,25.0,18.0
15-03726270,60707.0,36.0,25.0,18.0
15-03726277,60707.0,36.0,25.0,18.0
15-03726267,60707.0,36.0,25.0,18.0
15-03726281,60707.0,36.0,25.0,18.0
15-03681688,60707.0,36.0,25.0,18.0
15-03684157,60707.0,36.0,25.0,18.0
15-03685147,60707.0,29.0,25.0,19.0
15-03681446,60707.0,36.0,25.0,18.0
15-03654867,60707.0,29.0,25.0,18.0
15-03654834,60707.0,36.0,25.0,18.0
15-03654832,60707.0,36.0,25.0,18.0
15-03654845,60707.0,29.0,25.0,18.0
15-03654846,60707.0,29.0,25.0,18.0
15-03654850,60707.0,29.0,25.0,18.0
15-03658508,60707.0,29.0,25.0,18.0
15-03654838,60707.0,36.0,25.0,18.0
15-03633473,60707.0,36.0,25.0,18.0
15-03613236,60707.0,36.0,25.0,18.0
15-03613241,60707.0,29.0,25.0,18.0
15-03613254,60707.0,29.0,25.0,18.0
15-03613231,60707.0,36.0,25.0,19.0
15-03607619,60707.0,29.0,25.0,18.0
15-03607694,60707.0,29.0,25.0,18.0
15-03586401,60707.0,29.0,25.0,25.0
15-03568030,60707.0,29.0,25.0,18.0
15-03568007,60707.0,29.0,25.0,18.0
15-03525020,60707.0,29.0,25.0,18.0
15-03521923,60707.0,36.0,25.0,19.0
15-03519640,60707.0,36.0,25.0,18.0
15-03521652,60707.0,36.0,25.0,19.0
15-03519672,60707.0,36.0,25.0,19.0
15-03519790,60707.0,36.0,25.0,19.0
15-03520895,60707.0,36.0,25.0,19.0
15-03519762,60707.0,36.0,25.0,19.0
15-03524999,60707.0,36.0,25.0,19.0
15-03519664,60707.0,36.0,25.0,18.0
15-03464274,60707.0,36.0,25.0,19.0
15-03367980,60707.0,29.0,25.0,18.0
15-03367005,60707.0,36.0,25.0,18.0
15-03306796,60707.0,36.0,25.0,18.0
15-03306782,60707.0,36.0,25.0,18.0
15-03268343,60707.0,36.0,25.0,18.0
15-03258335,60707.0,36.0,25.0,18.0
15-03110929,60707.0,36.0,25.0,19.0
15-03089814,60707.0,29.0,25.0,18.0
15-03089824,60707.0,29.0,25.0,18.0
15-02997407,60707.0,29.0,25.0,18.0
15-03002724,60707.0,29.0,25.0,18.0
15-02953502,60707.0,36.0,25.0,18.0
15-02748746,60707.0,36.0,25.0,18.0
15-02748766,60707.0,36.0,25.0,19.0
15-02748755,60707.0,29.0,25.0,18.0
15-02515472,60707.0,36.0,25.0,18.0
15-02438893,60707.0,36.0,25.0,19.0
15-02438862,60707.0,36.0,25.0,19.0
15-02438833,60707.0,36.0,25.0,19.0
15-02438971,60707.0,29.0,25.0,18.0
15-02388798,60707.0,29.0,25.0,18.0
15-02388847,60707.0,36.0,25.0,18.0
15-02324854,60707.0,36.0,25.0,18.0
15-02324816,60707.0,29.0,25.0,18.0
15-02324864,60707.0,36.0,25.0,18.0
15-02324868,60707.0,36.0,25.0,18.0
15-02277018,60707.0,36.0,25.0,18.0
15-02277077,60707.0,29.0,25.0,18.0
15-02123289,60707.0,36.0,25.0,18.0
15-02123295,60707.0,36.0,25.0,18.0
15-02073996,60707.0,36.0,25.0,19.0
15-01951395,60707.0,36.0,25.0,19.0
15-01951388,60707.0,36.0,25.0,19.0
15-01902518,60707.0,36.0,25.0,18.0
15-01897907,60707.0,36.0,25.0,18.0
15-01862287,60707.0,36.0,25.0,18.0
15-01862251,60707.0,36.0,25.0,18.0
15-01842669,60707.0,36.0,25.0,25.0
15-01811433,60707.0,36.0,25.0,18.0
15-01810254,60707.0,36.0,25.0,18.0
15-01810243,60707.0,36.0,25.0,18.0
15-01765036,60707.0,36.0,25.0,18.0
15-01765118,60707.0,36.0,25.0,18.0
15-01718926,60707.0,36.0,25.0,18.0
15-01718894,60707.0,36.0,25.0,18.0
15-01718713,60707.0,36.0,25.0,25.0
15-01718998,60707.0,36.0,25.0,19.0
15-01718984,60707.0,36.0,25.0,18.0
15-01718952,60707.0,36.0,25.0,18.0
15-01728130,60707.0,36.0,25.0,19.0
15-01728121,60707.0,36.0,25.0,18.0
15-01728175,60707.0,36.0,25.0,19.0
15-01670667,60707.0,36.0,25.0,25.0
15-01611526,60707.0,36.0,25.0,25.0
15-01552508,60707.0,36.0,25.0,18.0
15-01533581,60707.0,36.0,25.0,18.0
15-01501447,60707.0,36.0,25.0,25.0
15-01499565,60707.0,36.0,25.0,18.0
15-01508515,60707.0,36.0,25.0,18.0
15-01461132,60707.0,36.0,25.0,18.0
15-01318649,60707.0,36.0,25.0,25.0
15-01309173,60707.0,36.0,25.0,18.0
15-01300274,60707.0,36.0,25.0,25.0
15-01296159,60707.0,36.0,25.0,25.0
15-01216237,60707.0,36.0,25.0,18.0
15-01216289,60707.0,36.0,25.0,18.0
15-01207505,60707.0,36.0,25.0,18.0
15-01206800,60707.0,36.0,25.0,18.0
15-01206794,60707.0,36.0,25.0,18.0
15-01205270,60707.0,36.0,25.0,19.0
15-01087316,60707.0,36.0,25.0,18.0
15-01087308,60707.0,36.0,25.0,18.0
15-01043753,60707.0,36.0,25.0,18.0
15-01034310,60707.0,36.0,25.0,18.0
15-00958123,60707.0,36.0,25.0,19.0
15-00918333,60707.0,36.0,25.0,18.0
15-00878488,60707.0,36.0,25.0,18.0
15-00841126,60707.0,36.0,25.0,18.0
15-00839990,60707.0,36.0,25.0,18.0
15-00839995,60707.0,36.0,25.0,18.0
15-00807901,60707.0,36.0,25.0,19.0
15-00807930,60707.0,36.0,25.0,19.0
15-00810373,60707.0,36.0,25.0,18.0
15-00797423,60707.0,36.0,25.0,19.0
15-00791830,60707.0,36.0,25.0,18.0
15-00791844,60707.0,36.0,25.0,18.0
15-00790536,60707.0,36.0,25.0,18.0
15-00787233,60707.0,36.0,25.0,25.0
15-00787204,60707.0,36.0,25.0,25.0
15-00787152,60707.0,36.0,25.0,25.0
15-00787342,60707.0,36.0,25.0,18.0
15-00787336,60707.0,36.0,25.0,18.0
15-00707615,60707.0,36.0,25.0,19.0
15-00616751,60707.0,36.0,25.0,25.0
15-00431172,60707.0,36.0,25.0,18.0
15-00431182,60707.0,36.0,25.0,18.0
15-00431187,60707.0,36.0,25.0,19.0
15-00431200,60707.0,36.0,25.0,19.0
15-00426973,60707.0,36.0,25.0,25.0
15-00332921,60707.0,36.0,25.0,18.0
15-00332091,60707.0,36.0,25.0,18.0
15-00332090,60707.0,36.0,25.0,18.0
15-00330881,60707.0,36.0,25.0,19.0
15-00330877,60707.0,36.0,25.0,19.0
15-00330903,60707.0,36.0,25.0,18.0
15-00330897,60707.0,36.0,25.0,18.0
15-00330894,60707.0,36.0,25.0,18.0
15-00330891,60707.0,36.0,25.0,18.0
15-00330886,60707.0,36.0,25.0,18.0
15-00330914,60707.0,36.0,25.0,18.0
15-00330909,60707.0,36.0,25.0,18.0
15-00330916,60707.0,36.0,25.0,18.0
15-00330918,60707.0,36.0,25.0,18.0
15-00331036,60707.0,36.0,25.0,18.0
15-00331048,60707.0,36.0,25.0,19.0
15-00320649,60707.0,36.0,25.0,18.0
15-00297987,60707.0,36.0,25.0,18.0
15-00302061,60707.0,36.0,25.0,18.0
15-00299721,60707.0,36.0,25.0,18.0
15-00251762,60707.0,36.0,25.0,18.0
15-00250521,60707.0,36.0,25.0,18.0
15-00250500,60707.0,36.0,25.0,18.0
15-00250478,60707.0,36.0,25.0,18.0
15-00250576,60707.0,36.0,25.0,18.0
15-00250559,60707.0,36.0,25.0,18.0
15-00250546,60707.0,36.0,25.0,18.0
15-00250531,60707.0,36.0,25.0,18.0
15-00250536,60707.0,36.0,25.0,18.0
15-00250566,60707.0,36.0,25.0,18.0
15-00250683,60707.0,36.0,25.0,18.0
15-00250609,60707.0,36.0,25.0,18.0
15-00250645,60707.0,36.0,25.0,18.0
15-00250654,60707.0,36.0,25.0,18.0
15-00250674,60707.0,36.0,25.0,18.0
15-00233280,60707.0,36.0,25.0,19.0
15-00225696,60707.0,36.0,25.0,18.0
15-00225772,60707.0,36.0,25.0,18.0
15-00217652,60707.0,36.0,25.0,18.0
15-00209267,60707.0,36.0,25.0,18.0
15-00209257,60707.0,36.0,25.0,18.0
15-00198288,60707.0,36.0,25.0,18.0
15-00173556,60707.0,36.0,25.0,18.0
15-00174439,60707.0,36.0,25.0,18.0
15-00172533,60707.0,36.0,25.0,18.0
15-00172515,60707.0,36.0,25.0,18.0
15-00160872,60707.0,36.0,25.0,18.0
15-00160879,60707.0,36.0,25.0,18.0
15-00162448,60707.0,36.0,25.0,18.0
15-00150412,60707.0,36.0,25.0,18.0
15-00149598,60707.0,36.0,25.0,18.0
15-00152242,60707.0,36.0,25.0,18.0
15-00129482,60707.0,36.0,25.0,18.0
15-00129484,60707.0,36.0,25.0,18.0
15-00125727,60707.0,36.0,25.0,25.0
15-00125784,60707.0,36.0,25.0,18.0
15-00114253,60707.0,36.0,25.0,18.0
15-00104182,60707.0,36.0,25.0,18.0
15-00104185,60707.0,36.0,25.0,18.0
15-00105337,60707.0,36.0,25.0,18.0
15-00089557,60707.0,36.0,25.0,18.0
15-00067886,60707.0,36.0,25.0,18.0
15-00067895,60707.0,36.0,25.0,19.0
15-00067878,60707.0,36.0,25.0,18.0
15-00053635,60707.0,36.0,25.0,18.0
15-00051083,60707.0,36.0,25.0,18.0
15-00052251,60707.0,36.0,25.0,18.0
15-00052240,60707.0,36.0,25.0,18.0
15-00052222,60707.0,36.0,25.0,18.0
15-00052215,60707.0,36.0,25.0,18.0
15-00048375,60707.0,36.0,25.0,18.0
15-00049594,60707.0,36.0,25.0,18.0
15-00039875,60707.0,36.0,25.0,18.0
15-00039845,60707.0,36.0,25.0,18.0
15-00034746,60707.0,36.0,25.0,18.0
15-00034759,60707.0,36.0,25.0,18.0
15-00033998,60707.0,36.0,25.0,18.0
15-00015197,60707.0,36.0,25.0,19.0
14-02219087,60707.0,36.0,25.0,18.0
14-02219086,60707.0,36.0,25.0,18.0
14-02214978,60707.0,36.0,25.0,25.0
14-02205227,60707.0,36.0,25.0,18.0
14-02207017,60707.0,36.0,25.0,18.0
14-02206927,60707.0,36.0,25.0,25.0
14-02206905,60707.0,36.0,25.0,18.0
14-02206833,60707.0,36.0,25.0,25.0
14-02208869,60707.0,36.0,25.0,18.0
14-02198700,60707.0,36.0,25.0,19.0
14-02196774,60707.0,36.0,25.0,18.0
14-02196782,60707.0,36.0,25.0,18.0
14-02189867,60707.0,36.0,25.0,18.0
14-02184527,60707.0,36.0,25.0,18.0
14-02178136,60707.0,36.0,25.0,18.0
14-02165456,60707.0,36.0,25.0,18.0
14-02165793,60707.0,36.0,25.0,25.0
14-02132185,60707.0,36.0,25.0,18.0
14-02132104,60707.0,36.0,25.0,18.0
14-02123284,60707.0,36.0,25.0,18.0
14-02120055,60707.0,36.0,25.0,18.0
14-02116806,60707.0,36.0,25.0,18.0
14-02109342,60707.0,36.0,25.0,18.0
14-02109598,60707.0,36.0,25.0,25.0
14-02084587,60707.0,36.0,25.0,18.0
14-02059034,60707.0,36.0,25.0,18.0
14-02058264,60707.0,36.0,25.0,18.0
14-02042463,60707.0,36.0,25.0,18.0
14-02042455,60707.0,36.0,25.0,18.0
14-02041847,60707.0,36.0,25.0,18.0
14-02042409,60707.0,36.0,25.0,18.0
14-02036166,60707.0,36.0,25.0,18.0
14-02036189,60707.0,36.0,25.0,18.0
14-02036662,60707.0,36.0,25.0,18.0
14-02036691,60707.0,36.0,25.0,18.0
14-02030551,60707.0,36.0,25.0,19.0
14-02036180,60707.0,36.0,25.0,18.0
14-02024609,60707.0,36.0,25.0,18.0
14-02027391,60707.0,36.0,25.0,18.0
14-02020106,60707.0,36.0,25.0,18.0
14-02020170,60707.0,36.0,25.0,18.0
14-02018141,60707.0,36.0,25.0,18.0
14-02018117,60707.0,36.0,25.0,18.0
14-02012189,60707.0,36.0,25.0,19.0
14-01980245,60707.0,36.0,25.0,18.0
14-01980249,60707.0,36.0,25.0,18.0
14-01980255,60707.0,36.0,25.0,18.0
14-01980268,60707.0,36.0,25.0,18.0
14-01961910,60707.0,36.0,25.0,19.0
14-01961914,60707.0,36.0,25.0,19.0
14-01961946,60707.0,36.0,25.0,19.0
14-01961934,60707.0,36.0,25.0,19.0
14-01961926,60707.0,36.0,25.0,19.0
14-01961963,60707.0,36.0,25.0,19.0
14-01961954,60707.0,36.0,25.0,19.0
14-01962184,60707.0,36.0,25.0,18.0
14-01952275,60707.0,36.0,25.0,19.0
14-01949000,60707.0,36.0,25.0,19.0
14-01950373,60707.0,36.0,25.0,19.0
14-01946449,60707.0,36.0,25.0,18.0
14-01925467,60707.0,36.0,25.0,18.0
14-01917562,60707.0,36.0,25.0,18.0
14-01912263,60707.0,36.0,25.0,18.0
14-01878776,60707.0,36.0,25.0,18.0
14-01878752,60707.0,36.0,25.0,18.0
14-01871345,60707.0,36.0,25.0,18.0
14-01840980,60707.0,36.0,25.0,18.0
14-01823521,60707.0,36.0,25.0,18.0
14-01808787,60707.0,36.0,25.0,19.0
14-01791767,60707.0,36.0,25.0,18.0
14-01791765,60707.0,36.0,25.0,18.0
14-01790280,60707.0,36.0,25.0,25.0
14-01789634,60707.0,36.0,25.0,25.0
14-01781777,60707.0,36.0,25.0,18.0
14-01781771,60707.0,36.0,25.0,18.0
14-01772326,60707.0,36.0,25.0,19.0
14-01762904,60707.0,36.0,25.0,18.0
14-01766601,60707.0,36.0,25.0,18.0
14-01738161,60707.0,36.0,25.0,18.0
14-01728825,60707.0,36.0,25.0,18.0
14-01728811,60707.0,36.0,25.0,18.0
14-01731127,60707.0,36.0,25.0,18.0
14-01719993,60707.0,36.0,25.0,18.0
14-01716836,60707.0,36.0,25.0,18.0
14-01703477,60707.0,36.0,25.0,19.0
14-01705704,60707.0,36.0,25.0,18.0
14-01682601,60707.0,36.0,25.0,18.0
14-01673771,60707.0,36.0,25.0,18.0
14-01664915,60707.0,36.0,25.0,18.0
14-01648984,60707.0,36.0,25.0,18.0
14-01655034,60707.0,36.0,25.0,18.0
14-01639901,60707.0,36.0,25.0,18.0
14-01636643,60707.0,36.0,25.0,18.0
14-01630167,60707.0,36.0,25.0,18.0
14-01626682,60707.0,36.0,25.0,18.0
14-01622098,60707.0,36.0,25.0,18.0
14-01622120,60707.0,36.0,25.0,18.0
14-01610850,60707.0,36.0,25.0,18.0
14-01610222,60707.0,36.0,25.0,18.0
14-01589778,60707.0,36.0,25.0,25.0
14-01538825,60707.0,36.0,25.0,19.0
14-01538567,60707.0,36.0,25.0,18.0
14-01521879,60707.0,36.0,25.0,18.0
14-01522027,60707.0,36.0,25.0,18.0
14-01522019,60707.0,36.0,25.0,18.0
14-01508309,60707.0,36.0,25.0,18.0
14-01510284,60707.0,36.0,25.0,25.0
14-01514491,60707.0,36.0,25.0,18.0
14-01504866,60707.0,36.0,25.0,25.0
14-01507913,60707.0,36.0,25.0,18.0
14-01486613,60707.0,36.0,25.0,18.0
14-01481542,60707.0,36.0,25.0,18.0
14-01474158,60707.0,36.0,25.0,18.0
14-01475613,60707.0,36.0,25.0,18.0
14-01473481,60707.0,36.0,25.0,19.0
14-01458923,60707.0,36.0,25.0,19.0
14-01462222,60707.0,36.0,25.0,19.0
14-01464359,60707.0,36.0,25.0,18.0
14-01454054,60707.0,36.0,25.0,18.0
14-01455149,60707.0,36.0,25.0,18.0
14-01438335,60707.0,36.0,25.0,18.0
14-01439673,60707.0,36.0,25.0,18.0
14-01438315,60707.0,36.0,25.0,18.0
14-01438294,60707.0,36.0,25.0,18.0
14-01425408,60707.0,36.0,25.0,18.0
14-01431056,60707.0,36.0,25.0,18.0
14-01431134,60707.0,36.0,25.0,18.0
14-01413666,60707.0,36.0,25.0,18.0
14-01370230,60707.0,36.0,25.0,25.0
14-01346416,60707.0,36.0,25.0,19.0
14-01325971,60707.0,36.0,25.0,18.0
14-01315325,60707.0,36.0,25.0,18.0
14-01315360,60707.0,36.0,25.0,18.0
14-01315333,60707.0,36.0,25.0,18.0
14-01315357,60707.0,36.0,25.0,18.0
14-01308744,60707.0,36.0,25.0,19.0
14-01305863,60707.0,36.0,25.0,19.0
14-01300742,60707.0,36.0,25.0,19.0
14-01297659,60707.0,36.0,25.0,25.0
14-01301233,60707.0,36.0,25.0,25.0
14-01282330,60707.0,36.0,25.0,25.0
14-01285702,60707.0,36.0,25.0,25.0
14-01271620,60707.0,36.0,25.0,19.0
14-01239721,60707.0,36.0,25.0,18.0
14-01241241,60707.0,36.0,25.0,18.0
14-01234911,60707.0,36.0,25.0,18.0
14-01210579,60707.0,36.0,25.0,18.0
14-01215069,60707.0,36.0,25.0,18.0
14-01208846,60707.0,36.0,25.0,18.0
14-01203306,60707.0,36.0,25.0,18.0
14-01196010,60707.0,36.0,25.0,18.0
14-01191317,60707.0,36.0,25.0,18.0
14-01189599,60707.0,36.0,25.0,18.0
14-01160152,60707.0,36.0,25.0,18.0
14-01160214,60707.0,36.0,25.0,18.0
14-01160186,60707.0,36.0,25.0,18.0
14-01160160,60707.0,36.0,25.0,18.0
14-01160171,60707.0,36.0,25.0,18.0
14-01160210,60707.0,36.0,25.0,18.0
14-01134506,60707.0,36.0,25.0,18.0
14-01134505,60707.0,36.0,25.0,18.0
14-01132938,60707.0,36.0,25.0,18.0
14-01126539,60707.0,36.0,25.0,18.0
14-01119425,60707.0,36.0,25.0,18.0
14-01112592,60707.0,36.0,25.0,18.0
14-01109324,60707.0,36.0,25.0,18.0
14-01079945,60707.0,36.0,25.0,18.0
14-01065639,60707.0,36.0,25.0,18.0
14-01065598,60707.0,36.0,25.0,18.0
14-01065745,60707.0,36.0,25.0,18.0
14-01066050,60707.0,36.0,25.0,19.0
14-01066040,60707.0,36.0,25.0,18.0
14-01042852,60707.0,36.0,25.0,25.0
14-01013917,60707.0,36.0,25.0,18.0
14-01013904,60707.0,36.0,25.0,19.0
14-01013896,60707.0,36.0,25.0,19.0
14-01013888,60707.0,36.0,25.0,19.0
14-01013924,60707.0,36.0,25.0,18.0
14-01003592,60707.0,36.0,25.0,18.0
14-00996178,60707.0,36.0,25.0,18.0
14-00966119,60707.0,36.0,25.0,19.0
14-00966136,60707.0,36.0,25.0,19.0
14-00950226,60707.0,36.0,25.0,18.0
14-00948322,60707.0,36.0,25.0,18.0
14-00948341,60707.0,36.0,25.0,18.0
14-00953013,60707.0,36.0,25.0,17.0
14-00929850,60707.0,36.0,25.0,18.0
14-00929745,60707.0,36.0,25.0,18.0
14-00929869,60707.0,36.0,25.0,18.0
14-00929905,60707.0,36.0,25.0,18.0
14-00929900,60707.0,36.0,25.0,18.0
14-00930458,60707.0,36.0,25.0,18.0
14-00914432,60707.0,36.0,25.0,18.0
14-00870607,60707.0,36.0,25.0,25.0
14-00869151,60707.0,36.0,25.0,25.0
14-00869141,60707.0,36.0,25.0,25.0
14-00867790,60707.0,36.0,25.0,18.0
14-00867788,60707.0,36.0,25.0,18.0
14-00857486,60707.0,36.0,25.0,18.0
14-00856263,60707.0,36.0,25.0,25.0
14-00844770,60707.0,36.0,25.0,25.0
14-00826407,60707.0,36.0,25.0,19.0
14-00823043,60707.0,36.0,25.0,18.0
14-00822236,60707.0,36.0,25.0,18.0
14-00827268,60707.0,36.0,25.0,18.0
14-00805757,60707.0,36.0,25.0,18.0
14-00790939,60707.0,36.0,25.0,18.0
14-00791707,60707.0,36.0,25.0,18.0
14-00782984,60707.0,36.0,25.0,18.0
14-00780288,60707.0,36.0,25.0,18.0
14-00777829,60707.0,36.0,25.0,18.0
14-00773100,60707.0,36.0,25.0,18.0
14-00770813,60707.0,36.0,25.0,18.0
14-00760253,60707.0,36.0,25.0,18.0
14-00747164,60707.0,36.0,25.0,18.0
14-00735960,60707.0,36.0,25.0,18.0
14-00717562,60707.0,36.0,25.0,18.0
14-00717593,60707.0,36.0,25.0,18.0
14-00717560,60707.0,36.0,25.0,18.0
14-00715546,60707.0,36.0,25.0,18.0
14-00695579,60707.0,36.0,25.0,18.0
14-00689072,60707.0,36.0,25.0,18.0
14-00688784,60707.0,36.0,25.0,18.0
14-00671778,60707.0,36.0,25.0,25.0
14-00661719,60707.0,36.0,25.0,25.0
14-00648561,60707.0,36.0,25.0,19.0
14-00648551,60707.0,36.0,25.0,18.0
14-00648548,60707.0,36.0,25.0,18.0
14-00651009,60707.0,36.0,25.0,18.0
14-00651524,60707.0,36.0,25.0,18.0
14-00649199,60707.0,36.0,25.0,18.0
14-00644458,60707.0,36.0,25.0,18.0
14-00623371,60707.0,36.0,25.0,18.0
14-00614383,60707.0,36.0,25.0,18.0
14-00614274,60707.0,36.0,25.0,18.0
14-00606007,60707.0,36.0,25.0,19.0
14-00595391,60707.0,36.0,25.0,18.0
14-00589871,60707.0,36.0,25.0,18.0
14-00579890,60707.0,36.0,25.0,19.0
14-00579092,60707.0,36.0,25.0,19.0
14-00567464,60707.0,36.0,25.0,19.0
14-00563339,60707.0,36.0,25.0,18.0
14-00548795,60707.0,36.0,25.0,18.0
14-00536974,60707.0,36.0,25.0,25.0
14-00508524,60707.0,36.0,25.0,18.0
14-00471183,60707.0,36.0,25.0,18.0
14-00442611,60707.0,36.0,25.0,25.0
14-00437067,60707.0,36.0,25.0,18.0
14-00411878,60707.0,36.0,25.0,18.0
14-00384044,60707.0,36.0,25.0,18.0
14-00377772,60707.0,36.0,25.0,18.0
14-00377783,60707.0,36.0,25.0,18.0
14-00377597,60707.0,36.0,25.0,18.0
14-00364315,60707.0,36.0,25.0,18.0
14-00349507,60707.0,36.0,25.0,18.0
14-00352139,60707.0,36.0,25.0,18.0
14-00352872,60707.0,36.0,25.0,18.0
14-00343190,60707.0,36.0,25.0,18.0
14-00324891,60707.0,36.0,25.0,19.0
14-00310052,60707.0,36.0,25.0,18.0
14-00308200,60707.0,36.0,25.0,18.0
14-00307892,60707.0,36.0,25.0,19.0
14-00268621,60707.0,36.0,25.0,18.0
14-00270066,60707.0,36.0,25.0,18.0
14-00250338,60707.0,36.0,25.0,19.0
14-00249887,60707.0,36.0,25.0,18.0
14-00249812,60707.0,36.0,25.0,18.0
14-00249878,60707.0,36.0,25.0,18.0
14-00235528,60707.0,36.0,25.0,18.0
14-00226991,60707.0,36.0,25.0,18.0
14-00205220,60707.0,36.0,25.0,18.0
14-00193993,60707.0,36.0,25.0,18.0
14-00190772,60707.0,36.0,25.0,18.0
14-00186996,60707.0,36.0,25.0,18.0
14-00182401,60707.0,36.0,25.0,18.0
14-00163534,60707.0,36.0,25.0,18.0
14-00163499,60707.0,36.0,25.0,18.0
14-00156926,60707.0,36.0,25.0,18.0
14-00160095,60707.0,36.0,25.0,18.0
14-00160078,60707.0,36.0,25.0,18.0
14-00160075,60707.0,36.0,25.0,18.0
14-00144429,60707.0,36.0,25.0,25.0
14-00103315,60707.0,36.0,25.0,18.0
14-00069118,60707.0,36.0,25.0,18.0
14-00069104,60707.0,36.0,25.0,18.0
14-00069126,60707.0,36.0,25.0,18.0
14-00061346,60707.0,36.0,25.0,18.0
14-00061344,60707.0,36.0,25.0,18.0
14-00035186,60707.0,36.0,25.0,19.0
13-01908831,60707.0,36.0,25.0,18.0
13-01899211,60707.0,36.0,25.0,19.0
13-01875165,60707.0,36.0,25.0,18.0
13-01864791,60707.0,36.0,25.0,18.0
13-01864773,60707.0,36.0,25.0,18.0
13-01856935,60707.0,36.0,25.0,18.0
13-01836943,60707.0,36.0,25.0,19.0
13-01836609,60707.0,36.0,25.0,18.0
13-01836935,60707.0,36.0,25.0,18.0
13-01836737,60707.0,36.0,25.0,18.0
13-01836616,60707.0,36.0,25.0,18.0
13-01836625,60707.0,36.0,25.0,18.0
13-01824663,60707.0,36.0,25.0,18.0
13-01816598,60707.0,36.0,25.0,18.0
13-01806755,60707.0,36.0,25.0,18.0
13-01805805,60707.0,36.0,25.0,25.0
13-01798933,60707.0,36.0,25.0,19.0
13-01799101,60707.0,36.0,25.0,18.0
13-01799106,60707.0,36.0,25.0,18.0
13-01799071,60707.0,36.0,25.0,18.0
13-01798913,60707.0,36.0,25.0,19.0
13-01799063,60707.0,36.0,25.0,18.0
13-01799058,60707.0,36.0,25.0,19.0
13-01799034,60707.0,36.0,25.0,18.0
13-01799229,60707.0,36.0,25.0,19.0
13-01800136,60707.0,36.0,25.0,19.0
13-01794645,60707.0,36.0,25.0,19.0
13-01784414,60707.0,36.0,25.0,19.0
13-01783053,60707.0,36.0,25.0,18.0
13-01771690,60707.0,36.0,25.0,19.0
13-01764509,60707.0,36.0,25.0,18.0
13-01764547,60707.0,36.0,25.0,18.0
13-01753934,60707.0,36.0,25.0,19.0
13-01727504,60707.0,36.0,25.0,18.0
13-01729750,60707.0,36.0,25.0,18.0
13-01727509,60707.0,36.0,25.0,18.0
13-01726261,60707.0,36.0,25.0,18.0
13-01727034,60707.0,36.0,25.0,18.0
13-01716629,60707.0,36.0,25.0,18.0
13-01716603,60707.0,36.0,25.0,18.0
13-01701602,60707.0,36.0,25.0,18.0
13-01701565,60707.0,36.0,25.0,18.0
13-01701611,60707.0,36.0,25.0,18.0
13-01705066,60707.0,36.0,25.0,25.0
13-01684728,60707.0,36.0,25.0,18.0
13-01612676,60707.0,36.0,25.0,18.0
13-01607525,60707.0,36.0,25.0,25.0
13-01607354,60707.0,36.0,25.0,18.0
13-01607185,60707.0,36.0,25.0,18.0
13-01585820,60707.0,36.0,25.0,25.0
13-01584683,60707.0,36.0,25.0,18.0
13-01584695,60707.0,36.0,25.0,18.0
13-01577620,60707.0,36.0,25.0,18.0
13-01570020,60707.0,36.0,25.0,18.0
13-01544541,60707.0,36.0,25.0,18.0
13-01536128,60707.0,36.0,25.0,19.0
13-01532769,60707.0,36.0,25.0,25.0
13-01526913,60707.0,36.0,25.0,18.0
13-01513393,60707.0,36.0,25.0,19.0
13-01507473,60707.0,36.0,25.0,18.0
13-01507471,60707.0,36.0,25.0,18.0
13-01499014,60707.0,36.0,25.0,19.0
13-01500206,60707.0,36.0,25.0,18.0
13-01500148,60707.0,36.0,25.0,18.0
13-01489584,60707.0,36.0,25.0,18.0
13-01480399,60707.0,36.0,25.0,18.0
13-01469691,60707.0,36.0,25.0,25.0
13-01436436,60707.0,36.0,25.0,18.0
13-01436228,60707.0,36.0,25.0,18.0
13-01437658,60707.0,36.0,25.0,18.0
13-01437666,60707.0,36.0,25.0,18.0
13-01437676,60707.0,36.0,25.0,18.0
13-01403239,60707.0,36.0,25.0,18.0
13-01383430,60707.0,36.0,25.0,19.0
13-01383457,60707.0,36.0,25.0,19.0
13-01383417,60707.0,36.0,25.0,19.0
13-01383454,60707.0,36.0,25.0,19.0
13-01366341,60707.0,36.0,25.0,19.0
13-01355281,60707.0,36.0,25.0,19.0
13-01354876,60707.0,36.0,25.0,18.0
13-01355285,60707.0,36.0,25.0,19.0
13-01352461,60707.0,36.0,25.0,19.0
13-01353150,60707.0,36.0,25.0,25.0
13-01348062,60707.0,36.0,25.0,19.0
13-01312604,60707.0,36.0,25.0,19.0
13-01312592,60707.0,36.0,25.0,19.0
13-01312546,60707.0,36.0,25.0,19.0
13-01312770,60707.0,36.0,25.0,18.0
13-01312645,60707.0,36.0,25.0,19.0
13-01312665,60707.0,36.0,25.0,18.0
13-01312927,60707.0,36.0,25.0,18.0
13-01313046,60707.0,36.0,25.0,18.0
13-01312925,60707.0,36.0,25.0,18.0
13-01312775,60707.0,36.0,25.0,18.0
13-01312945,60707.0,36.0,25.0,18.0
13-01313477,60707.0,36.0,25.0,18.0
13-01291713,60707.0,36.0,25.0,19.0
13-01280571,60707.0,36.0,25.0,18.0
13-01270471,60707.0,36.0,25.0,18.0
13-01244517,60707.0,36.0,25.0,19.0
13-01217413,60707.0,36.0,25.0,19.0
13-01208572,60707.0,36.0,25.0,18.0
13-01206889,60707.0,36.0,25.0,18.0
13-01173248,60707.0,36.0,25.0,19.0
13-01170867,60707.0,36.0,25.0,25.0
13-01170751,60707.0,36.0,25.0,25.0
13-01151820,60707.0,36.0,25.0,19.0
13-01156408,60707.0,36.0,25.0,25.0
13-01149672,60707.0,36.0,25.0,18.0
13-01147057,60707.0,36.0,25.0,18.0
13-01143294,60707.0,36.0,25.0,19.0
13-01143264,60707.0,36.0,25.0,19.0
13-01134268,60707.0,36.0,25.0,17.0
13-01129334,60707.0,36.0,25.0,18.0
13-01118812,60707.0,36.0,25.0,18.0
13-01107367,60707.0,36.0,25.0,18.0
13-01098499,60707.0,36.0,25.0,18.0
13-01099440,60707.0,36.0,25.0,18.0
13-00996798,60707.0,36.0,25.0,19.0
13-00979578,60707.0,36.0,25.0,25.0
13-00976970,60707.0,36.0,25.0,25.0
13-00972211,60707.0,36.0,25.0,25.0
13-00936006,60707.0,36.0,25.0,25.0
13-00919441,60707.0,36.0,25.0,19.0
13-00916363,60707.0,36.0,25.0,18.0
13-00894322,60707.0,36.0,25.0,18.0
13-00865890,60707.0,36.0,25.0,18.0
13-00873305,60707.0,36.0,25.0,18.0
13-00870115,60707.0,36.0,25.0,25.0
13-00858163,60707.0,36.0,25.0,18.0
13-00858162,60707.0,36.0,25.0,18.0
13-00858140,60707.0,36.0,25.0,19.0
13-00858136,60707.0,36.0,25.0,19.0
13-00851179,60707.0,36.0,25.0,18.0
13-00848038,60707.0,36.0,25.0,18.0
13-00851192,60707.0,36.0,25.0,18.0
13-00809193,60707.0,36.0,25.0,18.0
13-00813551,60707.0,36.0,25.0,18.0
13-00797773,60707.0,36.0,25.0,19.0
13-00775675,60707.0,36.0,25.0,18.0
13-00772255,60707.0,36.0,25.0,25.0
13-00772233,60707.0,36.0,25.0,25.0
13-00771777,60707.0,36.0,25.0,25.0
13-00762800,60707.0,36.0,25.0,25.0
13-00762802,60707.0,36.0,25.0,25.0
13-00759174,60707.0,36.0,25.0,18.0
13-00757242,60707.0,36.0,25.0,19.0
13-00747927,60707.0,36.0,25.0,18.0
13-00721251,60707.0,36.0,25.0,18.0
13-00709126,60707.0,36.0,25.0,18.0
13-00707640,60707.0,36.0,25.0,18.0
13-00687457,60707.0,36.0,25.0,18.0
13-00682072,60707.0,36.0,25.0,18.0
13-00646151,60707.0,36.0,25.0,18.0
13-00646481,60707.0,36.0,25.0,18.0
13-00631952,60707.0,36.0,25.0,25.0
13-00606713,60707.0,36.0,25.0,18.0
13-00587529,60707.0,36.0,25.0,18.0
13-00569500,60707.0,36.0,25.0,18.0
13-00569533,60707.0,36.0,25.0,18.0
13-00566726,60707.0,36.0,25.0,25.0
13-00560574,60707.0,36.0,25.0,25.0
13-00550574,60707.0,36.0,25.0,18.0
13-00520881,60707.0,36.0,25.0,19.0
13-00520468,60707.0,36.0,25.0,25.0
13-00520162,60707.0,36.0,25.0,25.0
13-00507345,60707.0,36.0,25.0,25.0
13-00508843,60707.0,36.0,25.0,25.0
13-00506271,60707.0,36.0,25.0,25.0
13-00504510,60707.0,36.0,25.0,25.0
13-00499844,60707.0,36.0,25.0,18.0
13-00499869,60707.0,36.0,25.0,19.0
13-00491688,60707.0,36.0,25.0,25.0
13-00482121,60707.0,36.0,25.0,18.0
13-00466697,60707.0,36.0,25.0,25.0
13-00450718,60707.0,36.0,25.0,19.0
13-00450520,60707.0,36.0,25.0,19.0
13-00436589,60707.0,36.0,25.0,19.0
13-00414776,60707.0,36.0,25.0,25.0
13-00405980,60707.0,36.0,25.0,19.0
13-00402806,60707.0,36.0,25.0,18.0
13-00400686,60707.0,36.0,25.0,18.0
13-00400785,60707.0,36.0,25.0,18.0
13-00401644,60707.0,36.0,25.0,18.0
13-00401717,60707.0,36.0,25.0,18.0
13-00401691,60707.0,36.0,25.0,18.0
13-00401682,60707.0,36.0,25.0,18.0
13-00401748,60707.0,36.0,25.0,25.0
13-00402947,60707.0,36.0,25.0,25.0
13-00389396,60707.0,36.0,25.0,18.0
13-00383406,60707.0,36.0,25.0,18.0
13-00383417,60707.0,36.0,25.0,18.0
13-00377618,60707.0,36.0,25.0,18.0
13-00365348,60707.0,36.0,25.0,18.0
13-00367746,60707.0,36.0,25.0,18.0
13-00369835,60707.0,36.0,25.0,18.0
13-00357354,60707.0,36.0,25.0,18.0
13-00347748,60707.0,36.0,25.0,18.0
13-00348172,60707.0,36.0,25.0,18.0
13-00343488,60707.0,36.0,25.0,18.0
13-00343485,60707.0,36.0,25.0,18.0
13-00346319,60707.0,36.0,25.0,25.0
13-00337100,60707.0,36.0,25.0,18.0
13-00333955,60707.0,36.0,25.0,18.0
13-00324952,60707.0,36.0,25.0,25.0
13-00322130,60707.0,36.0,25.0,18.0
13-00320509,60707.0,36.0,25.0,19.0
13-00314304,60707.0,36.0,25.0,25.0
13-00317006,60707.0,36.0,25.0,25.0
13-00308074,60707.0,36.0,25.0,25.0
13-00296991,60707.0,36.0,25.0,18.0
13-00296981,60707.0,36.0,25.0,18.0
13-00291867,60707.0,36.0,25.0,25.0
13-00292591,60707.0,36.0,25.0,18.0
13-00289082,60707.0,36.0,25.0,25.0
13-00273813,60707.0,36.0,25.0,25.0
13-00273766,60707.0,36.0,25.0,25.0
13-00277135,60707.0,36.0,25.0,18.0
13-00277124,60707.0,36.0,25.0,18.0
13-00268639,60707.0,36.0,25.0,19.0
13-00268654,60707.0,36.0,25.0,19.0
13-00268686,60707.0,36.0,25.0,25.0
13-00265479,60707.0,36.0,25.0,18.0
13-00263646,60707.0,36.0,25.0,18.0
13-00263637,60707.0,36.0,25.0,18.0
13-00263651,60707.0,36.0,25.0,18.0
13-00263545,60707.0,36.0,25.0,19.0
13-00264420,60707.0,36.0,25.0,25.0
13-00258922,60707.0,36.0,25.0,18.0
13-00263187,60707.0,36.0,25.0,25.0
13-00254796,60707.0,36.0,25.0,18.0
13-00254811,60707.0,36.0,25.0,18.0
13-00254803,60707.0,36.0,25.0,25.0
13-00254817,60707.0,36.0,25.0,18.0
13-00254828,60707.0,36.0,25.0,18.0
13-00248802,60707.0,36.0,25.0,25.0
13-00248844,60707.0,36.0,25.0,18.0
13-00248828,60707.0,36.0,25.0,18.0
13-00248855,60707.0,36.0,25.0,25.0
13-00246114,60707.0,36.0,25.0,18.0
13-00246324,60707.0,36.0,25.0,18.0
13-00246106,60707.0,36.0,25.0,18.0
13-00246093,60707.0,36.0,25.0,18.0
13-00246049,60707.0,36.0,25.0,18.0
13-00246152,60707.0,36.0,25.0,18.0
13-00247541,60707.0,36.0,25.0,18.0
13-00247506,60707.0,36.0,25.0,18.0
13-00245190,60707.0,36.0,25.0,25.0
13-00246127,60707.0,36.0,25.0,18.0
13-00243145,60707.0,36.0,25.0,18.0
13-00242088,60707.0,36.0,25.0,18.0
13-00241656,60707.0,36.0,25.0,18.0
13-00240517,60707.0,36.0,25.0,25.0
13-00238933,60707.0,36.0,25.0,18.0
13-00235057,60707.0,36.0,25.0,18.0
13-00229563,60707.0,36.0,25.0,25.0
13-00229700,60707.0,36.0,25.0,25.0
13-00229618,60707.0,36.0,25.0,18.0
13-00230568,60707.0,36.0,25.0,18.0
13-00229666,60707.0,36.0,25.0,18.0
13-00224932,60707.0,36.0,25.0,18.0
13-00221614,60707.0,36.0,25.0,18.0
13-00215966,60707.0,36.0,25.0,25.0
13-00214860,60707.0,36.0,25.0,25.0
13-00215103,60707.0,36.0,25.0,18.0
13-00212460,60707.0,36.0,25.0,18.0
13-00202744,60707.0,36.0,25.0,18.0
13-00202675,60707.0,36.0,25.0,19.0
13-00202654,60707.0,36.0,25.0,19.0
13-00202200,60707.0,36.0,25.0,18.0
13-00202719,60707.0,36.0,25.0,19.0
13-00196928,60707.0,36.0,25.0,25.0
13-00196924,60707.0,36.0,25.0,25.0
13-00196920,60707.0,36.0,25.0,25.0
13-00187218,60707.0,36.0,25.0,25.0
13-00188095,60707.0,36.0,25.0,25.0
13-00185452,60707.0,36.0,25.0,25.0
13-00168746,60707.0,36.0,25.0,18.0
13-00170229,60707.0,36.0,25.0,18.0
13-00170272,60707.0,36.0,25.0,25.0
13-00170540,60707.0,36.0,25.0,25.0
13-00171008,60707.0,36.0,25.0,25.0
13-00171004,60707.0,36.0,25.0,25.0
13-00164702,60707.0,36.0,25.0,18.0
13-00164701,60707.0,36.0,25.0,18.0
13-00164709,60707.0,36.0,25.0,18.0
13-00164716,60707.0,36.0,25.0,18.0
13-00164739,60707.0,36.0,25.0,18.0
13-00164725,60707.0,36.0,25.0,18.0
13-00164735,60707.0,36.0,25.0,18.0
13-00164760,60707.0,36.0,25.0,18.0
13-00164753,60707.0,36.0,25.0,18.0
13-00164787,60707.0,36.0,25.0,18.0
13-00164772,60707.0,36.0,25.0,18.0
13-00164766,60707.0,36.0,25.0,18.0
13-00164773,60707.0,36.0,25.0,18.0
13-00164784,60707.0,36.0,25.0,18.0
13-00164779,60707.0,36.0,25.0,18.0
13-00164808,60707.0,36.0,25.0,19.0
13-00164806,60707.0,36.0,25.0,18.0
13-00165191,60707.0,36.0,25.0,18.0
13-00158672,60707.0,36.0,25.0,25.0
13-00158947,60707.0,36.0,25.0,25.0
13-00160789,60707.0,36.0,25.0,25.0
13-00161802,60707.0,36.0,25.0,25.0
13-00162988,60707.0,36.0,25.0,25.0
13-00163690,60707.0,36.0,25.0,25.0
13-00153715,60707.0,36.0,25.0,18.0
13-00153725,60707.0,36.0,25.0,18.0
13-00145468,60707.0,36.0,25.0,18.0
13-00145478,60707.0,36.0,25.0,18.0
13-00145494,60707.0,36.0,25.0,25.0
13-00124130,60707.0,36.0,25.0,25.0
13-00093742,60707.0,36.0,25.0,25.0
13-00085971,60707.0,36.0,25.0,25.0
13-00078581,60707.0,36.0,25.0,18.0
13-00072373,60707.0,36.0,25.0,18.0
13-00073964,60707.0,36.0,25.0,18.0
13-00049845,60707.0,36.0,25.0,19.0
13-00042807,60707.0,36.0,25.0,18.0
13-00043888,60707.0,36.0,25.0,18.0
13-00043912,60707.0,36.0,25.0,19.0
13-00042857,60707.0,36.0,25.0,18.0
13-00042777,60707.0,36.0,25.0,25.0
13-00032345,60707.0,36.0,25.0,18.0
13-00029438,60707.0,36.0,25.0,18.0
13-00030957,60707.0,36.0,25.0,25.0
13-00021266,60707.0,36.0,25.0,18.0
13-00009888,60707.0,36.0,25.0,18.0
13-00005059,60707.0,36.0,25.0,19.0
13-00005475,60707.0,36.0,25.0,19.0
12-02041189,60707.0,36.0,25.0,19.0
12-02039683,60707.0,36.0,25.0,19.0
12-02023937,60707.0,36.0,25.0,25.0
12-02018870,60707.0,36.0,25.0,18.0
12-02005726,60707.0,36.0,25.0,25.0
12-02005427,60707.0,36.0,25.0,19.0
12-01996132,60707.0,36.0,25.0,18.0
12-01991867,60707.0,36.0,25.0,18.0
12-01987409,60707.0,36.0,25.0,18.0
12-01987725,60707.0,36.0,25.0,25.0
12-01986058,60707.0,36.0,25.0,25.0
12-01989983,60707.0,36.0,25.0,25.0
12-01959958,60707.0,36.0,25.0,18.0
12-01961514,60707.0,36.0,25.0,18.0
12-01963708,60707.0,36.0,25.0,18.0
12-01963697,60707.0,36.0,25.0,18.0
12-01963694,60707.0,36.0,25.0,18.0
12-01959954,60707.0,36.0,25.0,18.0
12-01961082,60707.0,36.0,25.0,17.0
12-01956718,60707.0,36.0,25.0,18.0
12-01955436,60707.0,36.0,25.0,18.0
12-01958650,60707.0,36.0,25.0,18.0
12-01949451,60707.0,36.0,25.0,18.0
12-01948403,60707.0,36.0,25.0,18.0
12-01948415,60707.0,36.0,25.0,18.0
12-01949436,60707.0,36.0,25.0,18.0
12-01944045,60707.0,36.0,25.0,18.0
12-01893255,60707.0,36.0,25.0,18.0
12-01886924,60707.0,36.0,25.0,18.0
12-01860323,60707.0,36.0,25.0,18.0
12-01856738,60707.0,36.0,25.0,18.0
12-01846258,60707.0,36.0,25.0,18.0
12-01842739,60707.0,36.0,25.0,18.0
12-01830155,60707.0,36.0,25.0,18.0
12-01832980,60707.0,36.0,25.0,18.0
12-01820409,60707.0,36.0,25.0,18.0
12-01820404,60707.0,36.0,25.0,18.0
12-01798228,60707.0,36.0,25.0,18.0
12-01768019,60707.0,36.0,25.0,25.0
12-01720573,60707.0,36.0,25.0,18.0
12-01719135,60707.0,36.0,25.0,18.0
12-01693524,60707.0,36.0,25.0,18.0
12-01689965,60707.0,36.0,25.0,19.0
12-01688832,60707.0,36.0,25.0,19.0
12-01678684,60707.0,36.0,25.0,18.0
12-01680430,60707.0,36.0,25.0,25.0
12-01671896,60707.0,36.0,25.0,18.0
12-01675841,60707.0,36.0,25.0,25.0
12-01676827,60707.0,36.0,25.0,25.0
12-01667795,60707.0,36.0,25.0,18.0
12-01661607,60707.0,36.0,25.0,18.0
12-01650892,60707.0,36.0,25.0,18.0
12-01651273,60707.0,36.0,25.0,18.0
12-01643555,60707.0,36.0,25.0,18.0
12-01643557,60707.0,36.0,25.0,18.0
12-01629547,60707.0,36.0,25.0,18.0
12-01625864,60707.0,36.0,25.0,18.0
12-01629540,60707.0,36.0,25.0,18.0
12-01629530,60707.0,36.0,25.0,18.0
12-01630088,60707.0,36.0,25.0,18.0
12-01615187,60707.0,36.0,25.0,18.0
12-01615657,60707.0,36.0,25.0,18.0
12-01613100,60707.0,36.0,25.0,18.0
12-01600933,60707.0,36.0,25.0,18.0
12-01593686,60707.0,36.0,25.0,25.0
12-01593705,60707.0,36.0,25.0,25.0
12-01584236,60707.0,36.0,25.0,18.0
12-01552335,60707.0,36.0,25.0,18.0
12-01552339,60707.0,36.0,25.0,18.0
12-01534677,60707.0,36.0,25.0,18.0
12-01534701,60707.0,36.0,25.0,18.0
12-01534684,60707.0,36.0,25.0,18.0
12-01519965,60707.0,36.0,25.0,25.0
12-01520314,60707.0,36.0,25.0,25.0
12-01519967,60707.0,36.0,25.0,25.0
12-01515719,60707.0,36.0,25.0,18.0
12-01515710,60707.0,36.0,25.0,18.0
12-01508725,60707.0,36.0,25.0,18.0
12-01508052,60707.0,36.0,25.0,18.0
12-01503464,60707.0,36.0,25.0,19.0
12-01503396,60707.0,36.0,25.0,19.0
12-01487900,60707.0,36.0,25.0,18.0
12-01488204,60707.0,36.0,25.0,18.0
12-01488221,60707.0,36.0,25.0,18.0
12-01481331,60707.0,36.0,25.0,19.0
12-01484874,60707.0,36.0,25.0,18.0
12-01477639,60707.0,36.0,25.0,18.0
12-01478574,60707.0,36.0,25.0,18.0
12-01476592,60707.0,36.0,25.0,18.0
12-01476549,60707.0,36.0,25.0,18.0
12-01475860,60707.0,36.0,25.0,18.0
12-01476594,60707.0,36.0,25.0,19.0
12-01472857,60707.0,36.0,25.0,25.0
12-01470382,60707.0,36.0,25.0,18.0
12-01463914,60707.0,36.0,25.0,18.0
12-01463906,60707.0,36.0,25.0,18.0
12-01463884,60707.0,36.0,25.0,18.0
12-01456265,60707.0,36.0,25.0,18.0
12-01462027,60707.0,36.0,25.0,18.0
12-01460771,60707.0,36.0,25.0,19.0
12-01458699,60707.0,36.0,25.0,18.0
12-01424186,60707.0,36.0,25.0,18.0
12-01421652,60707.0,36.0,25.0,19.0
12-01421663,60707.0,36.0,25.0,19.0
12-01414885,60707.0,36.0,25.0,18.0
12-01412764,60707.0,36.0,25.0,18.0
12-01398657,60707.0,36.0,25.0,19.0
12-01398659,60707.0,36.0,25.0,19.0
12-01399666,60707.0,36.0,25.0,18.0
12-01375729,60707.0,36.0,25.0,18.0
12-01376217,60707.0,36.0,25.0,18.0
12-01376186,60707.0,36.0,25.0,18.0
12-01379450,60707.0,36.0,25.0,18.0
12-01322673,60707.0,36.0,25.0,18.0
12-01301040,60707.0,36.0,25.0,25.0
12-01296613,60707.0,36.0,25.0,18.0
12-01300659,60707.0,36.0,25.0,25.0
12-01295358,60707.0,36.0,25.0,19.0
12-01295355,60707.0,36.0,25.0,19.0
12-01273681,60707.0,36.0,25.0,19.0
12-01273495,60707.0,36.0,25.0,18.0
12-01273003,60707.0,36.0,25.0,19.0
12-01278985,60707.0,36.0,25.0,18.0
12-01269892,60707.0,36.0,25.0,18.0
12-01269538,60707.0,36.0,25.0,18.0
12-01260626,60707.0,36.0,25.0,18.0
12-01252654,60707.0,36.0,25.0,19.0
12-01257467,60707.0,36.0,25.0,18.0
12-01238686,60707.0,36.0,25.0,18.0
12-01230376,60707.0,36.0,25.0,18.0
12-01233862,60707.0,36.0,25.0,18.0
12-01225562,60707.0,36.0,25.0,18.0
12-01222855,60707.0,36.0,25.0,18.0
12-01225546,60707.0,36.0,25.0,18.0
12-01201210,60707.0,36.0,25.0,18.0
12-01202785,60707.0,36.0,25.0,18.0
12-01191837,60707.0,36.0,25.0,25.0
12-01183884,60707.0,36.0,25.0,18.0
12-01174633,60707.0,36.0,25.0,18.0
12-01174624,60707.0,36.0,25.0,19.0
12-01163323,60707.0,36.0,25.0,18.0
12-01168293,60707.0,36.0,25.0,18.0
12-01159551,60707.0,36.0,25.0,25.0
12-01158688,60707.0,36.0,25.0,18.0
12-01152044,60707.0,36.0,25.0,18.0
12-01142725,60707.0,36.0,25.0,18.0
12-01136743,60707.0,36.0,25.0,18.0
12-01129525,60707.0,36.0,25.0,25.0
12-01129551,60707.0,36.0,25.0,25.0
12-01129572,60707.0,36.0,25.0,25.0
12-01129564,60707.0,36.0,25.0,25.0
12-01127177,60707.0,36.0,25.0,18.0
12-01111772,60707.0,36.0,25.0,25.0
12-01098261,60707.0,36.0,25.0,19.0
12-01098259,60707.0,36.0,25.0,19.0
12-01079383,60707.0,36.0,25.0,18.0
12-01078415,60707.0,36.0,25.0,19.0
12-01076518,60707.0,36.0,25.0,18.0
12-01056755,60707.0,36.0,25.0,18.0
12-01062235,60707.0,36.0,25.0,19.0
12-01062237,60707.0,36.0,25.0,19.0
12-01055501,60707.0,36.0,25.0,18.0
12-01052423,60707.0,36.0,25.0,18.0
12-01052503,60707.0,36.0,25.0,18.0
12-01046504,60707.0,36.0,25.0,18.0
12-01040069,60707.0,36.0,25.0,18.0
12-01034283,60707.0,36.0,25.0,19.0
12-01034285,60707.0,36.0,25.0,19.0
12-01039149,60707.0,36.0,25.0,18.0
12-01035435,60707.0,36.0,25.0,19.0
12-01027829,60707.0,36.0,25.0,19.0
12-01028020,60707.0,36.0,25.0,18.0
12-01009786,60707.0,36.0,25.0,18.0
12-01008812,60707.0,36.0,25.0,18.0
12-00987559,60707.0,36.0,25.0,19.0
12-00987567,60707.0,36.0,25.0,19.0
12-00987463,60707.0,36.0,25.0,19.0
12-00985129,60707.0,36.0,25.0,19.0
12-00982206,60707.0,36.0,25.0,18.0
12-00972108,60707.0,36.0,25.0,19.0
12-00969617,60707.0,36.0,25.0,19.0
12-00957906,60707.0,36.0,25.0,18.0
12-00956394,60707.0,36.0,25.0,19.0
12-00960239,60707.0,36.0,25.0,25.0
12-00960663,60707.0,36.0,25.0,19.0
12-00951282,60707.0,36.0,25.0,18.0
12-00950315,60707.0,36.0,25.0,19.0
12-00947353,60707.0,36.0,25.0,19.0
12-00948277,60707.0,36.0,25.0,18.0
12-00931412,60707.0,36.0,25.0,18.0
12-00932941,60707.0,36.0,25.0,19.0
12-00932947,60707.0,36.0,25.0,19.0
12-00932955,60707.0,36.0,25.0,19.0
12-00937595,60707.0,36.0,25.0,18.0
12-00936710,60707.0,36.0,25.0,18.0
12-00937657,60707.0,36.0,25.0,18.0
12-00921481,60707.0,36.0,25.0,19.0
12-00913060,60707.0,36.0,25.0,18.0
12-00912813,60707.0,36.0,25.0,18.0
12-00914780,60707.0,36.0,25.0,18.0
12-00910446,60707.0,36.0,25.0,18.0
12-00914863,60707.0,36.0,25.0,18.0
12-00909787,60707.0,36.0,25.0,18.0
12-00905618,60707.0,36.0,25.0,25.0
12-00903394,60707.0,36.0,25.0,18.0
12-00903389,60707.0,36.0,25.0,18.0
12-00903413,60707.0,36.0,25.0,18.0
12-00898718,60707.0,36.0,25.0,25.0
12-00898614,60707.0,36.0,25.0,18.0
12-00898760,60707.0,36.0,25.0,18.0
12-00898668,60707.0,36.0,25.0,25.0
12-00898649,60707.0,36.0,25.0,19.0
12-00898742,60707.0,36.0,25.0,19.0
12-00898693,60707.0,36.0,25.0,19.0
12-00889813,60707.0,36.0,25.0,25.0
12-00891642,60707.0,36.0,25.0,25.0
12-00892675,60707.0,36.0,25.0,19.0
12-00893147,60707.0,36.0,25.0,25.0
12-00890673,60707.0,36.0,25.0,25.0
12-00890665,60707.0,36.0,25.0,25.0
12-00890680,60707.0,36.0,25.0,25.0
12-00890693,60707.0,36.0,25.0,25.0
12-00890686,60707.0,36.0,25.0,25.0
12-00891618,60707.0,36.0,25.0,25.0
12-00891629,60707.0,36.0,25.0,25.0
12-00891314,60707.0,36.0,25.0,25.0
12-00891610,60707.0,36.0,25.0,25.0
12-00891601,60707.0,36.0,25.0,25.0
12-00891378,60707.0,36.0,25.0,25.0
12-00891363,60707.0,36.0,25.0,25.0
12-00891472,60707.0,36.0,25.0,25.0
12-00891512,60707.0,36.0,25.0,25.0
12-00889510,60707.0,36.0,25.0,18.0
12-00890291,60707.0,36.0,25.0,25.0
12-00892674,60707.0,36.0,25.0,19.0
12-00882269,60707.0,36.0,25.0,25.0
12-00872246,60707.0,36.0,25.0,25.0
12-00863378,60707.0,36.0,25.0,18.0
12-00863436,60707.0,36.0,25.0,18.0
12-00863581,60707.0,36.0,25.0,25.0
12-00863637,60707.0,36.0,25.0,18.0
12-00863620,60707.0,36.0,25.0,18.0
12-00856960,60707.0,36.0,25.0,19.0
12-00856957,60707.0,36.0,25.0,18.0
12-00856991,60707.0,36.0,25.0,18.0
12-00856996,60707.0,36.0,25.0,18.0
12-00856983,60707.0,36.0,25.0,18.0
12-00857002,60707.0,36.0,25.0,18.0
12-00849923,60707.0,36.0,25.0,25.0
12-00833532,60707.0,36.0,25.0,18.0
12-00832889,60707.0,36.0,25.0,18.0
12-00815110,60707.0,36.0,25.0,18.0
12-00781174,60707.0,36.0,25.0,18.0
12-00781177,60707.0,36.0,25.0,18.0
12-00764133,60707.0,36.0,25.0,18.0
12-00758587,60707.0,36.0,25.0,25.0
12-00751267,60707.0,36.0,25.0,18.0
12-00751257,60707.0,36.0,25.0,18.0
12-00751770,60707.0,36.0,25.0,18.0
12-00751782,60707.0,36.0,25.0,18.0
12-00751800,60707.0,36.0,25.0,18.0
12-00749949,60707.0,36.0,25.0,19.0
12-00739808,60707.0,36.0,25.0,18.0
12-00733775,60707.0,36.0,25.0,19.0
12-00735010,60707.0,36.0,25.0,18.0
12-00735018,60707.0,36.0,25.0,25.0
12-00734974,60707.0,36.0,25.0,25.0
12-00737786,60707.0,36.0,25.0,25.0
12-00721676,60707.0,36.0,25.0,18.0
12-00721763,60707.0,36.0,25.0,18.0
12-00718702,60707.0,36.0,25.0,18.0
12-00711967,60707.0,36.0,25.0,25.0
12-00704124,60707.0,36.0,25.0,25.0
12-00703203,60707.0,36.0,25.0,18.0
12-00692678,60707.0,36.0,25.0,25.0
12-00681816,60707.0,36.0,25.0,18.0
12-00681794,60707.0,36.0,25.0,18.0
12-00682156,60707.0,36.0,25.0,25.0
12-00679455,60707.0,36.0,25.0,18.0
12-00669184,60707.0,36.0,25.0,18.0
12-00666748,60707.0,36.0,25.0,18.0
12-00666738,60707.0,36.0,25.0,25.0
12-00665509,60707.0,36.0,25.0,18.0
12-00660540,60707.0,36.0,25.0,18.0
12-00661147,60707.0,36.0,25.0,18.0
12-00663772,60707.0,36.0,25.0,18.0
12-00633160,60707.0,36.0,25.0,19.0
12-00630781,60707.0,36.0,25.0,18.0
12-00629774,60707.0,36.0,25.0,18.0
12-00611611,60707.0,36.0,25.0,18.0
12-00611629,60707.0,36.0,25.0,18.0
12-00596663,60707.0,36.0,25.0,18.0
12-00598897,60707.0,36.0,25.0,18.0
12-00601962,60707.0,36.0,25.0,18.0
12-00566966,60707.0,36.0,25.0,19.0
12-00567283,60707.0,36.0,25.0,18.0
12-00567270,60707.0,36.0,25.0,18.0
12-00567294,60707.0,36.0,25.0,18.0
12-00567634,60707.0,36.0,25.0,19.0
12-00567631,60707.0,36.0,25.0,19.0
12-00568587,60707.0,36.0,25.0,19.0
12-00558151,60707.0,36.0,25.0,18.0
12-00535595,60707.0,36.0,25.0,19.0
12-00497367,60707.0,36.0,25.0,19.0
12-00505187,60707.0,36.0,25.0,19.0
12-00319930,60707.0,36.0,25.0,19.0
12-00290970,60707.0,36.0,25.0,25.0
12-00209225,60707.0,36.0,25.0,18.0
12-00208981,60707.0,36.0,25.0,19.0
12-00209251,60707.0,36.0,25.0,18.0
12-00204682,60707.0,36.0,25.0,18.0
12-00198033,60707.0,36.0,25.0,19.0
12-00198010,60707.0,36.0,25.0,19.0
12-00193640,60707.0,36.0,25.0,18.0
12-00192669,60707.0,36.0,25.0,19.0
12-00192835,60707.0,36.0,25.0,18.0
12-00192833,60707.0,36.0,25.0,18.0
12-00192831,60707.0,36.0,25.0,18.0
12-00189218,60707.0,36.0,25.0,18.0
12-00189216,60707.0,36.0,25.0,18.0
12-00172202,60707.0,36.0,25.0,18.0
12-00174545,60707.0,36.0,25.0,18.0
12-00159065,60707.0,36.0,25.0,18.0
12-00147394,60707.0,36.0,25.0,19.0
12-00147915,60707.0,36.0,25.0,18.0
12-00147923,60707.0,36.0,25.0,18.0
12-00144546,60707.0,36.0,25.0,18.0
12-00125797,60707.0,36.0,25.0,18.0
12-00048548,60707.0,36.0,25.0,19.0
12-00041861,60707.0,36.0,25.0,19.0
12-00041908,60707.0,36.0,25.0,19.0
12-00045659,60707.0,36.0,25.0,19.0
12-00046125,60707.0,36.0,25.0,18.0
12-00026809,60707.0,36.0,25.0,18.0
12-00026664,60707.0,36.0,25.0,18.0
12-00012405,60707.0,36.0,25.0,19.0
12-00014023,60707.0,36.0,25.0,18.0
12-00007659,60707.0,36.0,25.0,19.0
11-04313814,60707.0,36.0,25.0,18.0
11-04306418,60707.0,36.0,25.0,19.0
11-04299933,60707.0,36.0,25.0,18.0
11-04299931,60707.0,36.0,25.0,19.0
11-04299212,60707.0,36.0,25.0,19.0
11-04290156,60707.0,36.0,25.0,19.0
11-04285757,60707.0,36.0,25.0,25.0
11-04286872,60707.0,36.0,25.0,25.0
11-04277949,60707.0,36.0,25.0,25.0
11-04266947,60707.0,36.0,25.0,25.0
11-04259174,60707.0,36.0,25.0,18.0
11-04244845,60707.0,36.0,25.0,19.0
11-04225343,60707.0,36.0,25.0,25.0
11-04222696,60707.0,36.0,25.0,18.0
11-04216381,60707.0,36.0,25.0,18.0
11-04216302,60707.0,36.0,25.0,19.0
11-04207910,60707.0,36.0,25.0,18.0
11-04209400,60707.0,36.0,25.0,19.0
11-04212808,60707.0,36.0,25.0,25.0
11-04205929,60707.0,36.0,25.0,18.0
11-04204473,60707.0,36.0,25.0,18.0
11-04193615,60707.0,36.0,25.0,19.0
11-04193589,60707.0,36.0,25.0,18.0
11-04182774,60707.0,36.0,25.0,18.0
11-04176604,60707.0,36.0,25.0,18.0
11-04168344,60707.0,36.0,25.0,25.0
11-04156368,60707.0,36.0,25.0,18.0
11-04193473,60707.0,36.0,25.0,18.0
11-04194043,60707.0,36.0,25.0,18.0
11-04146966,60707.0,36.0,25.0,18.0
11-04146119,60707.0,36.0,25.0,18.0
11-04146965,60707.0,36.0,25.0,18.0
11-04134239,60707.0,36.0,25.0,19.0
11-04136496,60707.0,36.0,25.0,19.0
11-04134852,60707.0,36.0,25.0,18.0
11-04134844,60707.0,36.0,25.0,18.0
11-04134837,60707.0,36.0,25.0,18.0
11-04134831,60707.0,36.0,25.0,18.0
11-04135008,60707.0,36.0,25.0,18.0
11-04135004,60707.0,36.0,25.0,18.0
11-04134995,60707.0,36.0,25.0,18.0
11-04108200,60707.0,36.0,25.0,18.0
11-04106249,60707.0,36.0,25.0,18.0
11-04106247,60707.0,36.0,25.0,18.0
11-04106256,60707.0,36.0,25.0,18.0
11-04102351,60707.0,36.0,25.0,18.0
11-04092104,60707.0,36.0,25.0,18.0
11-04056889,60707.0,36.0,25.0,18.0
11-04056869,60707.0,36.0,25.0,19.0
11-04056900,60707.0,36.0,25.0,19.0
11-04054485,60707.0,36.0,25.0,19.0
11-04039059,60707.0,36.0,25.0,18.0
11-04039040,60707.0,36.0,25.0,18.0
11-04039153,60707.0,36.0,25.0,18.0
11-04032854,60707.0,36.0,25.0,18.0
11-04008479,60707.0,36.0,25.0,18.0
11-04006612,60707.0,36.0,25.0,18.0
11-04002884,60707.0,36.0,25.0,19.0
11-03993301,60707.0,36.0,25.0,18.0
11-03993958,60707.0,36.0,25.0,18.0
11-03993988,60707.0,36.0,25.0,18.0
11-03993974,60707.0,36.0,25.0,18.0
11-03994195,60707.0,36.0,25.0,18.0
11-03962006,60707.0,36.0,25.0,18.0
11-03962294,60707.0,36.0,25.0,19.0
11-03962593,60707.0,36.0,25.0,18.0
11-03959465,60707.0,36.0,25.0,18.0
11-03959831,60707.0,36.0,25.0,18.0
11-03949431,60707.0,36.0,25.0,18.0
11-03928104,60707.0,36.0,25.0,19.0
11-03928099,60707.0,36.0,25.0,18.0
11-03910438,60707.0,36.0,25.0,19.0
11-03896044,60707.0,36.0,25.0,19.0
11-03890951,60707.0,36.0,25.0,18.0
11-03884659,60707.0,36.0,25.0,19.0
11-03885336,60707.0,36.0,25.0,19.0
11-03883171,60707.0,36.0,25.0,18.0
11-03883300,60707.0,36.0,25.0,19.0
11-03877097,60707.0,36.0,25.0,19.0
11-03870515,60707.0,36.0,25.0,19.0
11-03862691,60707.0,36.0,25.0,18.0
11-03858858,60707.0,36.0,25.0,18.0
11-03846916,60707.0,36.0,25.0,18.0
11-03848712,60707.0,36.0,25.0,18.0
11-03822780,60707.0,36.0,25.0,19.0
11-03822816,60707.0,36.0,25.0,19.0
11-03822107,60707.0,36.0,25.0,19.0
11-03815693,60707.0,36.0,25.0,25.0
11-03806551,60707.0,36.0,25.0,19.0
11-03767809,60707.0,36.0,25.0,19.0
11-03767753,60707.0,36.0,25.0,18.0
11-03712877,60707.0,36.0,25.0,18.0
11-03681730,60707.0,36.0,25.0,25.0
11-03635837,60707.0,36.0,25.0,18.0
11-03635707,60707.0,36.0,25.0,18.0
11-03635598,60707.0,36.0,25.0,18.0
11-03637494,60707.0,36.0,25.0,18.0
11-03642229,60707.0,36.0,25.0,19.0
11-03612681,60707.0,36.0,25.0,18.0
11-03612615,60707.0,36.0,25.0,18.0
11-03612598,60707.0,36.0,25.0,19.0
11-03607461,60707.0,36.0,25.0,18.0
11-03565856,60707.0,36.0,25.0,18.0
11-03554978,60707.0,36.0,25.0,19.0
11-03554975,60707.0,36.0,25.0,19.0
11-03547466,60707.0,36.0,25.0,19.0
11-03543844,60707.0,36.0,25.0,18.0
11-03544071,60707.0,36.0,25.0,18.0
11-03537712,60707.0,36.0,25.0,18.0
11-03534919,60707.0,36.0,25.0,19.0
11-03534926,60707.0,36.0,25.0,19.0
11-03532816,60707.0,36.0,25.0,25.0
11-03512757,60707.0,36.0,25.0,19.0
11-03511921,60707.0,36.0,25.0,19.0
11-03511942,60707.0,36.0,25.0,19.0
11-03511956,60707.0,36.0,25.0,19.0
11-03512075,60707.0,36.0,25.0,19.0
11-03512461,60707.0,36.0,25.0,19.0
11-03512448,60707.0,36.0,25.0,19.0
11-03512768,60707.0,36.0,25.0,19.0
11-03512784,60707.0,36.0,25.0,19.0
11-03497741,60707.0,36.0,25.0,19.0
11-03494196,60707.0,36.0,25.0,19.0
11-03494191,60707.0,36.0,25.0,19.0
11-03462770,60707.0,36.0,25.0,18.0
11-03435759,60707.0,36.0,25.0,19.0
11-03393323,60707.0,36.0,25.0,19.0
11-03393311,60707.0,36.0,25.0,18.0
11-03390357,60707.0,36.0,25.0,25.0
11-03375362,60707.0,36.0,25.0,18.0
11-03375288,60707.0,36.0,25.0,18.0
11-03375257,60707.0,36.0,25.0,18.0
11-03375407,60707.0,36.0,25.0,18.0
11-03375387,60707.0,36.0,25.0,18.0
11-03375563,60707.0,36.0,25.0,18.0
11-03375601,60707.0,36.0,25.0,18.0
11-03375591,60707.0,36.0,25.0,18.0
11-03375575,60707.0,36.0,25.0,18.0
11-03357878,60707.0,36.0,25.0,18.0
11-03308156,60707.0,36.0,25.0,18.0
11-03299181,60707.0,36.0,25.0,25.0
11-03287301,60707.0,36.0,25.0,18.0
11-03308138,60707.0,36.0,25.0,18.0
11-03267398,60707.0,36.0,25.0,18.0
11-03267393,60707.0,36.0,25.0,18.0
11-03267380,60707.0,36.0,25.0,18.0
11-03267389,60707.0,36.0,25.0,18.0
11-03267404,60707.0,36.0,25.0,18.0
11-03268455,60707.0,36.0,25.0,18.0
11-03264607,60707.0,36.0,25.0,18.0
11-03263740,60707.0,36.0,25.0,18.0
11-03262633,60707.0,36.0,25.0,19.0
11-03246757,60707.0,36.0,25.0,18.0
11-03246759,60707.0,36.0,25.0,18.0
11-03222855,60707.0,36.0,25.0,18.0
11-03148953,60707.0,36.0,25.0,19.0
11-03072638,60707.0,36.0,25.0,18.0
11-02991063,60707.0,36.0,25.0,18.0
11-02973910,60707.0,36.0,25.0,19.0
11-02956869,60707.0,36.0,25.0,18.0
11-02787475,60707.0,36.0,25.0,18.0
11-02787474,60707.0,36.0,25.0,18.0
11-02743539,60707.0,36.0,25.0,25.0
11-02613924,60707.0,36.0,25.0,19.0
11-02616414,60707.0,36.0,25.0,19.0
11-02616474,60707.0,36.0,25.0,19.0
11-02619309,60707.0,36.0,25.0,18.0
11-02619287,60707.0,36.0,25.0,18.0
11-02567438,60707.0,36.0,25.0,19.0
11-02567463,60707.0,36.0,25.0,19.0
11-02590256,60707.0,36.0,25.0,18.0
11-02583219,60707.0,36.0,25.0,18.0
11-02454628,60707.0,36.0,25.0,18.0
11-02450429,60707.0,36.0,25.0,18.0
11-02450407,60707.0,36.0,25.0,18.0
11-02450380,60707.0,36.0,25.0,18.0
11-02450456,60707.0,36.0,25.0,18.0
11-02413701,60707.0,36.0,25.0,18.0
11-02413206,60707.0,36.0,25.0,18.0
11-02418267,60707.0,36.0,25.0,18.0
11-02426570,60707.0,36.0,25.0,18.0
11-02446499,60707.0,36.0,25.0,19.0
11-02446409,60707.0,36.0,25.0,19.0
11-02198814,60707.0,36.0,25.0,18.0
11-02173103,60707.0,36.0,25.0,18.0
11-02173068,60707.0,36.0,25.0,18.0
11-02119273,60707.0,36.0,25.0,18.0
11-02120384,60707.0,36.0,25.0,18.0
11-02120425,60707.0,36.0,25.0,18.0
11-02056562,60707.0,36.0,25.0,19.0
11-02055551,60707.0,36.0,25.0,18.0
11-01913839,60707.0,36.0,25.0,25.0
11-01916877,60707.0,36.0,25.0,19.0
11-01842656,60707.0,36.0,25.0,18.0
11-01835738,60707.0,36.0,25.0,18.0
11-01835413,60707.0,36.0,25.0,18.0
11-01842658,60707.0,36.0,25.0,18.0
11-01819819,60707.0,36.0,25.0,19.0
11-01802984,60707.0,36.0,25.0,18.0
11-01798484,60707.0,36.0,25.0,18.0
11-01819818,60707.0,36.0,25.0,19.0
11-01807097,60707.0,36.0,25.0,25.0
11-01809253,60707.0,36.0,25.0,18.0
11-01812339,60707.0,36.0,25.0,19.0
11-01802582,60707.0,36.0,25.0,18.0
11-03216336,60707.0,36.0,25.0,19.0
11-01764533,60707.0,36.0,25.0,19.0
11-01802465,60707.0,36.0,25.0,17.0
11-01700326,60707.0,36.0,25.0,19.0
11-01592671,60707.0,36.0,25.0,25.0
11-01554064,60707.0,36.0,25.0,19.0
11-01553902,60707.0,36.0,25.0,25.0
11-01559240,60707.0,36.0,25.0,25.0
11-01533931,60707.0,36.0,25.0,18.0
11-01464632,60707.0,36.0,25.0,18.0
11-01425845,60707.0,36.0,25.0,18.0
11-01426112,60707.0,36.0,25.0,18.0
11-01390303,60707.0,36.0,25.0,18.0
11-01395443,60707.0,36.0,25.0,18.0
11-01399918,60707.0,36.0,25.0,18.0
11-01400064,60707.0,36.0,25.0,18.0
11-01390291,60707.0,36.0,25.0,18.0
11-01392150,60707.0,36.0,25.0,18.0
11-01338024,60707.0,36.0,25.0,18.0
11-01343478,60707.0,36.0,25.0,18.0
11-01347690,60707.0,36.0,25.0,18.0
11-01309520,60707.0,36.0,25.0,18.0
11-01182576,60707.0,36.0,25.0,19.0
11-01130467,60707.0,36.0,25.0,18.0
11-01130400,60707.0,36.0,25.0,18.0
11-01009946,60707.0,36.0,25.0,18.0
11-00929178,60707.0,36.0,25.0,19.0
11-00924413,60707.0,36.0,25.0,19.0
11-00898515,60707.0,36.0,25.0,18.0
11-00898494,60707.0,36.0,25.0,18.0
11-00870862,60707.0,36.0,25.0,18.0
11-00873947,60707.0,36.0,25.0,18.0
11-00873946,60707.0,36.0,25.0,18.0
11-00873945,60707.0,36.0,25.0,18.0
11-00873942,60707.0,36.0,25.0,18.0
11-00880772,60707.0,36.0,25.0,18.0
11-00873937,60707.0,36.0,25.0,18.0
11-00877184,60707.0,36.0,25.0,18.0
11-00877124,60707.0,36.0,25.0,18.0
11-00878792,60707.0,36.0,25.0,18.0
11-00800519,60707.0,36.0,25.0,19.0
11-00810324,60707.0,36.0,25.0,19.0
11-00787711,60707.0,36.0,25.0,19.0
11-00661756,60707.0,36.0,25.0,18.0
11-00661755,60707.0,36.0,25.0,18.0
11-00661753,60707.0,36.0,25.0,18.0
11-00662210,60707.0,36.0,25.0,18.0
11-00661758,60707.0,36.0,25.0,18.0
11-00662189,60707.0,36.0,25.0,18.0
11-00639459,60707.0,36.0,25.0,25.0
11-00627226,60707.0,36.0,25.0,18.0
11-00597543,60707.0,36.0,25.0,18.0
11-00542981,60707.0,36.0,25.0,19.0
11-00542899,60707.0,36.0,25.0,19.0
11-00543014,60707.0,36.0,25.0,19.0
11-00543034,60707.0,36.0,25.0,19.0
11-00543145,60707.0,36.0,25.0,18.0
11-00543089,60707.0,36.0,25.0,19.0
11-00543312,60707.0,36.0,25.0,19.0
11-00543324,60707.0,36.0,25.0,19.0
11-00545847,60707.0,36.0,25.0,18.0
11-00545834,60707.0,36.0,25.0,18.0
11-00545775,60707.0,36.0,25.0,18.0
11-00545810,60707.0,36.0,25.0,18.0
11-00545859,60707.0,36.0,25.0,18.0
11-00545871,60707.0,36.0,25.0,18.0
11-00546985,60707.0,36.0,25.0,19.0
11-00553173,60707.0,36.0,25.0,18.0
11-00531577,60707.0,36.0,25.0,18.0
11-00513990,60707.0,36.0,25.0,18.0
11-00514664,60707.0,36.0,25.0,19.0
11-00514663,60707.0,36.0,25.0,19.0
11-00514659,60707.0,36.0,25.0,19.0
11-00511823,60707.0,36.0,25.0,18.0
11-00512077,60707.0,36.0,25.0,18.0
11-00511838,60707.0,36.0,25.0,18.0
11-00512636,60707.0,36.0,25.0,18.0
11-00514237,60707.0,36.0,25.0,18.0
11-00514221,60707.0,36.0,25.0,18.0
11-00514095,60707.0,36.0,25.0,18.0
11-00517016,60707.0,36.0,25.0,19.0
11-00495265,60707.0,36.0,25.0,18.0
11-00485086,60707.0,36.0,25.0,19.0
11-00472596,60707.0,36.0,25.0,18.0
11-00463507,60707.0,36.0,25.0,25.0
11-00458256,60707.0,36.0,25.0,18.0
11-00454250,60707.0,36.0,25.0,18.0
11-00454537,60707.0,36.0,25.0,19.0
11-00455646,60707.0,36.0,25.0,19.0
11-00447864,60707.0,36.0,25.0,18.0
11-00447658,60707.0,36.0,25.0,18.0
11-00448588,60707.0,36.0,25.0,18.0
11-00447211,60707.0,36.0,25.0,19.0
11-00444195,60707.0,36.0,25.0,25.0
11-00442595,60707.0,36.0,25.0,18.0
11-00443210,60707.0,36.0,25.0,18.0
11-00443258,60707.0,36.0,25.0,18.0
11-00443822,60707.0,36.0,25.0,18.0
11-00443965,60707.0,36.0,25.0,18.0
11-00443944,60707.0,36.0,25.0,18.0
11-00443909,60707.0,36.0,25.0,18.0
11-00439549,60707.0,36.0,25.0,18.0
11-00430963,60707.0,36.0,25.0,18.0
11-00419149,60707.0,36.0,25.0,25.0
11-00425429,60707.0,36.0,25.0,18.0
11-00423407,60707.0,36.0,25.0,18.0
11-00414916,60707.0,36.0,25.0,19.0
11-00411380,60707.0,36.0,25.0,18.0
11-00406518,60707.0,36.0,25.0,19.0
11-00407121,60707.0,36.0,25.0,19.0
11-00399575,60707.0,36.0,25.0,18.0
11-00399517,60707.0,36.0,25.0,18.0
11-00399700,60707.0,36.0,25.0,18.0
11-00399689,60707.0,36.0,25.0,18.0
11-00399582,60707.0,36.0,25.0,18.0
11-00392371,60707.0,36.0,25.0,18.0
11-00393125,60707.0,36.0,25.0,18.0
11-00392374,60707.0,36.0,25.0,18.0
11-00392508,60707.0,36.0,25.0,25.0
11-00385468,60707.0,36.0,25.0,25.0
11-00377677,60707.0,36.0,25.0,25.0
11-00377727,60707.0,36.0,25.0,25.0
11-00377549,60707.0,36.0,25.0,25.0
11-00377736,60707.0,36.0,25.0,25.0
11-00374781,60707.0,36.0,25.0,18.0
11-00373617,60707.0,36.0,25.0,25.0
11-00373452,60707.0,36.0,25.0,18.0
11-00371883,60707.0,36.0,25.0,18.0
11-00370906,60707.0,36.0,25.0,18.0
11-00370907,60707.0,36.0,25.0,18.0
11-00368691,60707.0,36.0,25.0,25.0
11-00368709,60707.0,36.0,25.0,25.0
11-00368719,60707.0,36.0,25.0,25.0
11-00356432,60707.0,36.0,25.0,25.0
11-00356417,60707.0,36.0,25.0,25.0
11-00351700,60707.0,36.0,25.0,18.0
11-00351677,60707.0,36.0,25.0,18.0
11-00351807,60707.0,36.0,25.0,18.0
11-00352082,60707.0,36.0,25.0,25.0
11-00349255,60707.0,36.0,25.0,18.0
11-00346142,60707.0,36.0,25.0,18.0
11-00341511,60707.0,36.0,25.0,18.0
11-00330316,60707.0,36.0,25.0,18.0
11-00330694,60707.0,36.0,25.0,18.0
11-00330020,60707.0,36.0,25.0,18.0
11-00323908,60707.0,36.0,25.0,18.0
11-00322907,60707.0,36.0,25.0,18.0
11-00323174,60707.0,36.0,25.0,18.0
11-00322937,60707.0,36.0,25.0,18.0
11-00323421,60707.0,36.0,25.0,18.0
11-00323242,60707.0,36.0,25.0,18.0
11-00323445,60707.0,36.0,25.0,18.0
11-00323511,60707.0,36.0,25.0,18.0
11-00323613,60707.0,36.0,25.0,18.0
11-00316861,60707.0,36.0,25.0,18.0
11-00312709,60707.0,36.0,25.0,25.0
11-00311035,60707.0,36.0,25.0,25.0
11-00311019,60707.0,36.0,25.0,25.0
11-00311042,60707.0,36.0,25.0,25.0
11-00311075,60707.0,36.0,25.0,25.0
11-00302098,60707.0,36.0,25.0,25.0
11-00301694,60707.0,36.0,25.0,18.0
11-00299267,60707.0,36.0,25.0,25.0
11-00297343,60707.0,36.0,25.0,18.0
11-00297355,60707.0,36.0,25.0,18.0
11-00297113,60707.0,36.0,25.0,18.0
11-00297105,60707.0,36.0,25.0,18.0
11-00297368,60707.0,36.0,25.0,18.0
11-00292224,60707.0,36.0,25.0,18.0
11-00288488,60707.0,36.0,25.0,25.0
11-00289664,60707.0,36.0,25.0,18.0
11-00282899,60707.0,36.0,25.0,19.0
11-00271686,60707.0,36.0,25.0,25.0
11-00263849,60707.0,36.0,25.0,25.0
11-00253887,60707.0,36.0,25.0,18.0
11-00254831,60707.0,36.0,25.0,25.0
11-00253909,60707.0,36.0,25.0,18.0
11-00242717,60707.0,36.0,25.0,18.0
11-00242726,60707.0,36.0,25.0,18.0
11-00243064,60707.0,36.0,25.0,25.0
11-00242724,60707.0,36.0,25.0,18.0
11-00240124,60707.0,36.0,25.0,25.0
11-00197360,60707.0,36.0,25.0,18.0
11-00204389,60707.0,36.0,25.0,25.0
11-00202034,60707.0,36.0,25.0,18.0
11-00184444,60707.0,36.0,25.0,25.0
11-00158450,60707.0,36.0,25.0,18.0
11-00160822,60707.0,36.0,25.0,19.0
11-00156365,60707.0,36.0,25.0,25.0
11-00150038,60707.0,36.0,25.0,25.0
11-00150203,60707.0,36.0,25.0,25.0
11-00145236,60707.0,36.0,25.0,25.0
11-00148007,60707.0,36.0,25.0,25.0
11-00148850,60707.0,36.0,25.0,25.0
11-00149984,60707.0,36.0,25.0,25.0
11-00149422,60707.0,36.0,25.0,25.0
11-00149960,60707.0,36.0,25.0,25.0
11-00149997,60707.0,36.0,25.0,25.0
11-00150057,60707.0,36.0,25.0,18.0
11-00144440,60707.0,36.0,25.0,18.0
11-00144305,60707.0,36.0,25.0,25.0
11-00144257,60707.0,36.0,25.0,25.0
11-00143438,60707.0,36.0,25.0,25.0
11-00143683,60707.0,36.0,25.0,18.0
11-00143685,60707.0,36.0,25.0,25.0
11-00140552,60707.0,36.0,25.0,25.0
11-00140566,60707.0,36.0,25.0,25.0
11-00140573,60707.0,36.0,25.0,25.0
11-00140579,60707.0,36.0,25.0,25.0
11-00141513,60707.0,36.0,25.0,18.0
11-00141525,60707.0,36.0,25.0,18.0
11-00141602,60707.0,36.0,25.0,18.0
11-00141631,60707.0,36.0,25.0,18.0
11-00131479,60707.0,36.0,25.0,18.0
11-00134495,60707.0,36.0,25.0,18.0
11-00134382,60707.0,36.0,25.0,18.0
11-00131492,60707.0,36.0,25.0,18.0
11-00130800,60707.0,36.0,25.0,19.0
11-00129620,60707.0,36.0,25.0,18.0
11-00124934,60707.0,36.0,25.0,18.0
11-00127945,60707.0,36.0,25.0,25.0
11-00128388,60707.0,36.0,25.0,18.0
11-00116425,60707.0,36.0,25.0,18.0
11-00123981,60707.0,36.0,25.0,18.0
11-00116412,60707.0,36.0,25.0,18.0
11-00117131,60707.0,36.0,25.0,18.0
11-00122989,60707.0,36.0,25.0,18.0
11-00123984,60707.0,36.0,25.0,18.0
11-00109386,60707.0,36.0,25.0,18.0
11-00113863,60707.0,36.0,25.0,18.0
11-00116305,60707.0,36.0,25.0,19.0
11-00110334,60707.0,36.0,25.0,18.0
11-00109364,60707.0,36.0,25.0,18.0
11-00106453,60707.0,36.0,25.0,25.0
11-00105582,60707.0,36.0,25.0,25.0
11-00104634,60707.0,36.0,25.0,18.0
11-00098969,60707.0,36.0,25.0,18.0
11-00094056,60707.0,36.0,25.0,19.0
11-00095547,60707.0,36.0,25.0,18.0
11-00095552,60707.0,36.0,25.0,18.0
11-00082562,60707.0,36.0,25.0,18.0
11-00087470,60707.0,36.0,25.0,18.0
11-00087455,60707.0,36.0,25.0,18.0
11-00082040,60707.0,36.0,25.0,25.0
11-00076252,60707.0,36.0,25.0,18.0
11-00076270,60707.0,36.0,25.0,18.0
11-00070389,60707.0,36.0,25.0,25.0
11-00069906,60707.0,36.0,25.0,25.0
11-00063814,60707.0,36.0,25.0,25.0
11-00063840,60707.0,36.0,25.0,25.0
11-00063879,60707.0,36.0,25.0,25.0
11-00056152,60707.0,36.0,25.0,25.0
11-00055713,60707.0,36.0,25.0,18.0
11-00056226,60707.0,36.0,25.0,18.0
11-00047789,60707.0,36.0,25.0,18.0
11-00043135,60707.0,36.0,25.0,25.0
11-00042513,60707.0,36.0,25.0,25.0
11-00042743,60707.0,36.0,25.0,25.0
11-00044791,60707.0,36.0,25.0,25.0
11-00041184,60707.0,36.0,25.0,25.0
11-00043747,60707.0,36.0,25.0,25.0
11-00043752,60707.0,36.0,25.0,25.0
11-00046726,60707.0,36.0,25.0,25.0
11-00046896,60707.0,36.0,25.0,25.0
11-00046679,60707.0,36.0,25.0,25.0
11-00039266,60707.0,36.0,25.0,18.0
11-00034055,60707.0,36.0,25.0,18.0
11-00034302,60707.0,36.0,25.0,19.0
11-00037180,60707.0,36.0,25.0,25.0
11-00037876,60707.0,36.0,25.0,25.0
11-00038062,60707.0,36.0,25.0,25.0
11-00038137,60707.0,36.0,25.0,25.0
11-00010508,60707.0,36.0,25.0,18.0
11-00004123,60707.0,36.0,25.0,18.0
10-02071068,60707.0,36.0,25.0,18.0
10-02034049,60707.0,36.0,25.0,19.0
10-01728279,60707.0,36.0,25.0,18.0
10-00009338,60707.0,36.0,25.0,19.0
