15-04188896,60827.0,9.0,5.0,54.0
15-03367395,60827.0,9.0,5.0,54.0
15-03325270,60827.0,9.0,5.0,54.0
15-02919081,60827.0,9.0,5.0,54.0
15-02828362,60827.0,9.0,5.0,54.0
15-02828254,60827.0,9.0,5.0,54.0
15-02828174,60827.0,9.0,5.0,54.0
15-02826903,60827.0,9.0,5.0,54.0
15-02828136,60827.0,9.0,5.0,54.0
15-02827282,60827.0,9.0,5.0,54.0
15-02828075,60827.0,9.0,5.0,54.0
15-02827663,60827.0,9.0,5.0,54.0
15-02827589,60827.0,9.0,5.0,54.0
15-02828831,60827.0,9.0,5.0,54.0
15-02828216,60827.0,9.0,5.0,54.0
15-00561351,60827.0,9.0,5.0,54.0
14-01939016,60827.0,9.0,5.0,54.0
14-01668993,60827.0,9.0,5.0,54.0
14-01631349,60827.0,9.0,5.0,54.0
14-01447865,60827.0,9.0,5.0,54.0
14-00682026,60827.0,9.0,5.0,54.0
14-00682019,60827.0,9.0,5.0,54.0
14-00682038,60827.0,9.0,5.0,54.0
13-01837489,60827.0,9.0,5.0,54.0
13-01460291,60827.0,9.0,5.0,54.0
13-01428894,60827.0,9.0,5.0,54.0
13-01428914,60827.0,9.0,5.0,54.0
13-00763735,60827.0,9.0,5.0,54.0
11-03945472,60827.0,9.0,5.0,54.0
11-03843111,60827.0,9.0,5.0,54.0
11-03789268,60827.0,9.0,5.0,54.0
11-03759220,60827.0,9.0,5.0,54.0
11-03747429,60827.0,9.0,5.0,54.0
11-03683512,60827.0,9.0,5.0,54.0
11-01247273,60827.0,9.0,5.0,54.0
11-01013364,60827.0,9.0,5.0,54.0
11-01013383,60827.0,9.0,5.0,54.0
11-01013373,60827.0,9.0,5.0,54.0
11-01013390,60827.0,9.0,5.0,54.0
11-01013354,60827.0,9.0,5.0,54.0
